0.01,-0.742,0.0,0.754,0.003,0.0,0.002
0.02,-0.742,0.0,0.755,0.003,0.0,0.002
0.03,-0.742,0.0,0.755,0.003,0.0,0.001
0.04,-0.742,-0.0,0.755,0.002,-0.2,0.001
0.05,-0.742,-0.004,0.755,0.002,-0.475,0.001
0.06,-0.742,-0.011,0.755,0.001,-0.716,0.0
0.07,-0.742,-0.021,0.755,0.001,-0.926,-0.0
0.08,-0.742,-0.033,0.755,0.02,-1.111,-0.001
0.09,-0.741,-0.048,0.755,0.086,-1.272,-0.001
0.1,-0.74,-0.064,0.755,0.146,-1.413,-0.002
0.11,-0.738,-0.083,0.755,0.326,-1.538,-0.003
0.12,-0.732,-0.102,0.755,0.555,-1.647,-0.005
0.13,-0.724,-0.123,0.755,0.785,-1.742,-0.008
0.14,-0.714,-0.145,0.755,0.987,-1.826,-0.01
0.15,-0.7,-0.168,0.755,1.163,-1.869,-0.012
0.16,-0.685,-0.191,0.755,1.317,-1.877,-0.014
0.17,-0.668,-0.215,0.755,1.451,-1.853,-0.014
0.18,-0.649,-0.237,0.755,1.568,-1.744,-0.015
0.19,-0.629,-0.258,0.755,1.671,-1.587,-0.016
0.2,-0.608,-0.277,0.755,1.762,-1.399,-0.017
0.21,-0.585,-0.294,0.755,1.841,-1.225,-0.018
0.22,-0.562,-0.308,0.754,1.909,-1.072,-0.019
0.23,-0.538,-0.321,0.754,1.97,-0.939,-0.019
0.24,-0.513,-0.332,0.754,2.022,-0.832,-0.019
0.25,-0.487,-0.342,0.754,2.068,-0.759,-0.019
0.26,-0.461,-0.351,0.754,2.107,-0.734,-0.017
0.27,-0.434,-0.36,0.754,2.142,-0.733,-0.015
0.28,-0.408,-0.369,0.754,2.172,-0.782,-0.012
0.29,-0.381,-0.379,0.754,2.008,-0.746,-0.007
0.3,-0.356,-0.388,0.754,1.757,-0.654,-0.002
0.31,-0.335,-0.396,0.754,1.536,-0.573,-0.02
0.32,-0.317,-0.402,0.753,1.342,-0.501,-0.313
0.33,-0.301,-0.408,0.748,1.173,-0.439,-0.574
0.34,-0.286,-0.415,0.741,1.148,-0.676,-0.505
0.35000000000000003,-0.272,-0.424,0.735,1.116,-0.893,-0.442
0.36,-0.258,-0.436,0.73,1.048,-1.083,-0.388
0.37,-0.245,-0.45,0.725,0.947,-1.248,-0.343
0.38,-0.234,-0.466,0.721,0.828,-1.392,-0.306
0.39,-0.224,-0.483,0.717,0.676,-1.261,-0.289
0.4,-0.216,-0.498,0.714,0.59,-1.104,-0.263
0.41000000000000003,-0.209,-0.511,0.711,0.515,-0.966,-0.339
0.42,-0.203,-0.523,0.705,0.45,-0.846,-0.594
0.43,-0.197,-0.533,0.697,0.393,-0.74,-0.818
0.44,-0.193,-0.542,0.686,0.343,-0.649,-1.014
0.45,-0.188,-0.55,0.673,0.203,-0.599,-0.988
0.46,-0.187,-0.558,0.661,-0.017,-0.671,-0.867
0.47000000000000003,-0.187,-0.566,0.651,-0.016,-0.587,-0.758
0.48,-0.187,-0.573,0.642,-0.014,-0.514,-0.693
0.49,-0.188,-0.579,0.632,-0.012,-0.451,-0.863
0.5,-0.188,-0.584,0.621,-0.011,-0.395,-1.054
0.51,-0.188,-0.589,0.607,-0.009,-0.346,-1.221
0.52,-0.188,-0.593,0.591,-0.009,-0.304,-1.268
0.53,-0.188,-0.597,0.576,-0.008,-0.266,-1.11
0.54,-0.188,-0.6,0.563,-0.008,-0.233,-0.971
0.55,-0.188,-0.602,0.551,-0.007,-0.204,-0.85
0.56,-0.188,-0.605,0.541,-0.007,-0.179,-0.744
0.5700000000000001,-0.188,-0.607,0.532,-0.006,-0.157,-0.651
0.58,-0.188,-0.609,0.524,-0.006,-0.137,-0.569
0.59,-0.188,-0.61,0.517,-0.005,-0.12,-0.498
0.6,-0.188,-0.612,0.511,-0.005,-0.105,-0.436
0.61,-0.189,-0.613,0.506,-0.004,-0.092,-0.381
0.62,-0.189,-0.614,0.502,-0.004,-0.081,-0.333
0.63,-0.189,-0.615,0.498,-0.003,-0.071,-0.302
0.64,-0.189,-0.616,0.494,-0.003,-0.062,-0.274
0.65,-0.189,-0.617,0.491,-0.002,-0.054,-0.25
0.66,-0.189,-0.617,0.487,-0.002,-0.047,-0.248
0.67,-0.189,-0.618,0.484,-0.002,-0.041,-0.247
0.68,-0.189,-0.619,0.481,-0.002,-0.036,-0.236
0.6900000000000001,-0.189,-0.619,0.478,-0.002,-0.032,-0.217
0.7000000000000001,-0.189,-0.619,0.475,-0.001,-0.028,-0.4
0.71,-0.189,-0.62,0.471,-0.001,-0.024,-0.354
0.72,-0.189,-0.62,0.466,-0.001,-0.021,-0.35
0.73,-0.189,-0.62,0.462,-0.0,-0.019,-0.475
0.74,-0.189,-0.62,0.455,-0.0,-0.017,-0.716
0.75,-0.189,-0.621,0.445,0.0,-0.015,-0.926
0.76,-0.189,-0.621,0.434,-0.001,-0.013,-0.815
0.77,-0.189,-0.621,0.424,-0.001,-0.012,-0.723
0.78,-0.189,-0.621,0.415,-0.001,-0.01,-0.663
0.79,-0.189,-0.621,0.407,-0.001,-0.009,-0.63
0.8,-0.189,-0.621,0.399,-0.001,-0.008,-0.621
0.81,-0.189,-0.621,0.392,-0.001,-0.007,-0.555
0.8200000000000001,-0.189,-0.621,0.385,-0.0,-0.006,-0.695
0.8300000000000001,-0.189,-0.621,0.375,-0.0,-0.006,-0.789
0.84,-0.189,-0.621,0.366,-0.001,-0.005,-0.69
0.85,-0.189,-0.622,0.357,-0.001,-0.005,-0.624
0.86,-0.189,-0.622,0.35,-0.001,-0.004,-0.636
0.87,-0.189,-0.622,0.341,0.0,-0.004,-0.835
0.88,-0.189,-0.622,0.33,-0.0,-0.003,-0.831
0.89,-0.189,-0.622,0.32,-0.001,-0.003,-0.727
0.9,-0.189,-0.622,0.311,-0.001,-0.003,-0.636
0.91,-0.189,-0.622,0.304,-0.001,-0.003,-0.557
0.92,-0.189,-0.622,0.297,-0.001,-0.002,-0.487
0.93,-0.189,-0.622,0.291,-0.001,-0.002,-0.426
0.9400000000000001,-0.189,-0.623,0.286,-0.0,-0.296,-0.374
0.9500000000000001,-0.189,-0.628,0.282,0.001,-0.497,-0.33
0.96,-0.189,-0.634,0.278,0.0,-0.438,-0.288
0.97,-0.189,-0.639,0.275,0.001,-0.512,-0.253
0.98,-0.189,-0.647,0.272,0.011,-0.647,-0.223
0.99,-0.189,-0.654,0.269,0.01,-0.586,-0.195
1.0,-0.189,-0.663,0.267,0.01,-0.767,-0.173
1.01,-0.188,-0.672,0.265,0.009,-0.675,-0.151
1.02,-0.188,-0.68,0.263,0.008,-0.729,-0.133
1.03,-0.188,-0.689,0.261,0.007,-0.643,-0.116
1.04,-0.188,-0.697,0.26,0.006,-0.563,-0.101
1.05,-0.188,-0.704,0.259,-0.075,-0.493,-0.088
1.06,-0.19,-0.709,0.258,-0.155,-0.432,-0.077
1.07,-0.192,-0.715,0.257,-0.165,-0.378,-0.067
1.08,-0.195,-0.719,0.256,-0.432,-0.341,-0.059
1.09,-0.2,-0.723,0.255,-0.383,-0.299,-0.052
1.1,-0.205,-0.727,0.255,-0.335,-0.262,-0.045
1.11,-0.209,-0.73,0.254,-0.293,-0.229,-0.039
1.12,-0.212,-0.733,0.254,-0.256,-0.201,-0.034
1.1300000000000001,-0.215,-0.735,0.253,-0.224,-0.176,-0.03
1.1400000000000001,-0.217,-0.737,0.253,0.099,-0.154,-0.026
1.1500000000000001,-0.214,-0.739,0.253,0.387,-0.135,-0.023
1.16,-0.208,-0.741,0.253,0.639,-0.118,-0.02
1.17,-0.2,-0.742,0.252,0.859,-0.104,-0.018
1.18,-0.188,-0.743,0.252,1.051,-0.091,-0.017
1.19,-0.174,-0.744,0.252,1.22,-0.021,-0.016
1.2,-0.158,-0.744,0.252,1.367,0.081,-0.015
1.21,-0.141,-0.742,0.252,1.496,0.229,-0.015
1.22,-0.121,-0.739,0.252,1.61,0.409,-0.015
1.23,-0.101,-0.733,0.251,1.709,0.547,-0.016
1.24,-0.079,-0.725,0.251,1.795,0.598,-0.015
1.25,-0.056,-0.718,0.251,1.871,0.612,-0.015
1.26,-0.033,-0.71,0.251,1.937,0.623,-0.014
1.27,-0.008,-0.702,0.251,1.995,0.633,-0.014
1.28,0.017,-0.694,0.251,2.046,0.642,-0.013
1.29,0.042,-0.686,0.251,2.09,0.65,-0.013
1.3,0.069,-0.677,0.251,2.129,0.657,-0.013
1.31,0.095,-0.669,0.251,2.163,0.664,-0.013
1.32,0.122,-0.66,0.251,2.193,0.67,-0.013
1.33,0.15,-0.652,0.251,2.219,0.695,-0.013
1.34,0.178,-0.642,0.251,2.242,0.767,-0.013
1.35,0.206,-0.632,0.251,2.262,0.849,-0.014
1.36,0.234,-0.621,0.251,2.28,0.922,-0.014
1.37,0.263,-0.609,0.251,2.295,1.016,-0.015
1.3800000000000001,0.291,-0.596,0.251,2.299,1.167,-0.015
1.3900000000000001,0.32,-0.58,0.251,2.282,1.318,-0.016
1.4000000000000001,0.348,-0.563,0.251,2.267,1.452,-0.016
1.41,0.376,-0.544,0.251,2.185,1.568,-0.016
1.42,0.403,-0.524,0.251,1.954,1.471,-0.014
1.43,0.426,-0.507,0.251,1.711,1.287,-0.012
1.44,0.446,-0.491,0.251,1.538,1.224,-0.011
1.45,0.465,-0.475,0.251,1.496,1.359,-0.01
1.46,0.484,-0.458,0.251,1.4,1.398,-0.01
1.47,0.501,-0.44,0.251,1.286,1.431,-0.009
1.48,0.516,-0.423,0.251,1.168,1.257,-0.008
1.49,0.531,-0.408,0.251,1.199,1.102,-0.008
1.5,0.545,-0.395,0.251,1.05,0.963,-0.007
1.51,0.558,-0.383,0.251,1.038,0.883,-0.007
1.52,0.571,-0.372,0.251,1.009,0.823,-0.006
1.53,0.583,-0.362,0.251,0.883,0.719,-0.005
1.54,0.594,-0.354,0.251,0.773,0.628,-0.004
1.55,0.603,-0.346,0.25,0.676,0.55,-0.213
1.56,0.611,-0.34,0.246,0.591,0.482,-0.488
1.57,0.618,-0.334,0.239,0.517,0.423,-0.728
1.58,0.624,-0.329,0.229,0.452,0.371,-0.938
1.59,0.63,-0.324,0.217,0.394,0.326,-1.121
1.6,0.635,-0.321,0.203,0.345,0.285,-1.062
1.61,0.64,-0.317,0.19,0.594,0.253,-0.932
1.62,0.647,-0.314,0.179,0.525,0.22,-0.814
1.6300000000000001,0.654,-0.312,0.169,0.559,0.193,-0.712
1.6400000000000001,0.662,-0.309,0.161,0.687,0.171,-0.624
1.6500000000000001,0.67,-0.307,0.153,0.602,0.149,-0.545
1.6600000000000001,0.677,-0.306,0.147,0.527,0.129,-0.476
1.67,0.683,-0.304,0.141,0.462,0.112,-0.416
1.68,0.689,-0.303,0.136,0.582,0.1,-0.365
1.69,0.697,-0.302,0.132,0.513,0.087,-0.319
1.7,0.703,-0.301,0.128,0.449,0.075,-0.278
1.71,0.708,-0.3,0.125,0.512,0.067,-0.244
1.72,0.715,-0.299,0.122,0.509,0.059,-0.213
1.73,0.721,-0.299,0.119,0.446,0.051,-0.186
1.74,0.726,-0.298,0.117,0.391,0.044,-0.163
1.75,0.731,-0.297,0.115,0.343,0.038,-0.142
1.76,0.735,-0.297,0.114,0.3,0.033,-0.125
1.77,0.739,-0.297,0.112,0.263,0.029,-0.109
1.78,0.742,-0.296,0.111,0.23,0.025,-0.095
1.79,0.745,-0.296,0.11,0.202,0.022,-0.103
1.8,0.747,-0.296,0.108,0.176,0.019,-0.12
1.81,0.749,-0.296,0.107,0.105,0.016,-0.115
1.82,0.749,-0.295,0.105,-0.204,0.173,-0.101
1.83,0.745,-0.292,0.104,-0.46,0.454,-0.09
1.84,0.739,-0.285,0.103,-0.604,0.701,-0.08
1.85,0.731,-0.275,0.102,-0.659,0.915,-0.071
1.86,0.723,-0.263,0.101,-0.655,1.001,-0.063
1.87,0.715,-0.251,0.101,-0.572,0.875,-0.055
1.8800000000000001,0.708,-0.241,0.1,-0.5,0.854,-0.048
1.8900000000000001,0.702,-0.23,0.1,-0.436,0.987,-0.043
1.9000000000000001,0.697,-0.217,0.099,-0.38,1.163,-0.038
1.9100000000000001,0.692,-0.201,0.099,-0.331,1.317,-0.035
1.92,0.688,-0.186,0.098,-0.289,1.156,-0.03
1.93,0.684,-0.172,0.098,-0.253,1.012,-0.026
1.94,0.681,-0.16,0.098,-0.221,0.935,-0.023
1.95,0.679,-0.148,0.098,-0.192,1.038,-0.021
1.96,0.676,-0.134,0.097,-0.168,1.108,-0.019
1.97,0.681,-0.118,0.151,0.688,1.383,6.196
1.98,0.688,-0.102,0.226,0.638,1.176,5.443
1.99,0.695,-0.089,0.292,0.577,1.006,4.778
2.0,0.701,-0.077,0.349,0.514,0.864,4.19
2.0100000000000002,0.706,-0.067,0.399,0.455,0.744,3.671
2.02,0.711,-0.059,0.443,0.402,0.643,3.213
2.0300000000000002,0.716,-0.051,0.482,0.354,0.556,2.811
2.04,0.72,-0.045,0.515,0.311,0.483,2.458
2.05,0.723,-0.039,0.545,0.274,0.419,2.15
2.06,0.726,-0.034,0.57,0.241,0.365,1.879
2.07,0.729,-0.03,0.593,0.212,0.318,1.643
2.08,0.732,-0.026,0.612,0.187,0.277,1.437
2.09,0.734,-0.023,0.63,0.164,0.242,1.257
2.1,0.736,-0.02,0.645,0.145,0.211,1.099
2.11,0.738,-0.017,0.658,0.127,0.185,0.961
