0.01,-0.746,-0.008,0.748,0.002,-0.003,-0.001
0.02,-0.746,-0.008,0.748,0.161,-0.006,-0.002
0.03,-0.743,-0.008,0.748,0.441,-0.012,-0.002
0.04,-0.736,-0.008,0.748,0.686,-0.018,-0.002
0.05,-0.727,-0.009,0.747,0.902,-0.048,-0.0
0.06,-0.715,-0.009,0.747,1.091,-0.098,0.004
0.07,-0.7,-0.011,0.747,1.256,-0.166,0.007
0.08,-0.684,-0.013,0.747,1.399,-0.247,0.01
0.09,-0.666,-0.017,0.747,1.523,-0.347,0.013
0.1,-0.647,-0.021,0.747,1.632,-0.454,0.016
0.11,-0.626,-0.027,0.747,1.727,-0.575,0.02
0.12,-0.604,-0.035,0.747,1.81,-0.681,0.023
0.13,-0.581,-0.044,0.746,1.882,-0.793,0.026
0.14,-0.557,-0.054,0.746,1.946,-0.871,0.028
0.15,-0.532,-0.065,0.746,2.001,-0.938,0.03
0.16,-0.507,-0.077,0.746,2.049,-1.0,0.031
0.17,-0.481,-0.089,0.746,2.091,-1.034,0.031
0.18,-0.455,-0.102,0.746,2.127,-1.054,0.032
0.19,-0.428,-0.116,0.746,2.159,-1.051,0.031
0.2,-0.401,-0.129,0.746,2.188,-1.039,0.031
0.21,-0.373,-0.141,0.746,2.213,-1.028,0.031
0.22,-0.345,-0.154,0.746,2.235,-1.018,0.031
0.23,-0.317,-0.167,0.746,2.254,-1.009,0.03
0.24,-0.289,-0.179,0.746,2.272,-1.001,0.03
0.25,-0.26,-0.192,0.746,2.288,-0.994,0.029
0.26,-0.231,-0.204,0.746,2.302,-0.987,0.029
0.27,-0.202,-0.216,0.746,2.315,-0.981,0.028
0.28,-0.173,-0.229,0.746,2.327,-0.975,0.027
0.29,-0.144,-0.241,0.746,2.338,-0.969,0.026
0.3,-0.115,-0.253,0.746,2.347,-0.964,0.025
0.31,-0.085,-0.265,0.746,2.356,-0.959,0.024
0.32,-0.056,-0.277,0.746,2.363,-0.954,0.022
0.33,-0.026,-0.29,0.746,2.369,-0.949,0.02
0.34,0.003,-0.302,0.746,2.374,-0.944,0.018
0.35000000000000003,0.033,-0.314,0.746,2.377,-0.93,0.017
0.36,0.063,-0.326,0.746,2.38,-0.888,0.015
0.37,0.092,-0.337,0.746,2.381,-0.831,0.014
0.38,0.122,-0.347,0.746,2.382,-0.743,0.013
0.39,0.152,-0.356,0.746,2.383,-0.646,0.012
0.4,0.182,-0.365,0.747,2.384,-0.56,0.01
0.41000000000000003,0.211,-0.372,0.747,2.386,-0.486,0.007
0.42,0.241,-0.378,0.747,2.389,-0.421,0.002
0.43,0.271,-0.383,0.747,2.393,-0.365,-0.005
0.44,0.3,-0.388,0.747,2.101,-0.33,-0.01
0.45,0.325,-0.392,0.747,1.84,-0.297,-0.022
0.46,0.347,-0.396,0.747,1.61,-0.266,-0.091
0.47000000000000003,0.366,-0.399,0.745,1.41,-0.238,-0.376
0.48,0.383,-0.402,0.739,1.234,-0.212,-0.628
0.49,0.397,-0.405,0.73,1.08,-0.188,-0.847
0.5,0.41,-0.407,0.719,0.946,-0.166,-1.04
0.51,0.422,-0.409,0.705,0.868,-0.245,-1.11
0.52,0.433,-0.413,0.691,0.859,-0.314,-1.173
0.53,0.443,-0.417,0.676,0.792,-0.275,-1.226
0.54,0.452,-0.42,0.661,0.693,-0.243,-1.072
0.55,0.461,-0.423,0.648,0.606,-0.213,-1.086
0.56,0.468,-0.426,0.634,0.531,-0.187,-1.249
0.5700000000000001,0.474,-0.429,0.619,0.554,-0.359,-1.1
0.58,0.481,-0.434,0.606,0.484,-0.316,-0.961
0.59,0.487,-0.437,0.595,0.423,-0.277,-0.84
0.6,0.492,-0.441,0.584,0.37,-0.244,-0.735
0.61,0.496,-0.444,0.576,0.323,-0.214,-0.642
0.62,0.501,-0.446,0.568,0.389,-0.157,-0.562
0.63,0.507,-0.447,0.561,0.636,0.023,-0.494
0.64,0.516,-0.447,0.555,0.857,0.124,-0.435
0.65,0.527,-0.445,0.55,0.929,0.15,-0.383
0.66,0.538,-0.443,0.546,0.972,0.133,-0.337
0.67,0.551,-0.442,0.542,0.95,0.098,-0.405
0.68,0.562,-0.441,0.536,0.832,0.085,-0.653
0.6900000000000001,0.572,-0.44,0.527,0.729,0.074,-0.871
0.7000000000000001,0.581,-0.439,0.515,0.639,0.065,-1.061
0.71,0.589,-0.438,0.502,0.795,0.04,-0.937
0.72,0.6,-0.438,0.491,0.915,0.038,-0.823
0.73,0.612,-0.437,0.481,0.959,0.035,-0.722
0.74,0.624,-0.437,0.473,0.929,0.031,-0.632
0.75,0.635,-0.437,0.465,0.823,0.025,-0.551
0.76,0.645,-0.437,0.459,0.681,0.02,-0.48
0.77,0.653,-0.436,0.453,0.567,0.016,-0.419
0.78,0.659,-0.437,0.448,0.496,-0.086,-0.366
0.79,0.665,-0.438,0.444,0.434,-0.076,-0.32
0.8,0.67,-0.439,0.44,0.38,-0.067,-0.279
0.81,0.675,-0.44,0.437,0.303,-0.179,-0.244
0.8200000000000001,0.678,-0.443,0.434,0.175,-0.457,-0.214
0.8300000000000001,0.68,-0.45,0.431,0.103,-0.7,-0.187
0.84,0.681,-0.459,0.429,0.09,-0.802,-0.164
0.85,0.682,-0.469,0.427,0.079,-0.702,-0.144
0.86,0.682,-0.478,0.425,-0.225,-0.685,-0.124
0.87,0.678,-0.486,0.424,-0.397,-0.68,-0.208
0.88,0.673,-0.494,0.42,-0.347,-0.594,-0.482
0.89,0.669,-0.502,0.413,-0.303,-0.52,-0.622
0.9,0.665,-0.508,0.405,-0.195,-0.555,-0.683
0.91,0.664,-0.514,0.397,-0.072,-0.489,-0.599
0.92,0.663,-0.52,0.389,-0.063,-0.428,-0.523
0.93,0.662,-0.525,0.383,0.104,-0.343,-0.459
0.9400000000000001,0.665,-0.529,0.378,0.388,-0.216,-0.404
0.9500000000000001,0.671,-0.532,0.373,0.439,-0.177,-0.354
0.96,0.676,-0.534,0.369,0.385,-0.156,-0.319
0.97,0.68,-0.536,0.364,0.337,-0.136,-0.575
0.98,0.684,-0.537,0.356,0.295,-0.119,-0.803
0.99,0.688,-0.539,0.345,0.258,-0.103,-1.003
1.0,0.691,-0.54,0.333,0.226,-0.091,-0.882
1.01,0.694,-0.541,0.322,0.198,-0.08,-0.771
1.02,0.696,-0.542,0.313,0.173,-0.071,-0.674
1.03,0.698,-0.543,0.305,0.152,-0.063,-0.5
1.04,0.7,-0.544,0.3,0.134,-0.056,-0.257
1.05,0.702,-0.545,0.297,0.117,-0.049,-0.225
1.06,0.703,-0.545,0.295,0.103,-0.043,-0.017
1.07,0.704,-0.546,0.295,0.09,-0.038,0.085
1.08,0.705,-0.546,0.296,0.079,-0.033,0.075
1.09,0.706,-0.546,0.297,0.069,-0.029,0.065
1.1,0.707,-0.547,0.298,0.061,-0.026,0.057
1.11,0.708,-0.547,0.299,0.053,-0.012,0.05
1.12,0.709,-0.546,0.299,0.185,0.236,0.044
1.1300000000000001,0.712,-0.542,0.3,0.342,0.507,0.038
1.1400000000000001,0.717,-0.535,0.3,0.48,0.743,0.033
1.1500000000000001,0.723,-0.525,0.301,0.6,0.95,0.029
1.16,0.731,-0.512,0.301,0.586,0.932,0.045
1.17,0.738,-0.501,0.302,0.513,0.815,0.169
1.18,0.744,-0.492,0.305,0.449,0.713,0.446
1.19,0.749,-0.483,0.312,0.393,0.634,0.59
1.2,0.754,-0.475,0.319,0.295,0.555,0.517
1.21,0.757,-0.469,0.325,0.228,0.485,0.452
1.22,0.76,-0.463,0.331,0.19,0.425,0.396
1.23,0.762,-0.458,0.335,0.166,0.371,0.346
1.24,0.764,-0.453,0.34,0.145,0.325,0.303
1.25,0.766,-0.449,0.343,0.127,0.284,0.265
1.26,0.767,-0.446,0.346,0.111,0.249,0.232
1.27,0.769,-0.443,0.349,0.097,0.217,0.203
1.28,0.77,-0.441,0.352,0.085,0.19,0.178
1.29,0.771,-0.438,0.354,0.075,0.166,0.155
1.3,0.772,-0.436,0.356,0.065,0.146,0.136
1.31,0.773,-0.434,0.357,0.057,0.127,0.119
1.32,0.773,-0.433,0.359,0.179,0.202,0.104
1.33,0.777,-0.429,0.36,0.386,0.458,0.09
1.34,0.782,-0.423,0.361,0.409,0.7,0.079
1.35,0.786,-0.413,0.362,0.192,0.901,0.069
1.36,0.787,-0.401,0.363,-0.022,0.99,0.059
1.37,0.787,-0.388,0.363,-0.018,1.084,0.051
1.3800000000000001,0.787,-0.374,0.364,0.066,1.248,0.045
1.3900000000000001,0.788,-0.358,0.365,0.199,1.39,0.04
1.4000000000000001,0.791,-0.34,0.365,0.355,1.516,0.035
1.41,0.796,-0.321,0.365,0.371,1.427,-0.169
1.42,0.8,-0.304,0.362,0.325,1.249,-0.447
1.43,0.804,-0.289,0.355,0.284,1.093,-0.692
1.44,0.807,-0.276,0.346,0.249,0.958,-0.905
1.45,0.81,-0.264,0.333,0.218,0.839,-1.093
1.46,0.813,-0.255,0.32,0.249,0.635,-1.057
1.47,0.816,-0.247,0.307,0.413,0.517,-0.927
1.48,0.821,-0.241,0.296,0.366,0.451,-0.811
1.49,0.826,-0.237,0.286,0.321,0.099,-0.709
1.5,0.83,-0.237,0.278,0.281,-0.214,-0.621
1.51,0.833,-0.241,0.27,0.255,-0.287,-0.543
1.52,0.836,-0.244,0.264,0.224,-0.252,-0.475
1.53,0.839,-0.247,0.258,0.196,-0.22,-0.415
1.54,0.841,-0.25,0.253,0.172,-0.193,-0.363
1.55,0.843,-0.252,0.249,0.151,-0.169,-0.317
1.56,0.845,-0.254,0.245,0.133,-0.148,-0.278
1.57,0.847,-0.256,0.242,0.205,-0.099,-0.243
1.58,0.85,-0.256,0.239,0.47,0.138,-0.214
1.59,0.857,-0.253,0.236,0.623,0.426,-0.187
1.6,0.865,-0.247,0.234,0.67,0.675,-0.164
1.61,0.874,-0.238,0.232,0.672,0.892,-0.143
1.62,0.882,-0.226,0.23,0.599,0.881,-0.124
1.6300000000000001,0.889,-0.216,0.229,0.523,0.77,-0.108
1.6400000000000001,0.896,-0.207,0.228,-2.196,2.471,5.092
1.6500000000000001,0.875,-0.181,0.291,-1.467,2.011,4.688
1.6600000000000001,0.858,-0.158,0.348,-1.181,1.719,4.132
1.67,0.843,-0.138,0.398,-0.997,1.487,3.635
1.68,0.831,-0.12,0.441,-0.856,1.291,3.193
1.69,0.821,-0.105,0.48,-0.741,1.123,2.802
1.7,0.812,-0.092,0.513,-0.645,0.978,2.456
1.71,0.804,-0.08,0.543,-0.562,0.852,2.152
1.72,0.797,-0.07,0.568,-0.49,0.743,1.885
1.73,0.791,-0.061,0.591,-0.428,0.648,1.651
1.74,0.786,-0.054,0.611,-0.373,0.566,1.445
1.75,0.781,-0.047,0.628,-0.326,0.494,1.265
1.76,0.777,-0.041,0.643,-0.285,0.432,1.107
1.77,0.774,-0.036,0.656,-0.249,0.377,0.968
1.78,0.771,-0.031,0.668,-0.218,0.33,0.847
1.79,0.768,-0.027,0.678,-0.19,0.288,0.741
1.8,0.766,-0.024,0.687,-0.166,0.252,0.649
1.81,0.764,-0.021,0.695,-0.145,0.22,0.568
1.82,0.762,-0.018,0.701,-0.127,0.193,0.497
1.83,0.761,-0.016,0.707,-0.111,0.168,0.435
1.84,0.759,-0.014,0.713,-0.097,0.147,0.38
1.85,0.758,-0.012,0.717,-0.085,0.129,0.333
1.86,0.757,-0.011,0.721,-0.074,0.113,0.291
1.87,0.756,-0.009,0.725,-0.065,0.099,0.255
1.8800000000000001,0.755,-0.008,0.728,-0.057,0.086,0.223
1.8900000000000001,0.755,-0.007,0.73,-0.049,0.075,0.195
