0.01,-0.743,-0.008,0.748,0.298,-0.21,-0.0
0.02,-0.738,-0.011,0.748,0.561,-0.394,0.002
0.03,-0.73,-0.017,0.748,0.791,-0.526,0.004
0.04,-0.72,-0.023,0.748,0.993,-0.572,0.007
0.05,-0.706,-0.03,0.747,1.168,-0.526,0.008
0.06,-0.691,-0.037,0.747,1.322,-0.465,0.01
0.07,-0.674,-0.042,0.747,1.456,-0.431,0.012
0.08,-0.655,-0.047,0.747,1.573,-0.478,0.015
0.09,-0.635,-0.054,0.747,1.675,-0.578,0.019
0.1,-0.614,-0.061,0.747,1.764,-0.722,0.024
0.11,-0.591,-0.071,0.747,1.842,-0.896,0.028
0.12,-0.568,-0.083,0.746,1.91,-1.053,0.031
0.13,-0.544,-0.096,0.746,1.969,-1.18,0.033
0.14,-0.519,-0.111,0.746,2.021,-1.262,0.034
0.15,-0.493,-0.127,0.746,2.067,-1.303,0.035
0.16,-0.467,-0.143,0.746,1.911,-1.203,-0.167
0.17,-0.445,-0.158,0.743,1.544,-1.105,-0.247
0.18,-0.427,-0.17,0.739,1.052,-0.82,-0.22
0.19,-0.416,-0.18,0.737,0.72,-0.619,-0.145
0.2,-0.407,-0.187,0.735,0.63,-0.542,-0.154
0.21,-0.4,-0.194,0.733,0.551,-0.475,-0.155
0.22,-0.393,-0.199,0.73,0.483,-0.416,-0.305
0.23,-0.388,-0.204,0.725,0.425,-0.365,-0.566
0.24,-0.382,-0.209,0.717,0.375,-0.319,-0.794
0.25,-0.378,-0.212,0.707,0.332,-0.28,-0.994
0.26,-0.374,-0.216,0.694,0.341,-0.245,-0.98
0.27,-0.37,-0.219,0.682,0.297,-0.254,-0.867
0.28,-0.366,-0.222,0.671,0.259,-0.263,-0.759
0.29,-0.363,-0.225,0.662,0.206,-0.231,-0.665
0.3,-0.362,-0.228,0.654,-0.118,-0.282,-0.583
0.31,-0.365,-0.232,0.647,-0.405,-0.338,-0.511
0.32,-0.371,-0.236,0.641,-0.475,-0.316,-0.447
0.33,-0.376,-0.24,0.636,-0.415,-0.276,-0.571
0.34,-0.381,-0.243,0.627,-0.362,-0.242,-0.799
0.35000000000000003,-0.386,-0.246,0.617,-0.314,-0.212,-0.999
0.36,-0.389,-0.248,0.603,-0.272,-0.185,-1.173
0.37,-0.393,-0.251,0.588,-0.236,-0.162,-1.325
0.38,-0.396,-0.252,0.571,-0.204,-0.142,-1.459
0.39,-0.399,-0.255,0.553,-0.358,-0.323,-1.383
0.4,-0.403,-0.259,0.536,-0.315,-0.283,-1.31
0.41000000000000003,-0.407,-0.263,0.52,-0.276,-0.248,-1.314
0.42,-0.41,-0.265,0.503,-0.228,-0.217,-1.413
0.43,-0.413,-0.268,0.486,-0.087,-0.176,-1.13
0.44,-0.414,-0.271,0.473,-0.261,-0.453,-0.992
0.45,-0.418,-0.278,0.461,-0.32,-0.496,-0.871
0.46,-0.423,-0.283,0.45,-0.379,-0.435,-0.748
0.47000000000000003,-0.427,-0.289,0.442,-0.341,-0.382,-0.639
0.48,-0.431,-0.293,0.434,-0.308,-0.335,-0.554
0.49,-0.435,-0.297,0.427,-0.279,-0.294,-0.485
0.5,-0.439,-0.301,0.421,-0.253,-0.258,-0.43
0.51,-0.442,-0.304,0.416,-0.229,-0.227,-0.385
0.52,-0.444,-0.306,0.412,-0.208,-0.199,-0.348
0.53,-0.447,-0.309,0.407,-0.187,-0.175,-0.318
0.54,-0.449,-0.311,0.403,-0.154,-0.152,-0.331
0.55,-0.451,-0.313,0.399,-0.123,-0.132,-0.365
0.56,-0.452,-0.314,0.394,-0.101,-0.115,-0.405
0.5700000000000001,-0.454,-0.316,0.389,-0.089,-0.101,-0.452
0.58,-0.455,-0.317,0.383,-0.084,-0.089,-0.505
0.59,-0.456,-0.318,0.377,-0.143,-0.18,-0.596
0.6,-0.458,-0.321,0.369,-0.212,-0.261,-0.653
0.61,-0.462,-0.324,0.36,-0.507,-0.301,-0.766
0.62,-0.468,-0.328,0.351,-0.473,-0.268,-0.745
0.63,-0.474,-0.331,0.341,-0.532,-0.317,-0.785
0.64,-0.481,-0.335,0.332,-0.513,-0.279,-0.759
0.65,-0.487,-0.338,0.322,-0.492,-0.246,-0.732
0.66,-0.494,-0.342,0.312,-0.539,-0.295,-0.794
0.67,-0.5,-0.345,0.302,-0.505,-0.261,-0.833
0.68,-0.507,-0.348,0.292,-0.473,-0.232,-0.847
0.6900000000000001,-0.512,-0.351,0.281,-0.426,-0.205,-0.802
0.7000000000000001,-0.518,-0.353,0.271,-0.382,-0.181,-0.758
0.71,-0.522,-0.356,0.262,-0.341,-0.16,-0.714
0.72,-0.526,-0.357,0.253,-0.304,-0.141,-0.671
0.73,-0.53,-0.359,0.245,-0.27,-0.124,-0.63
0.74,-0.533,-0.36,0.237,-0.239,-0.109,-0.591
0.75,-0.536,-0.362,0.23,-0.211,-0.096,-0.553
0.76,-0.538,-0.363,0.223,-0.185,-0.085,-0.518
0.77,-0.541,-0.364,0.217,-0.162,-0.075,-0.484
0.78,-0.543,-0.365,0.211,-0.142,-0.066,-0.453
0.79,-0.544,-0.366,0.206,-0.123,-0.058,-0.424
0.8,-0.546,-0.366,0.2,-0.107,-0.051,-0.396
0.81,-0.547,-0.367,0.196,-0.092,-0.044,-0.371
0.8200000000000001,-0.548,-0.367,0.191,-0.078,-0.039,-0.347
0.8300000000000001,-0.549,-0.368,0.187,-0.066,-0.034,-0.325
0.84,-0.55,-0.368,0.183,-0.056,-0.03,-0.305
0.85,-0.551,-0.369,0.179,-0.046,-0.026,-0.287
0.86,-0.551,-0.369,0.175,-0.038,-0.023,-0.269
0.87,-0.552,-0.369,0.172,-0.031,-0.02,-0.253
0.88,-0.551,-0.369,0.17,0.158,-0.022,-0.095
0.89,-0.548,-0.37,0.169,0.382,-0.027,0.082
0.9,-0.543,-0.37,0.171,0.584,-0.03,0.223
0.91,-0.535,-0.37,0.174,0.767,-0.033,0.329
0.92,-0.524,-0.371,0.178,0.935,-0.034,0.4
0.93,-0.512,-0.371,0.184,1.089,-0.035,0.44
0.9400000000000001,-0.498,-0.371,0.189,1.232,-0.034,0.45
0.9500000000000001,-0.482,-0.371,0.195,1.355,-0.088,0.443
0.96,-0.464,-0.372,0.2,1.476,-0.128,0.414
0.97,-0.445,-0.374,0.205,1.596,-0.143,0.362
0.98,-0.425,-0.375,0.209,1.531,-0.117,0.219
0.99,-0.407,-0.376,0.211,1.37,-0.083,0.053
1.0,-0.39,-0.377,0.211,1.22,-0.057,-0.08
1.01,-0.375,-0.378,0.209,1.083,-0.037,-0.186
1.02,-0.362,-0.378,0.207,0.959,-0.022,-0.27
1.03,-0.351,-0.378,0.203,0.86,-0.01,-0.324
1.04,-0.34,-0.378,0.199,0.983,0.004,-0.302
1.05,-0.327,-0.378,0.195,1.147,0.034,-0.274
1.06,-0.312,-0.377,0.192,1.295,0.032,-0.272
1.07,-0.295,-0.377,0.188,1.426,0.035,-0.279
1.08,-0.277,-0.376,0.185,1.538,0.04,-0.29
1.09,-0.257,-0.375,0.181,1.635,0.046,-0.301
1.1,-0.236,-0.375,0.177,1.716,0.051,-0.311
1.11,-0.215,-0.374,0.173,1.789,0.047,-0.315
1.12,-0.192,-0.373,0.169,1.862,0.029,-0.315
1.1300000000000001,-0.168,-0.372,0.165,1.926,0.011,-0.31
1.1400000000000001,-0.144,-0.372,0.161,1.983,-0.008,-0.301
1.1500000000000001,-0.12,-0.372,0.157,1.767,-0.02,-0.33
1.16,-0.099,-0.372,0.153,1.569,-0.03,-0.361
1.17,-0.08,-0.373,0.148,1.401,-0.034,-0.358
1.18,-0.062,-0.373,0.144,1.512,-0.028,-0.315
1.19,-0.043,-0.373,0.14,1.617,-0.025,-0.277
1.2,-0.022,-0.373,0.137,1.714,-0.023,-0.244
1.21,-0.0,-0.373,0.134,1.799,0.016,-0.213
1.22,0.023,-0.373,0.131,1.884,0.023,-0.19
1.23,0.047,-0.373,0.129,1.964,0.042,-0.17
1.24,0.071,-0.372,0.127,2.045,0.035,-0.158
1.25,0.097,-0.372,0.125,2.124,0.028,-0.151
1.26,0.124,-0.372,0.123,2.199,0.03,-0.148
1.27,0.152,-0.371,0.121,2.269,0.043,-0.15
1.28,0.18,-0.371,0.119,2.331,0.065,-0.156
1.29,0.21,-0.37,0.117,2.385,0.094,-0.168
1.3,0.24,-0.369,0.115,2.427,0.13,-0.185
1.31,0.27,-0.368,0.112,2.459,0.17,-0.207
1.32,0.301,-0.366,0.11,2.479,0.212,-0.236
1.33,0.332,-0.364,0.106,2.488,0.254,-0.27
1.34,0.363,-0.361,0.103,2.482,0.259,-0.266
1.35,0.394,-0.358,0.1,2.471,0.234,-0.227
1.36,0.425,-0.356,0.097,2.461,0.212,-0.194
1.37,0.455,-0.354,0.094,2.45,0.321,-0.165
1.3800000000000001,0.486,-0.35,0.092,2.439,0.437,-0.141
1.3900000000000001,0.517,-0.345,0.09,2.429,0.529,-0.119
1.4000000000000001,0.546,-0.339,0.089,2.129,0.456,-0.105
1.41,0.571,-0.334,0.087,1.862,0.392,-0.093
1.42,0.594,-0.33,0.086,1.632,0.336,0.117
1.43,0.613,-0.326,0.089,1.431,0.289,0.401
1.44,0.631,-0.323,0.095,1.255,0.248,0.649
1.45,0.646,-0.32,0.104,1.1,0.214,0.866
1.46,0.659,-0.317,0.116,0.964,0.186,1.056
1.47,0.67,-0.315,0.13,0.845,0.161,1.223
1.48,0.68,-0.313,0.145,0.709,0.338,1.168
1.49,0.688,-0.309,0.16,0.42,0.466,1.096
1.5,0.692,-0.302,0.173,0.069,0.675,0.957
1.51,0.691,-0.293,0.184,-0.239,0.882,0.836
1.52,0.688,-0.282,0.195,-0.213,0.776,0.907
1.53,0.686,-0.273,0.206,-0.185,0.679,0.796
1.54,0.683,-0.265,0.216,-0.162,0.594,0.697
1.55,0.681,-0.258,0.224,-0.141,0.519,0.61
1.56,0.68,-0.251,0.231,-0.123,0.454,0.534
1.57,0.678,-0.246,0.238,-0.108,0.397,0.468
1.58,0.677,-0.241,0.243,-0.094,0.348,0.409
1.59,0.676,-0.237,0.248,-0.082,0.304,0.358
1.6,0.675,-0.234,0.253,-0.072,0.266,0.314
1.61,0.674,-0.23,0.256,-0.063,0.233,0.274
1.62,0.673,-0.228,0.26,-0.055,0.204,0.24
1.6300000000000001,0.672,-0.225,0.262,-0.048,0.178,0.21
1.6400000000000001,0.672,-0.223,0.265,-0.042,0.156,0.184
1.6500000000000001,0.671,-0.221,0.267,-0.037,0.136,0.161
1.6600000000000001,0.671,-0.219,0.269,-0.032,0.119,0.141
1.67,0.671,-0.218,0.271,-0.028,0.104,0.123
1.68,0.67,-0.217,0.272,0.818,2.244,4.758
1.69,0.679,-0.189,0.331,0.745,2.052,4.37
1.7,0.687,-0.165,0.383,0.648,1.788,3.829
1.71,0.695,-0.144,0.429,0.564,1.557,3.352
1.72,0.701,-0.126,0.469,0.493,1.356,2.931
1.73,0.707,-0.11,0.504,0.432,1.181,2.563
1.74,0.712,-0.096,0.535,0.379,1.029,2.24
1.75,0.716,-0.084,0.562,0.333,0.897,1.958
1.76,0.72,-0.073,0.585,0.293,0.782,1.712
1.77,0.724,-0.064,0.606,0.258,0.682,1.497
1.78,0.727,-0.056,0.624,0.228,0.596,1.309
1.79,0.73,-0.049,0.639,0.201,0.52,1.144
1.8,0.732,-0.043,0.653,0.177,0.454,1.001
1.81,0.734,-0.038,0.665,0.156,0.397,0.875
1.82,0.736,-0.033,0.676,0.137,0.347,0.766
1.83,0.738,-0.029,0.685,0.121,0.303,0.67
1.84,0.739,-0.025,0.693,0.106,0.265,0.586
1.85,0.741,-0.022,0.7,0.093,0.231,0.513
1.86,0.742,-0.019,0.706,0.082,0.202,0.449
1.87,0.743,-0.017,0.711,0.072,0.177,0.393
1.8800000000000001,0.744,-0.015,0.716,0.064,0.155,0.344
1.8900000000000001,0.745,-0.013,0.72,0.056,0.135,0.301
1.9000000000000001,0.745,-0.011,0.724,0.049,0.118,0.263
1.9100000000000001,0.746,-0.01,0.727,0.043,0.103,0.23
1.92,0.746,-0.009,0.73,0.038,0.091,0.201
1.93,0.747,-0.008,0.732,0.033,0.079,0.176
1.94,0.747,-0.007,0.734,0.029,0.069,0.154
1.95,0.748,-0.006,0.736,0.026,0.061,0.135
