0.01,-0.745,-0.007,0.748,0.002,-0.003,-0.001
0.02,-0.745,-0.008,0.747,0.002,-0.25,-0.001
0.03,-0.745,-0.012,0.747,0.052,-0.519,-0.0
0.04,-0.744,-0.019,0.747,0.215,-0.754,0.001
0.05,-0.74,-0.03,0.747,0.466,-0.96,0.003
0.06,-0.733,-0.043,0.747,0.706,-1.141,0.007
0.07,-0.723,-0.057,0.747,0.916,-1.299,0.01
0.08,-0.711,-0.074,0.747,1.1,-1.437,0.014
0.09,-0.696,-0.093,0.747,1.26,-1.558,0.018
0.1,-0.68,-0.112,0.747,1.4,-1.664,0.022
0.11,-0.661,-0.133,0.747,1.523,-1.727,0.025
0.12,-0.642,-0.155,0.747,1.63,-1.762,0.028
0.13,-0.621,-0.177,0.747,1.724,-1.763,0.03
0.14,-0.599,-0.198,0.747,1.806,-1.674,0.031
0.15,-0.576,-0.219,0.747,1.878,-1.566,0.031
0.16,-0.552,-0.238,0.747,1.941,-1.432,0.031
0.17,-0.527,-0.255,0.747,1.997,-1.315,0.031
0.18,-0.502,-0.271,0.747,2.045,-1.212,0.031
0.19,-0.476,-0.285,0.746,2.088,-1.121,0.031
0.2,-0.449,-0.299,0.746,2.125,-1.042,0.03
0.21,-0.422,-0.311,0.746,2.158,-0.973,0.03
0.22,-0.395,-0.323,0.746,2.187,-0.911,0.029
0.23,-0.368,-0.334,0.746,2.213,-0.838,0.029
0.24,-0.34,-0.344,0.746,2.235,-0.735,0.028
0.25,-0.312,-0.353,0.746,2.254,-0.643,0.027
0.26,-0.283,-0.36,0.746,2.271,-0.563,0.027
0.27,-0.255,-0.367,0.746,2.286,-0.493,0.026
0.28,-0.226,-0.373,0.746,2.3,-0.431,0.025
0.29,-0.197,-0.378,0.746,2.312,-0.377,0.025
0.3,-0.168,-0.382,0.746,2.322,-0.329,0.024
0.31,-0.139,-0.386,0.746,2.332,-0.296,0.023
0.32,-0.11,-0.39,0.746,2.342,-0.335,0.022
0.33,-0.08,-0.394,0.746,2.351,-0.38,0.02
0.34,-0.051,-0.399,0.747,2.359,-0.447,0.018
0.35000000000000003,-0.021,-0.405,0.747,2.367,-0.506,0.016
0.36,0.008,-0.412,0.747,2.373,-0.519,0.014
0.37,0.038,-0.418,0.747,2.376,-0.452,0.012
0.38,0.068,-0.424,0.747,2.379,-0.393,0.01
0.39,0.097,-0.428,0.747,2.382,-0.34,0.007
0.4,0.127,-0.433,0.747,2.384,-0.294,0.005
0.41000000000000003,0.156,-0.436,0.747,2.091,-0.263,0.003
0.42,0.181,-0.44,0.747,1.829,-0.235,0.001
0.43,0.203,-0.443,0.747,1.829,-0.204,-0.0
0.44,0.226,-0.445,0.747,1.739,-0.11,-0.001
0.45,0.247,-0.447,0.747,1.522,-0.099,-0.001
0.46,0.265,-0.448,0.747,1.331,-0.09,-0.011
0.47000000000000003,0.281,-0.449,0.746,1.165,-0.082,-0.218
0.48,0.295,-0.45,0.743,1.02,-0.074,-0.291
0.49,0.307,-0.451,0.74,0.892,-0.066,-0.354
0.5,0.318,-0.452,0.734,0.782,-0.059,-0.608
0.51,0.327,-0.453,0.725,0.686,-0.052,-0.831
0.52,0.335,-0.453,0.715,0.7,-0.046,-0.732
0.53,0.345,-0.454,0.707,0.812,-0.097,-0.642
0.54,0.355,-0.455,0.699,0.711,-0.086,-0.621
0.55,0.363,-0.456,0.69,0.623,-0.076,-0.741
0.56,0.371,-0.457,0.681,0.544,-0.067,-0.648
0.5700000000000001,0.377,-0.458,0.674,0.476,-0.06,-0.567
0.58,0.383,-0.459,0.667,0.416,-0.053,-0.496
0.59,0.388,-0.46,0.661,0.364,-0.046,-0.434
0.6,0.392,-0.46,0.656,0.318,-0.041,-0.379
0.61,0.396,-0.461,0.651,0.278,-0.036,-0.332
0.62,0.399,-0.461,0.647,0.244,-0.032,-0.29
0.63,0.402,-0.461,0.644,0.213,-0.028,-0.254
0.64,0.405,-0.462,0.641,0.186,0.035,-0.222
0.65,0.407,-0.46,0.638,0.163,0.328,-0.194
0.66,0.409,-0.455,0.636,0.144,0.586,-0.169
0.67,0.41,-0.446,0.634,0.127,0.812,-0.148
0.68,0.412,-0.435,0.632,0.113,1.01,-0.13
0.6900000000000001,0.413,-0.422,0.63,0.1,1.183,-0.113
0.7000000000000001,0.414,-0.407,0.629,0.09,1.334,-0.099
0.71,0.415,-0.389,0.628,0.051,1.466,-0.086
0.72,0.415,-0.37,0.627,0.017,1.582,-0.075
0.73,0.415,-0.35,0.626,-0.042,1.683,-0.066
0.74,0.414,-0.329,0.625,-0.172,1.772,-0.058
0.75,0.411,-0.306,0.624,-0.296,1.851,-0.052
0.76,0.406,-0.283,0.623,-0.386,1.919,-0.045
0.77,0.401,-0.259,0.623,-0.415,1.978,-0.039
0.78,0.396,-0.234,0.622,-0.362,2.029,-0.032
0.79,0.391,-0.208,0.622,-0.286,2.074,-0.025
0.8,0.388,-0.182,0.621,-0.161,2.084,-0.019
0.81,0.386,-0.157,0.621,-0.139,1.829,-0.015
0.8200000000000001,0.384,-0.135,0.621,-0.121,1.602,-0.012
0.8300000000000001,0.382,-0.116,0.62,-0.105,1.403,-0.01
0.84,0.381,-0.099,0.62,-0.091,1.229,-0.008
0.85,0.38,-0.084,0.62,-0.079,1.076,-0.007
0.86,0.379,-0.072,0.62,-0.068,0.823,-0.006
0.87,0.378,-0.062,0.62,-0.059,0.72,-0.005
0.88,0.377,-0.054,0.62,-0.051,0.464,-0.005
0.89,0.377,-0.049,0.62,-0.044,0.376,-0.004
0.9,0.376,-0.045,0.62,0.001,0.161,-0.004
0.91,0.376,-0.044,0.62,0.001,0.14,-0.003
0.92,0.376,-0.042,0.62,0.001,0.123,-0.003
0.93,0.376,-0.04,0.62,0.001,0.108,-0.002
0.9400000000000001,0.376,-0.039,0.62,0.001,0.094,-0.002
0.9500000000000001,0.376,-0.038,0.62,0.001,0.082,-0.002
0.96,0.407,-0.034,0.63,3.566,0.475,1.153
0.97,0.45,-0.03,0.645,3.12,0.406,1.013
0.98,0.487,-0.026,0.658,2.73,0.347,0.89
0.99,0.52,-0.023,0.669,2.39,0.297,0.781
1.0,0.549,-0.02,0.679,2.091,0.255,0.687
1.01,0.574,-0.018,0.687,1.831,0.219,0.604
1.02,0.596,-0.015,0.695,1.602,0.189,0.531
1.03,0.615,-0.013,0.702,1.403,0.162,0.468
1.04,0.632,-0.012,0.708,1.228,0.14,0.411
1.05,0.647,-0.01,0.713,1.075,0.121,0.362
1.06,0.659,-0.009,0.717,0.941,0.105,0.319
1.07,0.671,-0.008,0.721,0.824,0.091,0.28
1.08,0.681,-0.007,0.724,0.722,0.079,0.246
1.09,0.689,-0.006,0.727,0.632,0.068,0.217
1.1,0.697,-0.005,0.73,0.553,0.059,0.191
1.11,0.703,-0.005,0.732,0.484,0.052,0.167
1.12,0.709,-0.004,0.735,0.424,0.045,0.147
1.1300000000000001,0.714,-0.004,0.736,0.371,0.039,0.129
1.1400000000000001,0.719,-0.003,0.738,0.325,0.034,0.113
1.1500000000000001,0.723,-0.003,0.739,0.285,0.03,0.1
1.16,0.726,-0.002,0.74,0.249,0.026,0.087
1.17,0.729,-0.002,0.742,0.218,0.023,0.077
1.18,0.732,-0.002,0.742,0.191,0.02,0.067
1.19,0.734,-0.002,0.743,0.167,0.017,0.059
1.2,0.736,-0.001,0.744,0.146,0.015,0.052
1.21,0.738,-0.001,0.745,0.128,0.013,0.045
