0.01,-0.743,-0.006,0.748,0.297,-0.007,-0.002
0.02,-0.738,-0.006,0.748,0.56,-0.01,-0.002
0.03,-0.73,-0.007,0.747,0.789,-0.015,-0.001
0.04,-0.719,-0.007,0.747,0.99,-0.019,0.0
0.05,-0.706,-0.007,0.747,1.165,-0.024,0.002
0.06,-0.691,-0.007,0.747,1.319,-0.08,0.007
0.07,-0.674,-0.009,0.747,1.333,-0.25,0.013
0.08,-0.658,-0.012,0.747,1.167,-0.218,0.012
0.09,-0.644,-0.015,0.746,1.026,-0.19,-0.197
0.1,-0.632,-0.017,0.742,0.903,-0.167,-0.471
0.11,-0.621,-0.019,0.735,0.797,-0.146,-0.711
0.12,-0.612,-0.021,0.725,0.703,-0.129,-0.922
0.13,-0.604,-0.023,0.714,0.483,-0.399,-0.808
0.14,-0.599,-0.029,0.704,0.322,-0.449,-0.707
0.15,-0.595,-0.034,0.696,0.281,-0.393,-0.619
0.16,-0.592,-0.039,0.688,0.247,-0.344,-0.711
0.17,-0.589,-0.043,0.678,0.22,-0.302,-0.922
0.18,-0.587,-0.046,0.666,0.197,-0.265,-1.106
0.19,-0.584,-0.05,0.651,0.176,-0.233,-1.267
0.2,-0.582,-0.052,0.635,0.158,-0.205,-1.408
0.21,-0.581,-0.055,0.617,0.142,-0.18,-1.531
0.22,-0.579,-0.057,0.598,0.12,-0.157,-1.345
0.23,-0.578,-0.059,0.582,0.103,-0.137,-1.177
0.24,-0.577,-0.06,0.568,0.088,-0.12,-1.03
0.25,-0.576,-0.062,0.556,-0.026,-0.134,-0.902
0.26,-0.577,-0.064,0.545,-0.326,-0.237,-0.791
0.27,-0.582,-0.067,0.536,-0.588,-0.299,-0.692
0.28,-0.591,-0.071,0.527,-0.816,-0.324,-0.604
0.29,-0.602,-0.075,0.52,-0.914,-0.324,-0.526
0.3,-0.612,-0.079,0.514,-0.8,-0.283,-0.46
0.31,-0.622,-0.082,0.507,-0.702,-0.248,-0.698
0.32,-0.63,-0.085,0.497,-0.615,-0.217,-0.911
0.33,-0.638,-0.088,0.485,-0.539,-0.19,-0.997
0.34,-0.644,-0.09,0.473,-0.472,-0.166,-0.872
0.35000000000000003,-0.65,-0.092,0.462,-0.413,-0.145,-0.763
0.36,-0.654,-0.094,0.453,-0.362,-0.127,-0.667
0.37,-0.659,-0.095,0.445,-0.317,-0.111,-0.583
0.38,-0.662,-0.096,0.438,-0.277,-0.097,-0.51
0.39,-0.666,-0.098,0.432,-0.242,-0.085,-0.446
0.4,-0.669,-0.099,0.427,-0.212,-0.074,-0.39
0.41000000000000003,-0.671,-0.099,0.422,-0.186,-0.065,-0.341
0.42,-0.673,-0.1,0.418,-0.162,-0.057,-0.299
0.43,-0.675,-0.101,0.414,-0.142,-0.05,-0.261
0.44,-0.677,-0.102,0.411,-0.124,-0.173,-0.228
0.45,-0.678,-0.105,0.409,-0.108,-0.451,-0.199
0.46,-0.68,-0.112,0.406,-0.094,-0.695,-0.174
0.47000000000000003,-0.681,-0.121,0.404,-0.081,-0.908,-0.151
0.48,-0.682,-0.133,0.402,-0.031,-1.095,-0.131
0.49,-0.682,-0.148,0.401,0.062,-1.258,-0.113
0.5,-0.68,-0.164,0.399,0.32,-1.4,-0.098
0.51,-0.675,-0.182,0.398,0.577,-1.526,-0.083
0.52,-0.666,-0.202,0.397,0.802,-1.635,-0.07
0.53,-0.655,-0.222,0.396,0.999,-1.732,-0.059
0.54,-0.642,-0.244,0.395,1.172,-1.816,-0.048
0.55,-0.626,-0.267,0.394,1.323,-1.871,-0.039
0.56,-0.609,-0.29,0.394,1.455,-1.859,-0.032
0.5700000000000001,-0.59,-0.313,0.393,1.57,-1.808,-0.025
0.58,-0.57,-0.335,0.393,1.671,-1.734,-0.02
0.59,-0.548,-0.357,0.392,1.76,-1.669,-0.015
0.6,-0.526,-0.377,0.392,1.838,-1.603,-0.011
0.61,-0.502,-0.397,0.392,1.906,-1.505,-0.008
0.62,-0.478,-0.415,0.391,1.966,-1.409,-0.005
0.63,-0.453,-0.432,0.391,2.018,-1.325,-0.003
0.64,-0.427,-0.448,0.391,2.065,-1.251,-0.001
0.65,-0.401,-0.463,0.391,2.105,-1.186,0.001
0.66,-0.375,-0.477,0.39,2.141,-1.13,0.003
0.67,-0.348,-0.491,0.39,2.173,-1.07,0.004
0.68,-0.32,-0.504,0.39,2.2,-0.998,0.005
0.6900000000000001,-0.292,-0.516,0.39,2.225,-0.935,0.006
0.7000000000000001,-0.264,-0.527,0.39,2.246,-0.859,0.007
0.71,-0.236,-0.537,0.39,2.265,-0.754,0.007
0.72,-0.208,-0.546,0.39,2.281,-0.661,0.008
0.73,-0.179,-0.554,0.39,2.295,-0.58,0.008
0.74,-0.15,-0.56,0.39,2.308,-0.508,0.009
0.75,-0.121,-0.566,0.39,2.32,-0.445,0.009
0.76,-0.092,-0.571,0.39,2.33,-0.39,0.01
0.77,-0.063,-0.576,0.39,2.339,-0.34,0.01
0.78,-0.034,-0.58,0.39,2.347,-0.297,0.01
0.79,-0.004,-0.583,0.389,2.355,-0.259,0.011
0.8,0.025,-0.586,0.389,2.361,-0.224,0.011
0.81,0.055,-0.589,0.389,2.366,-0.194,0.012
0.8200000000000001,0.084,-0.591,0.389,2.371,-0.167,0.012
0.8300000000000001,0.114,-0.593,0.389,2.375,-0.142,0.012
0.84,0.144,-0.595,0.389,2.378,-0.12,0.013
0.85,0.173,-0.597,0.389,2.381,-0.1,0.013
0.86,0.203,-0.598,0.389,2.383,-0.083,0.013
0.87,0.233,-0.599,0.389,2.384,-0.066,0.014
0.88,0.263,-0.6,0.389,2.385,-0.003,0.014
0.89,0.292,-0.6,0.389,2.384,0.139,0.013
0.9,0.322,-0.597,0.389,2.353,0.407,0.011
0.91,0.351,-0.591,0.389,2.267,0.651,0.01
0.92,0.379,-0.583,0.389,2.173,0.865,0.009
0.93,0.406,-0.571,0.389,2.081,1.053,0.008
0.9400000000000001,0.432,-0.557,0.389,1.922,1.216,0.007
0.9500000000000001,0.455,-0.543,0.39,1.682,1.068,0.146
0.96,0.475,-0.53,0.392,1.472,0.934,0.228
0.97,0.492,-0.519,0.395,1.288,0.816,0.269
0.98,0.508,-0.509,0.398,1.128,0.713,0.238
0.99,0.521,-0.5,0.401,0.987,0.623,0.208
1.0,0.533,-0.493,0.403,0.864,0.544,0.182
1.01,0.543,-0.487,0.405,0.756,0.475,0.159
1.02,0.553,-0.481,0.407,0.662,0.415,0.139
1.03,0.56,-0.476,0.409,0.58,0.363,0.121
1.04,0.567,-0.472,0.41,0.507,0.317,0.106
1.05,0.573,-0.468,0.412,0.444,0.277,0.093
1.06,0.579,-0.465,0.413,0.389,0.143,0.081
1.07,0.583,-0.464,0.414,0.34,-0.164,0.071
1.08,0.588,-0.467,0.415,0.298,-0.344,0.052
1.09,0.591,-0.472,0.415,0.261,-0.301,0.016
1.1,0.593,-0.476,0.415,0.133,-0.351,-0.087
1.11,0.595,-0.48,0.413,0.117,-0.307,-0.346
1.12,0.596,-0.484,0.41,0.102,-0.269,-0.01
1.1300000000000001,0.598,-0.487,0.411,0.089,-0.234,0.292
1.1400000000000001,0.599,-0.49,0.416,0.078,-0.204,0.556
1.1500000000000001,0.6,-0.492,0.424,0.069,-0.178,0.747
1.16,0.6,-0.494,0.433,0.061,-0.155,0.756
1.17,0.601,-0.496,0.443,0.053,-0.135,0.932
1.18,0.601,-0.498,0.454,-0.092,-0.119,0.818
1.19,0.599,-0.499,0.464,-0.38,-0.105,0.715
1.2,0.594,-0.501,0.473,-0.366,-0.092,0.625
1.21,0.59,-0.502,0.48,-0.32,-0.081,0.438
1.22,0.586,-0.503,0.484,-0.281,-0.071,0.263
1.23,0.583,-0.504,0.487,-0.245,-0.062,0.23
1.24,0.58,-0.504,0.49,-0.215,-0.055,0.201
1.25,0.577,-0.505,0.493,-0.188,-0.048,0.116
1.26,0.575,-0.506,0.493,-0.165,-0.042,-0.196
1.27,0.573,-0.506,0.49,-0.144,-0.036,-0.272
1.28,0.571,-0.506,0.486,-0.126,-0.032,-0.238
1.29,0.57,-0.507,0.483,-0.11,-0.028,-0.208
1.3,0.568,-0.507,0.481,-0.096,-0.024,-0.182
1.31,0.567,-0.508,0.479,-0.084,-0.021,-0.16
1.32,0.566,-0.508,0.477,0.006,0.001,-0.14
1.33,0.568,-0.507,0.475,0.304,0.17,-0.122
1.34,0.572,-0.504,0.474,0.565,0.361,-0.107
1.35,0.58,-0.499,0.472,0.773,0.597,-0.093
1.36,0.591,-0.49,0.471,0.876,0.822,-0.081
1.37,0.602,-0.479,0.47,0.868,1.018,-0.07
1.3800000000000001,0.612,-0.466,0.469,0.822,1.189,-0.06
1.3900000000000001,0.624,-0.436,0.48,1.366,4.604,2.803
1.4000000000000001,0.639,-0.38,0.514,1.178,4.06,2.465
1.41,0.652,-0.331,0.543,1.019,3.565,2.159
1.42,0.664,-0.288,0.569,0.885,3.125,1.889
1.43,0.675,-0.251,0.591,0.772,2.737,1.652
1.44,0.684,-0.218,0.611,0.675,2.396,1.444
1.45,0.692,-0.189,0.628,0.591,2.096,1.262
1.46,0.699,-0.164,0.643,0.519,1.833,1.102
1.47,0.705,-0.143,0.657,0.456,1.603,0.964
1.48,0.711,-0.123,0.668,0.4,1.402,0.842
1.49,0.716,-0.107,0.678,0.352,1.226,0.737
1.5,0.72,-0.092,0.687,0.31,1.072,0.644
1.51,0.724,-0.079,0.695,0.272,0.937,0.563
1.52,0.727,-0.068,0.702,0.24,0.82,0.493
1.53,0.73,-0.058,0.708,0.211,0.717,0.431
1.54,0.733,-0.05,0.713,0.185,0.627,0.377
1.55,0.735,-0.042,0.717,0.163,0.548,0.33
1.56,0.737,-0.036,0.721,0.143,0.48,0.289
1.57,0.739,-0.03,0.725,0.126,0.42,0.253
1.58,0.74,-0.025,0.728,0.11,0.367,0.221
1.59,0.742,-0.021,0.73,0.097,0.321,0.194
1.6,0.743,-0.017,0.733,0.085,0.281,0.17
1.61,0.744,-0.013,0.735,0.075,0.246,0.148
1.62,0.745,-0.011,0.737,0.065,0.215,0.13
1.6300000000000001,0.745,-0.008,0.738,0.057,0.188,0.114
1.6400000000000001,0.746,-0.006,0.739,0.05,0.164,0.099
1.6500000000000001,0.747,-0.004,0.741,0.044,0.144,0.087
1.6600000000000001,0.747,-0.002,0.742,0.039,0.126,0.076
1.67,0.748,-0.001,0.743,0.034,0.11,0.067
1.68,0.748,0.001,0.743,0.03,0.096,0.058
1.69,0.748,0.002,0.744,0.026,0.084,0.051
1.7,0.749,0.003,0.745,0.023,0.074,0.045
