0.01,-0.744,-0.007,0.748,0.002,-0.003,-0.001
0.02,-0.744,-0.007,0.747,0.032,-0.102,-0.001
0.03,-0.744,-0.009,0.747,0.098,-0.39,-0.0
0.04,-0.742,-0.015,0.747,0.155,-0.641,0.0
0.05,-0.74,-0.024,0.747,0.275,-0.861,0.002
0.06,-0.736,-0.036,0.747,0.42,-1.053,0.004
0.07,-0.73,-0.05,0.747,0.635,-1.212,0.007
0.08,-0.721,-0.065,0.747,0.853,-1.311,0.01
0.09,-0.709,-0.082,0.747,1.044,-1.358,0.013
0.1,-0.695,-0.099,0.747,1.211,-1.399,0.016
0.11,-0.679,-0.116,0.747,1.357,-1.435,0.02
0.12,-0.661,-0.134,0.747,1.485,-1.467,0.023
0.13,-0.642,-0.152,0.747,1.597,-1.495,0.026
0.14,-0.622,-0.171,0.747,1.695,-1.519,0.029
0.15,-0.6,-0.19,0.747,1.781,-1.54,0.031
0.16,-0.577,-0.209,0.747,1.857,-1.558,0.033
0.17,-0.553,-0.229,0.747,1.924,-1.574,0.034
0.18,-0.529,-0.248,0.747,1.982,-1.578,0.034
0.19,-0.504,-0.267,0.747,2.033,-1.502,0.034
0.2,-0.478,-0.286,0.746,2.077,-1.385,0.033
0.21,-0.452,-0.302,0.746,2.115,-1.215,0.032
0.22,-0.425,-0.316,0.746,2.149,-1.065,0.031
0.23,-0.398,-0.329,0.746,2.179,-0.962,0.03
0.24,-0.37,-0.341,0.746,2.106,-0.882,0.028
0.25,-0.344,-0.351,0.746,1.944,-0.803,0.024
0.26,-0.32,-0.361,0.746,1.997,-0.82,0.024
0.27,-0.295,-0.372,0.747,2.047,-0.836,0.023
0.28,-0.269,-0.382,0.747,2.092,-0.85,0.023
0.29,-0.242,-0.393,0.747,2.131,-0.853,0.022
0.3,-0.216,-0.403,0.747,2.165,-0.834,0.021
0.31,-0.188,-0.413,0.747,2.194,-0.759,0.02
0.32,-0.161,-0.422,0.747,2.219,-0.664,0.019
0.33,-0.133,-0.43,0.747,2.142,-0.581,0.017
0.34,-0.107,-0.437,0.747,1.875,-0.512,0.014
0.35000000000000003,-0.085,-0.443,0.747,1.64,-0.45,0.011
0.36,-0.065,-0.449,0.747,1.435,-0.396,0.009
0.37,-0.048,-0.454,0.747,1.256,-0.348,0.007
0.38,-0.033,-0.458,0.747,1.098,-0.306,0.006
0.39,-0.019,-0.462,0.747,1.089,-0.268,0.005
0.4,-0.005,-0.465,0.747,1.148,-0.214,0.005
0.41000000000000003,0.01,-0.467,0.747,1.304,-0.146,0.006
0.42,0.027,-0.469,0.747,1.44,-0.066,0.006
0.43,0.045,-0.469,0.747,1.56,0.004,0.006
0.44,0.065,-0.469,0.747,1.565,0.024,0.005
0.45,0.084,-0.469,0.747,1.459,0.021,0.004
0.46,0.103,-0.469,0.747,1.516,0.02,0.004
0.47000000000000003,0.121,-0.468,0.747,1.329,0.016,-0.007
0.48,0.137,-0.468,0.747,1.163,0.012,-0.027
0.49,0.151,-0.468,0.745,1.019,0.008,-0.318
0.5,0.163,-0.468,0.74,0.893,0.005,-0.578
0.51,0.173,-0.468,0.732,0.783,0.004,-0.805
0.52,0.183,-0.468,0.721,0.687,-0.066,-0.904
0.53,0.191,-0.469,0.71,0.63,-0.062,-0.791
0.54,0.199,-0.47,0.701,0.551,-0.144,-0.693
0.55,0.205,-0.472,0.692,0.483,-0.127,-0.755
0.56,0.211,-0.473,0.682,0.424,-0.11,-0.958
0.5700000000000001,0.216,-0.475,0.669,0.412,-0.286,-0.94
0.58,0.221,-0.479,0.658,0.361,-0.451,-0.823
0.59,0.225,-0.485,0.648,0.315,-0.396,-0.72
0.6,0.229,-0.49,0.64,0.276,-0.346,-0.739
0.61,0.232,-0.494,0.629,0.243,-0.302,-0.946
0.62,0.235,-0.497,0.617,0.214,-0.263,-1.127
0.63,0.238,-0.5,0.602,0.219,-0.24,-1.186
0.64,0.24,-0.503,0.587,0.353,-0.211,-1.134
0.65,0.246,-0.506,0.573,0.549,-0.185,-0.993
0.66,0.253,-0.508,0.561,0.561,-0.162,-0.968
0.67,0.259,-0.51,0.549,0.492,-0.141,-1.146
0.68,0.265,-0.512,0.534,0.432,-0.144,-1.203
0.6900000000000001,0.27,-0.513,0.519,0.377,-0.128,-1.053
0.7000000000000001,0.275,-0.515,0.507,0.329,-0.113,-0.921
0.71,0.279,-0.516,0.495,0.288,-0.099,-0.806
0.72,0.282,-0.517,0.486,0.251,-0.087,-0.705
0.73,0.285,-0.518,0.477,0.22,-0.077,-0.617
0.74,0.288,-0.519,0.47,0.192,-0.088,-0.54
0.75,0.29,-0.521,0.464,0.168,-0.316,-0.473
0.76,0.292,-0.526,0.458,0.148,-0.576,-0.415
0.77,0.294,-0.534,0.453,0.13,-0.674,-0.363
0.78,0.295,-0.542,0.449,0.114,-0.589,-0.317
0.79,0.297,-0.549,0.445,0.1,-0.515,-0.277
0.8,0.298,-0.556,0.441,0.087,-0.451,-0.242
0.81,0.299,-0.561,0.439,0.076,-0.395,-0.212
0.8200000000000001,0.3,-0.566,0.436,0.067,-0.346,-0.185
0.8300000000000001,0.3,-0.57,0.434,0.058,-0.302,-0.162
0.84,0.301,-0.574,0.432,0.051,-0.265,-0.141
0.85,0.302,-0.577,0.43,0.045,-0.232,-0.124
0.86,0.302,-0.579,0.429,0.039,-0.203,-0.108
0.87,0.303,-0.582,0.427,0.034,-0.177,-0.095
0.88,0.303,-0.584,0.426,0.03,-0.155,-0.083
0.89,0.303,-0.586,0.425,0.026,-0.136,-0.072
0.9,0.304,-0.587,0.424,0.023,-0.119,-0.063
0.91,0.304,-0.589,0.424,0.1,-0.104,-0.055
0.92,0.307,-0.59,0.423,0.386,0.048,-0.048
0.93,0.312,-0.588,0.422,0.638,0.193,-0.042
0.9400000000000001,0.321,-0.585,0.422,0.858,0.369,-0.037
0.9500000000000001,0.333,-0.58,0.421,1.05,0.553,-0.032
0.96,0.347,-0.572,0.421,1.199,0.782,-0.028
0.97,0.362,-0.561,0.421,1.29,0.982,-0.024
0.98,0.378,-0.548,0.42,1.369,1.158,-0.02
0.99,0.396,-0.533,0.42,1.429,1.312,-0.017
1.0,0.414,-0.516,0.42,1.461,1.446,-0.015
1.01,0.432,-0.497,0.42,1.469,1.564,-0.013
1.02,0.45,-0.477,0.42,1.457,1.667,-0.011
1.03,0.468,-0.456,0.419,1.406,1.757,-0.009
1.04,0.485,-0.433,0.419,1.322,1.836,-0.008
1.05,0.501,-0.41,0.419,1.219,1.904,-0.007
1.06,0.516,-0.386,0.419,1.129,1.965,-0.005
1.07,0.529,-0.361,0.419,1.03,2.018,-0.004
1.08,0.541,-0.335,0.419,0.904,2.064,-0.004
1.09,0.552,-0.309,0.419,0.667,2.102,-0.003
1.1,0.559,-0.283,0.419,0.438,2.137,-0.002
1.11,0.564,-0.256,0.419,0.382,1.923,-0.002
1.12,0.568,-0.233,0.419,0.335,1.714,-0.002
1.1300000000000001,0.572,-0.212,0.419,0.294,1.648,-0.001
1.1400000000000001,0.575,-0.192,0.419,0.258,1.463,-0.001
1.1500000000000001,0.578,-0.173,0.419,0.227,1.477,-0.001
1.16,0.581,-0.156,0.419,0.199,1.293,-0.041
1.17,0.583,-0.14,0.417,0.175,1.132,-0.332
1.18,0.585,-0.127,0.411,0.154,0.991,-0.59
1.19,0.587,-0.115,0.403,0.135,0.869,-0.816
1.2,0.589,-0.104,0.393,0.317,0.711,-0.721
1.21,0.594,-0.096,0.385,0.575,0.515,-0.633
1.22,0.602,-0.091,0.377,0.802,0.333,-0.556
1.23,0.613,-0.088,0.37,1.001,0.095,-0.488
1.24,0.626,-0.087,0.365,0.967,-0.016,-0.557
1.25,0.638,-0.088,0.357,0.846,-0.014,-0.787
1.26,0.648,-0.088,0.346,0.74,-0.012,-0.989
1.27,0.657,-0.088,0.333,0.648,-0.009,-1.166
1.28,0.664,-0.088,0.318,0.666,-0.017,-1.221
1.29,0.673,-0.089,0.303,0.88,-0.022,-1.07
1.3,0.685,-0.089,0.29,0.87,-0.018,-0.935
1.31,0.695,-0.09,0.279,0.761,-0.016,-1.017
1.32,0.704,-0.09,0.265,0.666,-0.013,-1.191
1.33,0.712,-0.09,0.25,0.582,-0.01,-1.342
1.34,0.719,-0.09,0.234,0.511,-0.01,-1.177
1.35,0.726,-0.09,0.22,0.448,-0.009,-1.029
1.36,0.731,-0.091,0.207,0.393,-0.009,-0.9
1.37,0.736,-0.091,0.196,0.344,-0.008,-0.787
1.3800000000000001,0.74,-0.091,0.187,0.302,-0.007,-0.708
1.3900000000000001,0.743,-0.091,0.179,0.265,-0.007,-0.62
1.4000000000000001,0.747,-0.091,0.171,0.232,-0.006,-0.542
1.41,0.749,-0.091,0.165,0.203,-0.005,-0.474
1.42,0.752,-0.091,0.159,0.178,-0.005,-0.415
1.43,0.754,-0.091,0.154,0.156,-0.004,-0.363
1.44,0.756,-0.091,0.15,0.137,-0.004,-0.317
1.45,0.757,-0.092,0.146,0.12,-0.003,-0.277
1.46,0.756,-0.083,0.195,-0.084,1.06,5.752
1.47,0.755,-0.071,0.264,-0.045,0.919,5.049
1.48,0.753,-0.06,0.325,-0.027,0.796,4.429
1.49,0.752,-0.051,0.378,-0.017,0.69,3.881
1.5,0.752,-0.043,0.424,-0.011,0.597,3.399
1.51,0.751,-0.037,0.465,-0.007,0.517,2.975
1.52,0.751,-0.031,0.5,-0.004,0.448,2.603
1.53,0.751,-0.025,0.531,-0.002,0.389,2.277
1.54,0.751,-0.021,0.559,-0.001,0.338,1.991
1.55,0.75,-0.017,0.582,0.001,0.294,1.742
1.56,0.75,-0.014,0.603,0.002,0.256,1.523
1.57,0.75,-0.011,0.622,0.002,0.223,1.332
1.58,0.75,-0.008,0.637,0.003,0.194,1.166
1.59,0.75,-0.006,0.651,0.003,0.17,1.02
1.6,0.75,-0.004,0.664,0.003,0.148,0.892
1.61,0.75,-0.002,0.674,0.004,0.129,0.78
1.62,0.75,-0.001,0.684,0.003,0.113,0.683
1.6300000000000001,0.751,0.001,0.692,0.003,0.098,0.597
1.6400000000000001,0.751,0.002,0.699,0.003,0.086,0.523
1.6500000000000001,0.751,0.003,0.705,0.003,0.075,0.457
1.6600000000000001,0.751,0.004,0.711,0.003,0.066,0.4
1.67,0.751,0.005,0.715,0.003,0.057,0.35
1.68,0.751,0.005,0.72,0.002,0.05,0.306
1.69,0.751,0.006,0.723,0.002,0.044,0.268
1.7,0.751,0.006,0.727,0.002,0.038,0.235
1.71,0.751,0.007,0.729,0.002,0.034,0.205
