0.01,-0.743,-0.007,0.748,0.297,-0.007,-0.002
0.02,-0.738,-0.007,0.747,0.56,-0.01,-0.002
0.03,-0.73,-0.007,0.747,0.789,-0.014,-0.001
0.04,-0.719,-0.007,0.747,0.99,-0.019,0.0
0.05,-0.706,-0.007,0.747,1.165,-0.024,0.002
0.06,-0.691,-0.007,0.747,1.318,-0.029,0.004
0.07,-0.674,-0.008,0.747,1.451,-0.034,0.007
0.08,-0.655,-0.008,0.746,1.567,-0.04,0.009
0.09,-0.635,-0.009,0.746,1.669,-0.085,0.015
0.1,-0.614,-0.01,0.746,1.761,-0.194,0.025
0.11,-0.592,-0.013,0.746,1.84,-0.347,0.029
0.12,-0.568,-0.018,0.746,1.909,-0.51,0.034
0.13,-0.544,-0.025,0.746,1.969,-0.624,0.036
0.14,-0.519,-0.032,0.745,2.022,-0.637,0.037
0.15,-0.494,-0.04,0.745,2.068,-0.637,0.037
0.16,-0.468,-0.048,0.745,2.108,-0.589,0.036
0.17,-0.441,-0.055,0.745,2.143,-0.518,0.034
0.18,-0.414,-0.061,0.745,2.173,-0.455,0.033
0.19,-0.387,-0.066,0.745,2.199,-0.399,0.031
0.2,-0.359,-0.071,0.745,2.222,-0.36,0.03
0.21,-0.331,-0.075,0.745,2.243,-0.343,0.029
0.22,-0.303,-0.08,0.745,2.261,-0.329,0.028
0.23,-0.274,-0.084,0.745,2.277,-0.315,0.027
0.24,-0.246,-0.087,0.745,2.292,-0.302,0.027
0.25,-0.217,-0.091,0.745,2.306,-0.289,0.026
0.26,-0.188,-0.095,0.745,2.318,-0.277,0.025
0.27,-0.159,-0.098,0.745,2.33,-0.266,0.025
0.28,-0.129,-0.101,0.745,2.339,-0.26,0.023
0.29,-0.1,-0.105,0.745,2.349,-0.284,0.02
0.3,-0.071,-0.108,0.745,2.258,-0.306,0.019
0.31,-0.043,-0.112,0.745,2.278,-0.353,0.015
0.32,-0.014,-0.117,0.745,2.295,-0.346,0.012
0.33,0.014,-0.121,0.745,2.11,-0.305,0.012
0.34,0.039,-0.125,0.745,1.847,-0.27,0.012
0.35000000000000003,0.062,-0.129,0.745,1.616,-0.239,0.013
0.36,0.081,-0.131,0.745,1.376,-0.212,0.014
0.37,0.098,-0.134,0.745,1.433,-0.184,0.011
0.38,0.116,-0.136,0.746,1.554,-0.159,0.007
0.39,0.136,-0.138,0.746,1.56,-0.138,0.005
0.4,0.155,-0.14,0.746,1.368,-0.122,0.204
0.41000000000000003,0.171,-0.142,0.75,1.198,-0.109,0.339
0.42,0.185,-0.143,0.753,1.045,-0.097,0.072
0.43,0.198,-0.144,0.753,0.912,-0.086,-0.234
0.44,0.209,-0.145,0.749,0.796,-0.076,-0.502
0.45,0.218,-0.146,0.741,0.736,-0.166,-0.638
0.46,0.227,-0.148,0.734,0.646,-0.229,-0.558
0.47000000000000003,0.235,-0.152,0.727,0.565,-0.241,-0.598
0.48,0.241,-0.154,0.719,0.494,-0.211,-0.821
0.49,0.247,-0.157,0.708,0.533,-0.184,-0.818
0.5,0.255,-0.159,0.698,0.765,-0.16,-0.718
0.51,0.264,-0.161,0.689,0.675,-0.14,-0.628
0.52,0.272,-0.163,0.681,0.591,-0.123,-0.748
0.53,0.279,-0.164,0.671,0.517,-0.108,-0.853
0.54,0.286,-0.166,0.661,0.738,-0.093,-0.749
0.55,0.295,-0.167,0.652,0.652,-0.081,-0.655
0.56,0.303,-0.168,0.644,0.571,-0.071,-0.573
0.5700000000000001,0.31,-0.169,0.637,0.5,-0.062,-0.501
0.58,0.316,-0.169,0.631,0.438,-0.055,-0.438
0.59,0.321,-0.17,0.626,0.384,-0.048,-0.383
0.6,0.326,-0.171,0.621,0.336,-0.042,-0.335
0.61,0.33,-0.171,0.617,0.294,-0.037,-0.293
0.62,0.333,-0.172,0.614,0.258,-0.032,-0.256
0.63,0.336,-0.172,0.611,0.226,-0.028,-0.224
0.64,0.339,-0.172,0.608,0.198,-0.025,-0.196
0.65,0.341,-0.173,0.606,0.173,-0.021,-0.172
0.66,0.344,-0.173,0.604,0.151,-0.019,-0.15
0.67,0.345,-0.173,0.602,0.132,-0.016,-0.131
0.68,0.347,-0.173,0.6,0.116,-0.014,-0.115
0.6900000000000001,0.348,-0.174,0.599,0.101,-0.013,-0.1
0.7000000000000001,0.35,-0.174,0.598,0.089,-0.011,-0.088
0.71,0.351,-0.174,0.597,0.078,-0.01,-0.077
0.72,0.352,-0.174,0.596,0.068,-0.009,-0.067
0.73,0.353,-0.174,0.595,0.256,0.047,-0.059
0.74,0.357,-0.173,0.594,0.525,0.132,-0.054
0.75,0.365,-0.171,0.594,0.76,0.207,-0.049
0.76,0.375,-0.168,0.593,0.966,0.272,-0.046
0.77,0.388,-0.164,0.593,1.146,0.339,-0.044
0.78,0.403,-0.16,0.592,1.304,0.447,-0.043
0.79,0.42,-0.154,0.592,1.441,0.59,-0.041
0.8,0.438,-0.145,0.591,1.414,0.817,-0.036
0.81,0.454,-0.135,0.591,1.242,0.724,-0.03
0.8200000000000001,0.469,-0.127,0.591,1.086,0.631,-0.025
0.8300000000000001,0.482,-0.119,0.591,0.95,0.55,-0.02
0.84,0.494,-0.112,0.59,0.831,0.48,-0.017
0.85,0.503,-0.107,0.59,0.727,0.419,-0.014
0.86,0.512,-0.102,0.59,0.636,0.366,-0.011
0.87,0.52,-0.097,0.59,0.557,0.32,-0.009
0.88,0.526,-0.093,0.59,0.487,0.279,-0.008
0.89,0.532,-0.09,0.59,0.426,0.244,-0.007
0.9,0.537,-0.087,0.59,0.373,0.213,-0.005
0.91,0.542,-0.085,0.591,0.327,0.187,0.262
0.92,0.546,-0.082,0.595,0.287,0.163,0.529
0.93,0.549,-0.08,0.603,0.252,0.142,0.764
0.9400000000000001,0.552,-0.079,0.613,0.221,0.124,0.969
0.9500000000000001,0.555,-0.077,0.626,0.195,0.107,1.149
0.96,0.556,-0.076,0.64,-0.029,0.055,1.009
0.97,0.555,-0.076,0.652,-0.256,-0.091,0.882
0.98,0.552,-0.077,0.663,-0.226,-0.084,0.772
0.99,0.548,-0.078,0.672,-0.297,-0.153,0.675
1.0,0.544,-0.08,0.68,-0.459,-0.28,0.589
1.01,0.539,-0.084,0.687,-0.407,-0.253,0.516
1.02,0.534,-0.087,0.693,-0.356,-0.221,0.452
1.03,0.53,-0.089,0.699,-0.311,-0.193,0.396
1.04,0.526,-0.092,0.703,-0.272,-0.169,0.346
1.05,0.523,-0.094,0.707,-0.238,-0.148,0.303
1.06,0.52,-0.096,0.711,-0.208,-0.129,0.265
1.07,0.517,-0.097,0.714,-0.182,-0.113,0.232
1.08,0.515,-0.098,0.717,-0.159,-0.099,0.203
1.09,0.513,-0.1,0.719,-0.139,-0.086,0.178
1.1,0.512,-0.101,0.722,-0.122,-0.075,0.156
1.11,0.51,-0.102,0.723,-0.107,-0.066,0.136
1.12,0.53,-0.093,0.726,2.316,1.085,0.182
1.1300000000000001,0.557,-0.08,0.729,2.025,0.945,0.165
1.1400000000000001,0.581,-0.068,0.731,1.77,0.823,0.149
1.1500000000000001,0.603,-0.058,0.733,1.548,0.717,0.134
1.16,0.621,-0.05,0.735,1.355,0.625,0.121
1.17,0.637,-0.042,0.737,1.185,0.546,0.109
1.18,0.651,-0.036,0.738,1.037,0.477,0.097
1.19,0.664,-0.03,0.739,0.908,0.416,0.087
1.2,0.675,-0.025,0.741,0.795,0.364,0.077
1.21,0.684,-0.02,0.742,0.696,0.318,0.069
1.22,0.692,-0.017,0.742,0.609,0.278,0.061
1.23,0.7,-0.013,0.743,0.533,0.243,0.054
1.24,0.706,-0.01,0.744,0.467,0.213,0.048
1.25,0.712,-0.008,0.745,0.409,0.186,0.043
1.26,0.717,-0.006,0.745,0.358,0.163,0.038
1.27,0.721,-0.004,0.746,0.313,0.142,0.033
1.28,0.725,-0.002,0.746,0.274,0.125,0.029
1.29,0.728,-0.0,0.746,0.24,0.109,0.026
1.3,0.731,0.001,0.747,0.21,0.095,0.023
1.31,0.733,0.002,0.747,0.184,0.083,0.02
1.32,0.736,0.003,0.747,0.161,0.073,0.018
1.33,0.737,0.004,0.747,0.141,0.064,0.016
