0.01,-0.743,-0.007,0.748,0.003,-0.298,-0.001
0.02,-0.743,-0.012,0.748,0.003,-0.561,-0.0
0.03,-0.743,-0.02,0.748,0.003,-0.791,0.0
0.04,-0.742,-0.03,0.748,0.151,-0.992,0.002
0.05,-0.74,-0.043,0.748,0.321,-1.168,0.004
0.06,-0.735,-0.059,0.748,0.469,-1.322,0.006
0.07,-0.729,-0.076,0.748,0.54,-1.457,0.007
0.08,-0.722,-0.094,0.748,0.602,-1.575,0.009
0.09,-0.714,-0.115,0.748,0.715,-1.678,0.01
0.1,-0.704,-0.136,0.748,0.805,-1.769,0.012
0.11,-0.694,-0.158,0.748,0.884,-1.848,0.013
0.12,-0.682,-0.182,0.748,0.952,-1.917,0.014
0.13,-0.67,-0.206,0.748,1.013,-1.978,0.015
0.14,-0.656,-0.231,0.748,1.064,-1.931,0.015
0.15,-0.644,-0.254,0.748,0.951,-1.691,0.012
0.16,-0.631,-0.274,0.748,1.007,-1.48,0.011
0.17,-0.619,-0.292,0.748,0.881,-1.296,-0.001
0.18,-0.608,-0.307,0.748,0.771,-1.136,-0.22
0.19,-0.599,-0.321,0.744,0.676,-0.995,-0.493
0.2,-0.591,-0.332,0.737,0.591,-0.872,-0.532
0.21,-0.584,-0.343,0.73,0.417,-0.803,-0.536
0.22,-0.579,-0.352,0.724,0.36,-0.704,-0.469
0.23,-0.575,-0.361,0.717,0.317,-0.616,-0.706
0.24,-0.571,-0.368,0.707,0.218,-0.54,-0.818
0.25,-0.569,-0.375,0.697,-0.014,-0.543,-0.717
0.26,-0.57,-0.381,0.688,-0.113,-0.505,-0.627
0.27,-0.571,-0.387,0.681,-0.099,-0.442,-0.718
0.28,-0.572,-0.393,0.671,-0.127,-0.507,-0.728
0.29,-0.574,-0.399,0.662,-0.111,-0.575,-0.656
0.3,-0.575,-0.407,0.654,-0.097,-0.654,-0.574
0.31,-0.576,-0.415,0.647,-0.085,-0.572,-0.64
0.32,-0.577,-0.422,0.639,-0.075,-0.501,-0.56
0.33,-0.58,-0.427,0.632,-0.363,-0.261,-0.49
0.34,-0.585,-0.43,0.626,-0.409,-0.197,-0.429
0.35000000000000003,-0.59,-0.432,0.621,-0.358,-0.172,-0.375
0.36,-0.594,-0.434,0.617,-0.313,-0.151,-0.328
0.37,-0.598,-0.436,0.613,-0.274,-0.132,-0.287
0.38,-0.601,-0.438,0.609,-0.239,-0.115,-0.251
0.39,-0.604,-0.439,0.606,-0.209,-0.101,-0.219
0.4,-0.606,-0.44,0.604,-0.183,-0.088,-0.202
0.41000000000000003,-0.608,-0.441,0.601,-0.16,-0.077,-0.396
0.42,-0.61,-0.442,0.595,-0.139,-0.068,-0.646
0.43,-0.612,-0.443,0.586,-0.121,-0.059,-0.866
0.44,-0.613,-0.444,0.574,-0.104,-0.051,-1.057
0.45,-0.615,-0.444,0.56,-0.089,-0.044,-1.225
0.46,-0.616,-0.445,0.544,-0.076,-0.039,-1.372
0.47000000000000003,-0.617,-0.445,0.526,-0.065,-0.034,-1.5
0.48,-0.618,-0.446,0.507,0.014,-0.03,-1.483
0.49,-0.617,-0.446,0.49,0.183,-0.026,-1.296
0.5,-0.614,-0.446,0.474,0.269,-0.023,-1.134
0.51,-0.61,-0.447,0.461,0.325,-0.021,-0.992
0.52,-0.606,-0.447,0.449,0.304,-0.018,-0.868
0.53,-0.603,-0.447,0.438,0.205,-0.016,-0.76
0.54,-0.601,-0.447,0.429,-0.032,-0.015,-0.666
0.55,-0.603,-0.447,0.421,-0.229,-0.014,-0.583
0.56,-0.606,-0.448,0.414,-0.322,-0.012,-0.51
0.5700000000000001,-0.61,-0.448,0.408,-0.302,-0.211,-0.446
0.58,-0.613,-0.451,0.403,-0.263,-0.285,-0.39
0.59,-0.617,-0.455,0.398,-0.231,-0.249,-0.341
0.6,-0.619,-0.458,0.394,-0.202,-0.218,-0.308
0.61,-0.622,-0.46,0.39,-0.177,-0.191,-0.27
0.62,-0.624,-0.463,0.387,-0.185,-0.167,-0.236
0.63,-0.626,-0.465,0.384,-0.152,-0.146,-0.206
0.64,-0.628,-0.466,0.382,-0.142,-0.238,-0.18
0.65,-0.63,-0.471,0.38,-0.132,-0.507,-0.157
0.66,-0.631,-0.478,0.378,-0.112,-0.742,-0.136
0.67,-0.633,-0.488,0.376,-0.152,-0.947,-0.117
0.68,-0.635,-0.499,0.374,-0.138,-0.835,-0.312
0.6900000000000001,-0.636,-0.509,0.369,-0.124,-0.733,-0.574
0.7000000000000001,-0.638,-0.518,0.361,-0.11,-0.643,-0.693
0.71,-0.639,-0.526,0.352,-0.106,-0.563,-0.606
0.72,-0.641,-0.532,0.345,-0.102,-0.592,-0.559
0.73,-0.642,-0.54,0.338,-0.09,-0.522,-0.489
0.74,-0.643,-0.546,0.332,-0.079,-0.457,-0.427
0.75,-0.644,-0.551,0.327,-0.07,-0.4,-0.444
0.76,-0.645,-0.556,0.322,-0.091,-0.35,-0.388
0.77,-0.646,-0.56,0.317,-0.119,-0.307,-0.36
0.78,-0.648,-0.564,0.311,-0.106,-0.27,-0.611
0.79,-0.649,-0.567,0.303,-0.093,-0.246,-0.635
0.8,-0.65,-0.57,0.296,-0.1,-0.364,-0.555
0.81,-0.652,-0.575,0.289,-0.323,-0.322,-0.485
0.8200000000000001,-0.657,-0.578,0.283,-0.372,-0.281,-0.424
0.8300000000000001,-0.661,-0.582,0.278,-0.326,-0.246,-0.371
0.84,-0.665,-0.585,0.273,-0.285,-0.216,-0.324
0.85,-0.668,-0.587,0.27,-0.25,-0.189,-0.283
0.86,-0.671,-0.589,0.266,-0.219,-0.166,-0.247
0.87,-0.674,-0.591,0.263,-0.192,-0.146,-0.216
0.88,-0.676,-0.593,0.261,-0.168,-0.128,-0.189
0.89,-0.655,-0.544,0.372,6.729,4.975,11.72
0.9,-0.551,-0.474,0.475,9.508,3.761,4.977
0.91,-0.437,-0.421,0.509,8.328,2.853,1.287
0.92,-0.339,-0.384,0.517,7.163,1.951,1.313
0.93,-0.25,-0.358,0.532,6.809,1.383,1.978
0.9400000000000001,-0.163,-0.338,0.555,7.116,1.517,2.393
0.9500000000000001,-0.071,-0.313,0.582,7.564,2.406,2.197
0.96,0.025,-0.276,0.604,7.333,3.272,1.53
0.97,0.114,-0.236,0.62,6.492,2.947,1.346
0.98,0.193,-0.202,0.635,5.707,2.57,1.161
0.99,0.262,-0.173,0.649,4.999,2.202,1.004
1.0,0.322,-0.149,0.662,4.38,1.881,0.871
1.01,0.375,-0.128,0.673,3.844,1.611,0.754
1.02,0.422,-0.11,0.682,3.379,1.386,0.647
1.03,0.463,-0.094,0.691,2.97,1.196,0.554
1.04,0.498,-0.081,0.698,2.61,1.034,0.475
1.05,0.53,-0.069,0.704,2.29,0.894,0.412
1.06,0.557,-0.059,0.71,2.008,0.774,0.36
1.07,0.581,-0.05,0.714,1.759,0.67,0.317
1.08,0.603,-0.043,0.718,1.541,0.581,0.28
1.09,0.621,-0.036,0.722,1.349,0.504,0.248
1.1,0.637,-0.03,0.725,1.181,0.437,0.22
1.11,0.651,-0.025,0.728,1.034,0.38,0.195
1.12,0.664,-0.021,0.731,0.905,0.331,0.173
1.1300000000000001,0.675,-0.017,0.733,0.793,0.288,0.153
1.1400000000000001,0.684,-0.013,0.735,0.694,0.251,0.135
1.1500000000000001,0.693,-0.01,0.737,0.608,0.219,0.12
1.16,0.7,-0.008,0.738,0.532,0.191,0.106
1.17,0.706,-0.006,0.739,0.466,0.166,0.094
1.18,0.712,-0.004,0.741,0.408,0.145,0.083
1.19,0.717,-0.002,0.742,0.357,0.127,0.073
1.2,0.721,-0.0,0.743,0.313,0.111,0.064
1.21,0.725,0.001,0.743,0.274,0.097,0.056
1.22,0.728,0.002,0.744,0.24,0.084,0.05
1.23,0.731,0.003,0.745,0.21,0.074,0.044
1.24,0.733,0.004,0.745,0.184,0.064,0.039
1.25,0.736,0.005,0.746,0.161,0.056,0.034
1.26,0.737,0.005,0.746,0.141,0.049,0.03
1.27,0.739,0.006,0.746,0.123,0.043,0.026
