0.01,-0.743,-0.006,0.748,0.297,-0.007,-0.002
0.02,-0.738,-0.006,0.748,0.56,-0.011,-0.002
0.03,-0.73,-0.006,0.747,0.79,-0.015,-0.001
0.04,-0.719,-0.007,0.747,0.99,-0.02,-0.0
0.05,-0.706,-0.007,0.747,1.166,-0.025,0.002
0.06,-0.691,-0.007,0.747,1.318,-0.03,0.004
0.07,-0.675,-0.007,0.747,1.158,-0.025,-0.015
0.08,-0.661,-0.008,0.746,1.013,-0.02,-0.042
0.09,-0.649,-0.008,0.745,0.988,-0.067,-0.052
0.1,-0.636,-0.009,0.745,1.164,-0.234,-0.04
0.11,-0.621,-0.013,0.744,1.317,-0.365,-0.03
0.12,-0.604,-0.018,0.743,1.451,-0.44,-0.021
0.13,-0.585,-0.023,0.743,1.569,-0.478,-0.014
0.14,-0.565,-0.029,0.742,1.671,-0.509,-0.007
0.15,-0.544,-0.035,0.742,1.761,-0.479,-0.002
0.16,-0.521,-0.041,0.741,1.839,-0.452,0.002
0.17,-0.498,-0.047,0.741,1.909,-0.627,0.009
0.18,-0.474,-0.056,0.741,1.951,-0.838,0.015
0.19,-0.45,-0.067,0.74,1.779,-0.83,0.015
0.2,-0.428,-0.076,0.74,1.559,-0.728,-0.076
0.21,-0.41,-0.085,0.738,1.368,-0.639,-0.362
0.22,-0.393,-0.093,0.732,1.202,-0.561,-0.615
0.23,-0.379,-0.099,0.723,0.955,-0.591,-0.738
0.24,-0.368,-0.106,0.713,0.834,-0.523,-0.841
0.25,-0.358,-0.113,0.702,0.728,-0.458,-0.736
0.26,-0.349,-0.118,0.694,0.636,-0.401,-0.645
0.27,-0.342,-0.123,0.686,0.556,-0.351,-0.564
0.28,-0.335,-0.127,0.679,0.486,-0.308,-0.494
0.29,-0.329,-0.131,0.673,0.425,-0.269,-0.432
0.3,-0.324,-0.134,0.668,0.371,-0.236,-0.378
0.31,-0.32,-0.137,0.663,0.325,-0.207,-0.331
0.32,-0.317,-0.139,0.659,0.055,-0.191,-0.29
0.33,-0.317,-0.141,0.656,-0.252,-0.168,-0.255
0.34,-0.321,-0.143,0.653,-0.491,-0.147,-0.223
0.35000000000000003,-0.327,-0.145,0.65,-0.433,-0.129,-0.395
0.36,-0.332,-0.147,0.644,-0.376,-0.113,-0.645
0.37,-0.337,-0.148,0.635,-0.319,-0.106,-0.848
0.38,-0.341,-0.149,0.624,-0.273,-0.1,-0.829
0.39,-0.344,-0.151,0.613,-0.226,-0.099,-0.967
0.4,-0.347,-0.152,0.601,-0.201,-0.087,-0.853
0.41000000000000003,-0.349,-0.153,0.591,-0.259,-0.074,-0.751
0.42,-0.354,-0.154,0.582,-0.451,-0.062,-0.665
0.43,-0.359,-0.154,0.574,-0.398,-0.053,-0.604
0.44,-0.364,-0.155,0.566,-0.34,-0.058,-0.803
0.45,-0.368,-0.156,0.555,-0.291,-0.061,-0.982
0.46,-0.371,-0.157,0.542,-0.25,-0.063,-1.141
0.47000000000000003,-0.374,-0.157,0.527,-0.215,-0.064,-1.283
0.48,-0.377,-0.158,0.511,-0.154,-0.06,-1.225
0.49,-0.378,-0.159,0.497,-0.104,-0.048,-0.914
0.5,-0.381,-0.159,0.486,-0.368,-0.034,-0.708
0.51,-0.386,-0.16,0.478,-0.425,-0.026,-0.56
0.52,-0.391,-0.16,0.471,-0.451,-0.019,-0.453
0.53,-0.398,-0.16,0.466,-0.695,-0.008,-0.408
0.54,-0.406,-0.16,0.461,-0.62,-0.005,-0.349
0.55,-0.415,-0.16,0.457,-0.744,0.003,-0.339
0.56,-0.424,-0.16,0.453,-0.647,0.0,-0.309
0.5700000000000001,-0.431,-0.16,0.449,-0.522,-0.016,-0.296
0.58,-0.437,-0.16,0.445,-0.468,-0.014,-0.272
0.59,-0.443,-0.16,0.442,-0.42,-0.011,-0.252
0.6,-0.448,-0.16,0.439,-0.377,-0.009,-0.234
0.61,-0.453,-0.161,0.436,-0.339,-0.008,-0.219
0.62,-0.457,-0.161,0.433,-0.305,-0.007,-0.205
0.63,-0.46,-0.161,0.431,-0.274,-0.006,-0.193
0.64,-0.464,-0.161,0.428,-0.247,-0.005,-0.183
0.65,-0.467,-0.161,0.426,-0.222,-0.004,-0.173
0.66,-0.469,-0.161,0.424,-0.2,-0.003,-0.165
0.67,-0.472,-0.161,0.422,-0.181,-0.003,-0.157
0.68,-0.474,-0.161,0.42,-0.163,-0.002,-0.15
0.6900000000000001,-0.476,-0.161,0.418,-0.147,-0.002,-0.143
0.7000000000000001,-0.478,-0.161,0.416,-0.133,-0.001,-0.138
0.71,-0.479,-0.161,0.415,-0.121,-0.001,-0.132
0.72,-0.481,-0.161,0.413,-0.109,-0.001,-0.127
0.73,-0.482,-0.161,0.411,-0.099,-0.0,-0.123
0.74,-0.482,-0.161,0.41,0.213,-0.019,0.0
0.75,-0.478,-0.161,0.411,0.495,-0.035,0.103
0.76,-0.471,-0.162,0.412,0.745,-0.047,0.177
0.77,-0.461,-0.162,0.415,0.968,-0.054,0.22
0.78,-0.448,-0.163,0.417,0.96,-0.048,0.173
0.79,-0.436,-0.164,0.419,1.051,-0.104,0.139
0.8,-0.422,-0.166,0.421,1.224,-0.332,0.067
0.81,-0.406,-0.171,0.421,1.369,-0.547,-0.022
0.8200000000000001,-0.389,-0.178,0.42,1.488,-0.73,-0.118
0.8300000000000001,-0.37,-0.188,0.418,1.491,-0.785,-0.201
0.84,-0.351,-0.198,0.415,1.466,-0.848,-0.281
0.85,-0.333,-0.208,0.411,1.301,-0.751,-0.357
0.86,-0.318,-0.217,0.406,1.178,-0.659,-0.397
0.87,-0.303,-0.225,0.401,1.251,-0.785,-0.456
0.88,-0.287,-0.235,0.395,1.224,-0.693,-0.484
0.89,-0.272,-0.243,0.389,1.115,-0.604,-0.482
0.9,-0.259,-0.25,0.382,0.99,-0.544,-0.563
0.91,-0.247,-0.257,0.375,0.874,-0.494,-0.661
0.92,-0.236,-0.263,0.366,0.762,-0.451,-0.769
0.93,-0.227,-0.268,0.356,0.65,-0.413,-0.889
0.9400000000000001,-0.22,-0.273,0.345,0.453,-0.502,-0.908
0.9500000000000001,-0.216,-0.28,0.333,0.124,-0.537,-0.901
0.96,-0.215,-0.286,0.322,-0.076,-0.442,-0.859
0.97,-0.216,-0.291,0.312,-0.094,-0.387,-0.881
0.98,-0.218,-0.296,0.3,-0.121,-0.349,-1.012
0.99,-0.219,-0.3,0.287,-0.154,-0.312,-1.146
1.0,-0.222,-0.304,0.272,-0.192,-0.274,-1.282
1.01,-0.224,-0.307,0.255,-0.231,-0.236,-1.417
1.02,-0.227,-0.309,0.237,-0.27,-0.195,-1.548
1.03,-0.231,-0.312,0.218,-0.215,-0.329,-1.478
1.04,-0.233,-0.317,0.2,-0.207,-0.462,-1.388
1.05,-0.236,-0.323,0.183,-0.176,-0.408,-1.265
1.06,-0.238,-0.327,0.168,-0.144,-0.361,-1.148
1.07,-0.24,-0.332,0.154,-0.115,-0.319,-1.04
1.08,-0.241,-0.335,0.141,-0.089,-0.283,-0.941
1.09,-0.242,-0.339,0.13,-0.065,-0.251,-0.85
1.1,-0.243,-0.342,0.12,-0.043,-0.222,-0.768
1.11,-0.243,-0.344,0.11,-0.025,-0.197,-0.693
1.12,-0.244,-0.347,0.102,-0.008,-0.174,-0.626
1.1300000000000001,-0.244,-0.349,0.095,0.006,-0.154,-0.566
1.1400000000000001,-0.244,-0.351,0.089,-0.061,-0.262,-0.107
1.1500000000000001,-0.245,-0.354,0.088,-0.048,-0.226,-0.099
1.16,-0.245,-0.357,0.086,-0.032,-0.191,-0.089
1.17,-0.246,-0.359,0.085,-0.018,-0.161,-0.079
1.18,-0.246,-0.361,0.084,-0.006,-0.137,-0.068
1.19,-0.246,-0.363,0.084,0.005,-0.117,-0.056
1.2,-0.246,-0.364,0.083,0.014,-0.1,-0.045
1.21,-0.245,-0.365,0.082,0.022,-0.086,-0.032
1.22,-0.245,-0.366,0.082,0.029,-0.074,-0.019
1.23,-0.245,-0.367,0.082,0.032,-0.067,-0.008
1.24,-0.244,-0.368,0.082,0.029,-0.065,0.001
1.25,-0.244,-0.369,0.082,0.027,-0.062,0.008
1.26,-0.244,-0.369,0.082,0.024,-0.059,0.014
1.27,-0.243,-0.37,0.082,0.022,-0.057,0.02
1.28,-0.225,-0.362,0.096,4.361,1.513,3.025
1.29,-0.173,-0.345,0.134,4.215,0.616,2.835
1.3,-0.119,-0.339,0.171,4.866,-0.151,2.854
1.31,-0.054,-0.34,0.211,5.814,-0.167,3.262
1.32,0.021,-0.338,0.256,6.631,0.779,3.825
1.33,0.104,-0.321,0.307,6.701,2.514,4.183
1.34,0.184,-0.283,0.359,5.907,3.463,4.036
1.35,0.253,-0.242,0.408,5.145,3.061,3.661
1.36,0.315,-0.208,0.452,4.478,2.636,3.199
1.37,0.369,-0.178,0.49,3.905,2.249,2.772
1.3800000000000001,0.416,-0.153,0.523,3.413,1.92,2.401
1.3900000000000001,0.457,-0.132,0.551,2.989,1.644,2.084
1.4000000000000001,0.493,-0.114,0.576,2.619,1.413,1.812
1.41,0.525,-0.098,0.598,2.297,1.218,1.578
1.42,0.553,-0.084,0.617,2.015,1.053,1.376
1.43,0.578,-0.072,0.634,1.767,0.912,1.201
1.44,0.599,-0.062,0.648,1.55,0.791,1.049
1.45,0.618,-0.053,0.661,1.36,0.687,0.916
1.46,0.634,-0.045,0.672,1.193,0.598,0.801
1.47,0.649,-0.038,0.681,1.046,0.52,0.7
1.48,0.662,-0.032,0.69,0.918,0.453,0.613
1.49,0.673,-0.027,0.697,0.805,0.395,0.536
1.5,0.682,-0.022,0.704,0.706,0.344,0.469
1.51,0.691,-0.018,0.709,0.619,0.301,0.411
1.52,0.698,-0.015,0.714,0.542,0.262,0.359
1.53,0.705,-0.012,0.719,0.476,0.229,0.315
1.54,0.711,-0.009,0.722,0.417,0.2,0.276
1.55,0.716,-0.006,0.726,0.365,0.175,0.241
1.56,0.72,-0.004,0.729,0.32,0.153,0.211
1.57,0.724,-0.003,0.731,0.281,0.133,0.185
1.58,0.727,-0.001,0.733,0.246,0.116,0.162
1.59,0.73,0.0,0.735,0.215,0.102,0.142
1.6,0.733,0.002,0.737,0.189,0.089,0.124
1.61,0.735,0.003,0.739,0.165,0.078,0.109
