0.01,-0.744,-0.007,0.748,0.297,-0.008,-0.002
0.02,-0.739,-0.007,0.747,0.56,-0.013,-0.002
0.03,-0.731,-0.008,0.747,0.79,-0.018,-0.002
0.04,-0.721,-0.008,0.747,0.992,-0.023,-0.001
0.05,-0.707,-0.008,0.747,1.167,-0.029,0.001
0.06,-0.692,-0.008,0.747,1.32,-0.034,0.002
0.07,-0.675,-0.009,0.747,1.454,-0.04,0.004
0.08,-0.657,-0.009,0.746,1.57,-0.047,0.006
0.09,-0.637,-0.01,0.746,1.571,-0.048,-0.003
0.1,-0.618,-0.01,0.746,1.375,-0.04,-0.031
0.11,-0.601,-0.011,0.745,1.203,-0.031,-0.056
0.12,-0.586,-0.011,0.744,1.346,-0.041,-0.049
0.13,-0.569,-0.011,0.743,1.277,-0.038,-0.062
0.14,-0.553,-0.012,0.742,1.322,-0.12,-0.054
0.15,-0.536,-0.014,0.741,1.459,-0.283,-0.038
0.16,-0.517,-0.018,0.741,1.575,-0.377,-0.029
0.17,-0.497,-0.023,0.74,1.677,-0.401,-0.022
0.18,-0.477,-0.028,0.739,1.475,-0.349,-0.167
0.19,-0.459,-0.032,0.736,1.296,-0.305,-0.443
0.2,-0.444,-0.035,0.729,1.14,-0.267,-0.686
0.21,-0.43,-0.039,0.719,1.004,-0.233,-0.898
0.22,-0.418,-0.041,0.707,0.885,-0.203,-1.084
0.23,-0.408,-0.044,0.693,0.749,-0.271,-1.146
0.24,-0.4,-0.047,0.679,0.355,-0.24,-1.005
0.25,-0.398,-0.05,0.667,0.107,-0.21,-0.881
0.26,-0.396,-0.052,0.656,0.094,-0.184,-0.871
0.27,-0.395,-0.054,0.645,0.086,-0.161,-1.061
0.28,-0.394,-0.056,0.631,0.08,-0.142,-1.227
0.29,-0.394,-0.058,0.615,0.074,-0.125,-1.372
0.3,-0.393,-0.059,0.597,0.069,-0.11,-1.5
0.31,-0.392,-0.061,0.578,0.064,-0.097,-1.611
0.32,-0.391,-0.062,0.558,0.053,-0.085,-1.51
0.33,-0.391,-0.063,0.54,0.116,-0.084,-1.162
0.34,-0.389,-0.064,0.527,0.157,-0.082,-0.872
0.35000000000000003,-0.387,-0.065,0.517,0.17,-0.077,-0.662
0.36,-0.385,-0.066,0.509,0.167,-0.07,-0.51
0.37,-0.383,-0.066,0.503,0.157,-0.063,-0.401
0.38,-0.382,-0.068,0.498,-0.122,-0.184,-0.341
0.39,-0.385,-0.07,0.494,-0.419,-0.34,-0.312
0.4,-0.391,-0.075,0.491,-0.489,-0.386,-0.286
0.41000000000000003,-0.397,-0.08,0.487,-0.408,-0.34,-0.266
0.42,-0.401,-0.084,0.484,-0.283,-0.306,-0.277
0.43,-0.404,-0.088,0.48,-0.18,-0.281,-0.28
0.44,-0.406,-0.091,0.477,-0.12,-0.269,-0.25
0.45,-0.408,-0.094,0.474,-0.12,-0.241,-0.224
0.46,-0.409,-0.097,0.471,-0.119,-0.215,-0.205
0.47000000000000003,-0.411,-0.099,0.469,-0.108,0.003,-0.152
0.48,-0.412,-0.098,0.467,-0.096,0.192,-0.106
0.49,-0.413,-0.096,0.466,-0.093,0.164,-0.105
0.5,-0.414,-0.093,0.464,-0.085,0.256,-0.083
0.51,-0.415,-0.09,0.463,-0.082,0.221,-0.087
0.52,-0.416,-0.088,0.462,-0.08,0.19,-0.092
0.53,-0.417,-0.085,0.461,-0.078,0.164,-0.097
0.54,-0.418,-0.083,0.46,-0.077,0.142,-0.102
0.55,-0.419,-0.082,0.459,-0.076,0.123,-0.106
0.56,-0.42,-0.08,0.457,-0.075,0.107,-0.111
0.5700000000000001,-0.421,-0.079,0.456,-0.075,0.093,-0.115
0.58,-0.421,-0.078,0.455,0.143,0.072,-0.079
0.59,-0.418,-0.077,0.454,0.432,0.05,-0.034
0.6,-0.412,-0.077,0.453,0.688,0.031,-0.008
0.61,-0.404,-0.076,0.453,0.613,0.022,-0.045
0.62,-0.396,-0.076,0.452,0.541,0.014,-0.078
0.63,-0.39,-0.076,0.451,0.477,0.008,-0.106
0.64,-0.384,-0.076,0.45,0.418,0.002,-0.13
0.65,-0.378,-0.076,0.448,0.659,-0.062,-0.136
0.66,-0.369,-0.077,0.446,0.87,-0.183,-0.171
0.67,-0.357,-0.08,0.444,1.045,-0.397,-0.244
0.68,-0.343,-0.086,0.44,1.097,-0.531,-0.32
0.6900000000000001,-0.33,-0.092,0.436,0.954,-0.463,-0.352
0.7000000000000001,-0.319,-0.098,0.431,1.009,-0.584,-0.416
0.71,-0.305,-0.106,0.426,1.145,-0.758,-0.497
0.72,-0.292,-0.116,0.419,0.983,-0.927,-0.547
0.73,-0.28,-0.129,0.412,0.914,-1.079,-0.585
0.74,-0.268,-0.143,0.404,0.937,-1.232,-0.604
0.75,-0.256,-0.159,0.397,1.041,-1.375,-0.611
0.76,-0.242,-0.176,0.389,1.207,-1.487,-0.617
0.77,-0.226,-0.195,0.381,1.423,-1.557,-0.618
0.78,-0.207,-0.214,0.373,1.677,-1.574,-0.612
0.79,-0.185,-0.233,0.366,1.748,-1.371,-0.579
0.8,-0.164,-0.249,0.358,1.674,-1.099,-0.534
0.81,-0.143,-0.262,0.352,1.562,-0.872,-0.49
0.8200000000000001,-0.125,-0.272,0.346,1.366,-0.766,-0.438
0.8300000000000001,-0.108,-0.282,0.34,1.399,-0.83,-0.411
0.84,-0.09,-0.293,0.335,1.379,-0.856,-0.381
0.85,-0.072,-0.303,0.331,1.473,-0.757,-0.347
0.86,-0.053,-0.312,0.327,1.589,-0.67,-0.306
0.87,-0.033,-0.32,0.323,1.69,-0.585,-0.268
0.88,-0.012,-0.327,0.32,1.779,-0.51,-0.235
0.89,0.011,-0.333,0.317,1.858,-0.444,-0.205
0.9,0.034,-0.338,0.314,1.928,-0.425,-0.18
0.91,0.059,-0.344,0.312,1.993,-0.526,-0.157
0.92,0.084,-0.351,0.31,2.05,-0.643,-0.136
0.93,0.109,-0.36,0.309,2.1,-0.775,-0.117
0.9400000000000001,0.136,-0.37,0.307,2.144,-0.91,-0.099
0.9500000000000001,0.162,-0.383,0.306,2.18,-1.027,-0.083
0.96,0.189,-0.396,0.305,2.212,-1.12,-0.069
0.97,0.217,-0.411,0.304,2.134,-1.116,-0.057
0.98,0.243,-0.425,0.303,2.061,-1.043,-0.059
0.99,0.268,-0.438,0.302,2.005,-0.942,-0.05
1.0,0.293,-0.45,0.301,2.053,-0.818,-0.042
1.01,0.318,-0.46,0.301,2.096,-0.748,-0.035
1.02,0.345,-0.471,0.3,2.136,-0.871,-0.028
1.03,0.371,-0.483,0.3,2.172,-1.048,-0.021
1.04,0.398,-0.497,0.299,2.202,-1.201,-0.014
1.05,0.426,-0.514,0.299,2.127,-1.241,-0.011
1.06,0.451,-0.53,0.299,1.857,-1.093,-0.012
1.07,0.473,-0.543,0.299,1.624,-0.961,0.19
1.08,0.492,-0.555,0.302,1.421,-0.844,0.467
1.09,0.509,-0.566,0.309,1.244,-0.742,0.708
1.1,0.524,-0.575,0.319,1.089,-0.651,0.919
1.11,0.537,-0.583,0.331,0.954,-0.571,1.103
1.12,0.548,-0.59,0.346,0.836,-0.501,1.265
1.1300000000000001,0.558,-0.596,0.362,0.732,-0.438,1.406
1.1400000000000001,0.567,-0.602,0.38,0.642,-0.384,1.529
1.1500000000000001,0.574,-0.606,0.4,0.562,-0.335,1.637
1.16,0.58,-0.61,0.42,0.294,-0.103,1.53
1.17,0.583,-0.61,0.439,0.058,0.104,1.397
1.18,0.583,-0.609,0.455,0.05,0.09,1.225
1.19,0.584,-0.608,0.47,0.044,0.078,1.071
1.2,0.584,-0.607,0.483,0.039,0.069,1.138
1.21,0.585,-0.606,0.498,0.035,0.062,1.296
1.22,0.585,-0.605,0.515,0.031,0.055,1.414
1.23,0.585,-0.605,0.532,0.027,0.047,1.241
1.24,0.586,-0.604,0.547,0.023,0.041,1.085
1.25,0.585,-0.604,0.56,-0.276,0.034,0.949
1.26,0.58,-0.603,0.571,-0.541,0.17,0.829
1.27,0.572,-0.6,0.581,-0.774,0.436,0.721
1.28,0.562,-0.593,0.59,-0.978,0.693,0.626
1.29,0.55,-0.585,0.597,-0.859,0.605,0.551
1.3,0.54,-0.578,0.604,-0.75,0.525,0.712
1.31,0.531,-0.572,0.614,-0.654,0.457,0.925
1.32,0.523,-0.566,0.626,-0.572,0.448,0.91
1.33,0.516,-0.56,0.637,-0.511,0.471,0.797
1.34,0.51,-0.553,0.646,-0.495,0.708,0.696
1.35,0.504,-0.544,0.655,-0.433,0.819,0.609
1.36,0.498,-0.534,0.662,-0.379,0.716,0.534
1.37,0.494,-0.525,0.668,-0.331,0.626,0.468
1.3800000000000001,0.49,-0.518,0.674,-0.29,0.547,0.41
1.3900000000000001,0.486,-0.511,0.679,-0.254,0.479,0.359
1.4000000000000001,0.483,-0.506,0.683,-0.222,0.419,0.315
1.41,0.481,-0.501,0.687,-0.195,0.366,0.275
1.42,0.478,-0.496,0.69,-0.17,0.32,0.241
1.43,0.476,-0.492,0.693,-0.149,0.28,0.211
1.44,0.474,-0.489,0.696,-0.131,0.245,0.185
1.45,0.473,-0.486,0.698,-0.114,0.214,0.162
1.46,0.471,-0.483,0.7,-0.1,0.188,0.142
1.47,0.47,-0.481,0.702,-0.088,0.164,0.124
1.48,0.469,-0.479,0.703,-0.077,0.144,0.108
1.49,0.468,-0.478,0.704,-0.067,0.126,0.095
1.5,0.468,-0.476,0.705,-0.059,0.11,0.083
1.51,0.467,-0.475,0.706,-0.051,0.096,0.073
1.52,0.466,-0.474,0.707,-0.045,0.084,0.064
1.53,0.466,-0.473,0.708,-0.039,0.074,0.056
1.54,0.465,-0.472,0.709,-0.034,0.064,0.049
1.55,0.465,-0.471,0.709,-0.03,0.056,0.143
1.56,0.464,-0.47,0.712,-0.026,0.05,0.425
1.57,0.464,-0.47,0.719,-0.023,0.046,0.672
1.58,0.464,-0.469,0.728,-0.019,0.042,0.888
1.59,0.464,-0.469,0.739,-0.017,0.036,0.781
1.6,0.463,-0.468,0.748,-0.114,0.051,0.683
1.61,0.461,-0.467,0.756,-0.399,0.133,0.598
1.62,0.455,-0.465,0.763,-0.549,0.157,0.523
1.6300000000000001,0.448,-0.463,0.77,-0.48,0.137,0.458
1.6400000000000001,0.471,-0.423,0.769,2.909,4.513,-0.158
1.6500000000000001,0.505,-0.369,0.767,2.545,3.963,-0.147
1.6600000000000001,0.535,-0.321,0.764,2.228,3.476,-0.137
1.67,0.561,-0.279,0.762,1.952,3.045,-0.128
1.68,0.585,-0.243,0.761,1.711,2.665,-0.119
1.69,0.605,-0.211,0.759,1.5,2.331,-0.109
1.7,0.623,-0.183,0.758,1.316,2.037,-0.098
1.71,0.639,-0.159,0.757,1.154,1.781,-0.088
1.72,0.653,-0.137,0.756,1.012,1.556,-0.079
1.73,0.665,-0.119,0.755,0.887,1.359,-0.069
1.74,0.676,-0.103,0.754,0.778,1.188,-0.061
1.75,0.685,-0.089,0.754,0.682,1.038,-0.053
1.76,0.693,-0.076,0.753,0.598,0.907,-0.047
1.77,0.7,-0.065,0.752,0.524,0.793,-0.041
1.78,0.707,-0.056,0.752,0.459,0.693,-0.035
1.79,0.712,-0.048,0.752,0.402,0.606,-0.031
1.8,0.717,-0.04,0.751,0.353,0.529,-0.027
1.81,0.721,-0.034,0.751,0.309,0.463,-0.023
1.82,0.725,-0.029,0.751,0.271,0.405,-0.02
1.83,0.728,-0.024,0.751,0.237,0.354,-0.017
1.84,0.731,-0.02,0.75,0.208,0.309,-0.015
1.85,0.733,-0.016,0.75,0.182,0.271,-0.013
1.86,0.736,-0.013,0.75,0.159,0.237,-0.011
1.87,0.738,-0.01,0.75,0.14,0.207,-0.01
1.8800000000000001,0.739,-0.007,0.75,0.122,0.181,-0.008
1.8900000000000001,0.741,-0.005,0.75,0.107,0.158,-0.007
1.9000000000000001,0.742,-0.003,0.75,0.094,0.139,-0.006
1.9100000000000001,0.743,-0.002,0.749,0.082,0.121,-0.006
1.92,0.744,-0.0,0.749,0.072,0.106,-0.005
1.93,0.745,0.001,0.749,0.063,0.093,-0.004
1.94,0.746,0.002,0.749,0.055,0.081,-0.004
1.95,0.746,0.003,0.749,0.048,0.071,-0.003
