0.01,-0.745,-0.009,0.747,-0.007,-0.299,-0.001
0.02,-0.745,-0.012,0.747,-0.006,-0.266,-0.04
0.03,-0.745,-0.015,0.746,-0.005,-0.233,-0.332
0.04,-0.745,-0.018,0.74,-0.002,-0.204,-0.591
0.05,-0.745,-0.021,0.732,0.002,-0.179,-0.817
0.06,-0.745,-0.023,0.721,0.006,-0.158,-1.016
0.07,-0.745,-0.024,0.707,0.01,-0.139,-1.189
0.08,-0.745,-0.026,0.692,0.013,-0.122,-1.341
0.09,-0.745,-0.028,0.675,0.015,-0.107,-1.473
0.1,-0.745,-0.029,0.656,0.017,-0.095,-1.589
0.11,-0.746,-0.031,0.637,-0.235,-0.312,-1.394
0.12,-0.75,-0.036,0.62,-0.514,-0.574,-1.219
0.13,-0.758,-0.044,0.605,-0.743,-0.804,-1.065
0.14,-0.767,-0.055,0.593,-0.79,-1.004,-0.93
0.15,-0.777,-0.068,0.581,-0.71,-1.179,-0.812
0.16,-0.785,-0.083,0.572,-0.62,-1.331,-0.709
0.17,-0.792,-0.1,0.563,-0.541,-1.465,-0.619
0.18,-0.799,-0.119,0.555,-0.471,-1.581,-0.54
0.19,-0.804,-0.139,0.549,-0.41,-1.683,-0.471
0.2,-0.809,-0.161,0.543,-0.317,-1.772,-0.411
0.21,-0.813,-0.183,0.538,-0.167,-1.85,-0.359
0.22,-0.814,-0.207,0.534,0.051,-1.918,-0.312
0.23,-0.812,-0.231,0.53,0.31,-1.979,-0.272
0.24,-0.807,-0.256,0.527,0.567,-2.032,-0.236
0.25,-0.799,-0.281,0.524,0.792,-2.059,-0.204
0.26,-0.788,-0.307,0.521,0.989,-1.983,-0.177
0.27,-0.775,-0.331,0.519,1.162,-1.778,-0.153
0.28,-0.761,-0.352,0.517,1.021,-1.556,-0.135
0.29,-0.747,-0.37,0.515,1.187,-1.363,-0.116
0.3,-0.732,-0.387,0.514,1.138,-1.194,-0.112
0.31,-0.718,-0.401,0.512,0.997,-1.045,-0.307
0.32,-0.706,-0.413,0.507,0.875,-0.914,-0.569
0.33,-0.696,-0.424,0.5,0.765,-0.64,-0.503
0.34,-0.687,-0.43,0.494,0.601,-0.259,-0.441
0.35000000000000003,-0.68,-0.432,0.488,0.437,0.074,-0.385
0.36,-0.676,-0.43,0.484,0.084,0.226,-0.338
0.37,-0.676,-0.427,0.48,-0.229,0.198,-0.296
0.38,-0.68,-0.425,0.476,-0.46,0.033,-0.259
0.39,-0.686,-0.426,0.473,-0.453,-0.171,-0.226
0.4,-0.692,-0.428,0.47,-0.396,-0.15,-0.198
0.41000000000000003,-0.696,-0.43,0.468,-0.347,-0.132,-0.193
0.42,-0.701,-0.431,0.464,-0.305,-0.116,-0.456
0.43,-0.704,-0.433,0.458,-0.267,-0.102,-0.499
0.44,-0.708,-0.434,0.452,-0.324,0.111,-0.436
0.45,-0.712,-0.431,0.447,-0.324,0.197,-0.382
0.46,-0.716,-0.429,0.442,-0.284,0.172,-0.334
0.47000000000000003,-0.719,-0.427,0.438,-0.248,0.151,-0.292
0.48,-0.722,-0.425,0.435,-0.217,0.132,-0.256
0.49,-0.725,-0.424,0.432,-0.19,0.115,-0.224
0.5,-0.727,-0.422,0.429,-0.166,0.101,-0.196
0.51,-0.729,-0.421,0.427,-0.145,0.088,-0.171
0.52,-0.731,-0.42,0.425,-0.127,0.077,-0.15
0.53,-0.732,-0.419,0.423,-0.111,0.068,-0.131
0.54,-0.733,-0.418,0.421,-0.097,0.059,-0.115
0.55,-0.735,-0.417,0.42,-0.085,0.052,-0.1
0.56,-0.736,-0.417,0.419,-0.075,0.045,-0.088
0.5700000000000001,-0.736,-0.416,0.418,-0.065,0.04,-0.077
0.58,-0.737,-0.416,0.417,-0.057,0.035,-0.067
0.59,-0.737,-0.417,0.416,0.245,-0.196,-0.058
0.6,-0.732,-0.42,0.415,0.514,-0.352,-0.05
0.61,-0.725,-0.425,0.415,0.749,-0.489,-0.043
0.62,-0.715,-0.431,0.414,0.955,-0.529,-0.036
0.63,-0.702,-0.437,0.414,1.136,-0.485,-0.029
0.64,-0.687,-0.443,0.413,1.294,-0.426,-0.022
0.65,-0.67,-0.448,0.413,1.433,-0.375,-0.016
0.66,-0.652,-0.452,0.412,1.554,-0.33,-0.01
0.67,-0.632,-0.456,0.412,1.659,-0.292,-0.005
0.68,-0.611,-0.459,0.412,1.751,-0.258,0.0
0.6900000000000001,-0.589,-0.462,0.411,1.832,-0.229,0.005
0.7000000000000001,-0.565,-0.465,0.411,1.902,-0.203,0.008
0.71,-0.541,-0.467,0.411,1.963,-0.23,0.011
0.72,-0.516,-0.47,0.411,2.014,-0.393,0.012
0.73,-0.491,-0.476,0.411,2.06,-0.605,0.012
0.74,-0.465,-0.484,0.411,2.101,-0.722,0.013
0.75,-0.438,-0.493,0.41,2.137,-0.793,0.013
0.76,-0.411,-0.502,0.41,2.169,-0.807,0.013
0.77,-0.384,-0.512,0.41,2.098,-0.768,0.012
0.78,-0.358,-0.522,0.41,2.131,-0.722,0.012
0.79,-0.331,-0.53,0.41,2.163,-0.634,0.013
0.8,-0.303,-0.537,0.41,2.192,-0.557,0.013
0.81,-0.276,-0.544,0.41,2.217,-0.49,0.013
0.8200000000000001,-0.248,-0.549,0.41,2.239,-0.43,0.013
0.8300000000000001,-0.22,-0.554,0.41,2.259,-0.378,0.013
0.84,-0.192,-0.558,0.41,2.02,-0.313,0.14
0.85,-0.168,-0.562,0.413,1.767,-0.274,0.421
0.86,-0.147,-0.565,0.419,1.547,-0.24,0.668
0.87,-0.128,-0.568,0.429,1.355,-0.209,0.885
0.88,-0.112,-0.57,0.44,1.187,-0.181,1.075
0.89,-0.098,-0.573,0.455,1.04,-0.157,1.241
0.9,-0.085,-0.574,0.471,0.912,-0.136,1.386
0.91,-0.075,-0.576,0.488,0.799,-0.117,1.514
0.92,-0.065,-0.578,0.508,0.701,-0.1,1.625
0.93,-0.057,-0.579,0.529,0.616,-0.084,1.723
0.9400000000000001,-0.049,-0.58,0.55,0.541,-0.071,1.808
0.9500000000000001,-0.043,-0.581,0.573,0.476,-0.058,1.882
0.96,-0.037,-0.582,0.597,0.419,-0.047,1.947
0.97,-0.033,-0.582,0.622,0.369,-0.037,2.003
0.98,-0.028,-0.583,0.647,0.326,-0.028,2.052
0.99,-0.025,-0.583,0.673,0.288,-0.02,2.095
1.0,-0.021,-0.584,0.699,0.255,-0.012,2.132
1.01,-0.018,-0.584,0.726,0.244,-0.009,2.053
1.02,-0.015,-0.585,0.75,0.506,-0.008,1.794
1.03,-0.007,-0.585,0.772,0.74,-0.007,1.568
1.04,0.003,-0.585,0.791,0.944,0.081,1.371
1.05,0.015,-0.583,0.807,1.112,0.324,1.2
1.06,0.029,-0.579,0.822,0.977,0.305,1.05
1.07,0.04,-0.576,0.834,0.806,0.265,0.919
1.08,0.049,-0.572,0.845,0.409,0.346,0.805
1.09,0.052,-0.567,0.855,0.089,0.598,0.706
1.1,0.054,-0.559,0.863,0.175,0.82,0.618
1.11,0.056,-0.548,0.871,0.193,0.818,0.532
1.12,0.057,-0.538,0.877,-0.076,0.696,0.465
1.1300000000000001,0.055,-0.53,0.882,-0.346,0.61,0.407
1.1400000000000001,0.051,-0.523,0.886,-0.308,0.535,0.061
1.1500000000000001,0.047,-0.516,0.885,-0.27,0.469,-0.197
1.16,0.044,-0.51,0.883,-0.206,0.61,-0.174
1.17,0.042,-0.502,0.881,-0.178,0.834,-0.152
1.18,0.039,-0.49,0.879,-0.184,1.03,-0.132
1.19,0.036,-0.477,0.877,-0.356,1.053,-0.115
1.2,0.032,-0.464,0.875,-0.311,0.925,-0.376
1.21,0.028,-0.453,0.869,-0.272,0.81,-0.459
1.22,0.024,-0.443,0.864,-0.326,0.946,-0.398
1.23,0.019,-0.43,0.859,-0.572,1.091,-0.348
1.24,0.012,-0.417,0.855,-0.601,1.025,-0.304
1.25,0.004,-0.405,0.851,-0.526,0.896,-0.265
1.26,-0.002,-0.394,0.848,-0.461,0.783,-0.232
1.27,-0.008,-0.385,0.845,-0.404,0.685,-0.203
1.28,-0.013,-0.377,0.842,-0.354,0.598,-0.177
1.29,-0.017,-0.369,0.84,-0.31,0.523,-0.155
1.3,-0.021,-0.363,0.838,-0.272,0.458,-0.135
1.31,-0.024,-0.358,0.837,-0.238,0.4,-0.118
1.32,-0.027,-0.353,0.835,-0.209,0.35,-0.104
1.33,-0.029,-0.349,0.834,-0.183,0.306,-0.091
1.34,0.001,-0.331,0.829,7.582,3.69,-0.647
1.35,0.092,-0.286,0.817,6.654,3.292,-0.603
1.36,0.173,-0.247,0.807,5.831,2.906,-0.553
1.37,0.244,-0.214,0.799,5.112,2.543,-0.501
1.3800000000000001,0.306,-0.184,0.792,4.489,2.212,-0.451
1.3900000000000001,0.361,-0.159,0.786,3.951,1.922,-0.408
1.4000000000000001,0.409,-0.137,0.782,3.484,1.669,-0.375
1.41,0.451,-0.118,0.777,3.074,1.449,-0.346
1.42,0.488,-0.102,0.774,2.707,1.257,-0.316
1.43,0.521,-0.087,0.771,2.379,1.088,-0.283
1.44,0.55,-0.075,0.768,2.087,0.942,-0.248
1.45,0.575,-0.064,0.765,1.828,0.815,-0.215
1.46,0.597,-0.054,0.763,1.601,0.707,-0.185
1.47,0.616,-0.046,0.761,1.402,0.613,-0.159
1.48,0.633,-0.039,0.759,1.227,0.532,-0.136
1.49,0.648,-0.033,0.758,1.074,0.462,-0.116
1.5,0.66,-0.027,0.757,0.94,0.402,-0.099
1.51,0.672,-0.023,0.756,0.823,0.35,-0.085
1.52,0.682,-0.019,0.755,0.721,0.305,-0.072
1.53,0.69,-0.015,0.754,0.631,0.266,-0.062
1.54,0.698,-0.012,0.753,0.552,0.232,-0.053
1.55,0.704,-0.009,0.753,0.484,0.202,-0.046
1.56,0.71,-0.007,0.752,0.423,0.176,-0.039
1.57,0.715,-0.005,0.752,0.371,0.154,-0.034
1.58,0.72,-0.003,0.751,0.324,0.135,-0.029
1.59,0.724,-0.001,0.751,0.284,0.118,-0.025
1.6,0.727,0.0,0.751,0.249,0.103,-0.022
1.61,0.73,0.001,0.751,0.218,0.09,-0.019
1.62,0.733,0.003,0.75,0.191,0.078,-0.016
1.6300000000000001,0.735,0.003,0.75,0.167,0.069,-0.014
1.6400000000000001,0.737,0.004,0.75,0.146,0.06,-0.012
1.6500000000000001,0.739,0.005,0.75,0.128,0.052,-0.01
