0.01,-0.742,-0.005,0.75,0.003,-0.002,-0.0
0.02,-0.742,-0.005,0.75,0.003,-0.002,-0.0
0.03,-0.742,-0.005,0.75,0.003,-0.001,-0.0
0.04,-0.742,-0.005,0.75,0.002,-0.001,-0.0
0.05,-0.742,-0.005,0.75,-0.018,-0.22,-0.0
0.06,-0.743,-0.009,0.75,-0.076,-0.492,0.0
0.07,-0.744,-0.016,0.75,-0.077,-0.731,0.001
0.08,-0.744,-0.026,0.75,-0.067,-0.94,0.002
0.09,-0.745,-0.039,0.75,-0.059,-1.122,0.003
0.1,-0.746,-0.054,0.75,-0.052,-1.282,0.004
0.11,-0.746,-0.07,0.75,-0.016,-1.422,0.005
0.12,-0.746,-0.089,0.75,0.065,-1.544,0.006
0.13,-0.745,-0.108,0.75,0.167,-1.651,0.006
0.14,-0.742,-0.129,0.75,0.416,-1.745,0.006
0.15,-0.735,-0.152,0.75,0.667,-1.825,0.005
0.16,-0.726,-0.175,0.75,0.885,-1.896,0.005
0.17,-0.714,-0.199,0.75,1.076,-1.957,0.005
0.18,-0.7,-0.223,0.749,1.242,-2.011,0.006
0.19,-0.684,-0.249,0.749,1.387,-2.029,0.008
0.2,-0.667,-0.273,0.749,1.233,-1.81,0.008
0.21,-0.652,-0.295,0.749,1.306,-1.583,0.007
0.22,-0.635,-0.314,0.749,1.282,-1.386,0.006
0.23,-0.62,-0.33,0.749,1.12,-1.214,0.006
0.24,-0.606,-0.345,0.749,1.108,-1.063,0.005
0.25,-0.591,-0.357,0.749,1.149,-0.93,0.005
0.26,-0.578,-0.369,0.749,1.004,-0.815,0.004
0.27,-0.566,-0.378,0.749,0.878,-0.714,0.004
0.28,-0.555,-0.387,0.749,0.768,-0.625,0.003
0.29,-0.546,-0.394,0.749,0.671,-0.547,0.003
0.3,-0.538,-0.401,0.749,0.587,-0.479,0.003
0.31,-0.531,-0.407,0.749,0.514,-0.42,0.002
0.32,-0.525,-0.412,0.749,0.449,-0.367,0.002
0.33,-0.519,-0.416,0.749,0.393,-0.322,0.002
0.34,-0.515,-0.42,0.749,0.344,-0.281,0.001
0.35000000000000003,-0.511,-0.423,0.75,0.301,-0.246,0.001
0.36,-0.507,-0.426,0.75,0.263,-0.216,0.001
0.37,-0.504,-0.429,0.75,0.23,-0.189,0.001
0.38,-0.501,-0.431,0.75,0.201,-0.165,0.001
0.39,-0.499,-0.433,0.75,0.176,-0.144,0.001
0.4,-0.497,-0.435,0.75,0.154,-0.126,0.001
0.41000000000000003,-0.495,-0.436,0.75,0.135,-0.111,0.0
0.42,-0.493,-0.438,0.75,0.118,-0.097,0.0
0.43,-0.492,-0.439,0.75,0.103,-0.085,0.0
0.44,-0.491,-0.44,0.75,0.09,-0.074,0.0
0.45,-0.489,-0.441,0.75,0.079,-0.065,0.0
0.46,-0.489,-0.441,0.75,-0.06,-0.067,0.0
0.47000000000000003,-0.491,-0.442,0.75,-0.352,-0.117,0.0
0.48,-0.496,-0.444,0.75,-0.409,-0.112,0.0
0.49,-0.501,-0.445,0.75,-0.586,-0.097,0.001
0.5,-0.51,-0.446,0.75,-0.812,-0.083,0.001
0.51,-0.52,-0.447,0.749,-0.811,-0.072,0.001
0.52,-0.53,-0.448,0.749,-0.711,-0.066,-0.208
0.53,-0.538,-0.449,0.745,-0.623,-0.059,-0.481
0.54,-0.546,-0.45,0.738,-0.545,-0.052,-0.721
0.55,-0.552,-0.45,0.728,-0.476,-0.044,-0.931
0.56,-0.559,-0.452,0.717,-0.648,-0.257,-0.819
0.5700000000000001,-0.568,-0.456,0.707,-0.768,-0.385,-0.715
0.58,-0.577,-0.461,0.698,-0.672,-0.338,-0.735
0.59,-0.585,-0.465,0.688,-0.588,-0.296,-0.943
0.6,-0.592,-0.468,0.676,-0.514,-0.259,-1.125
0.61,-0.598,-0.471,0.661,-0.449,-0.225,-1.285
0.62,-0.603,-0.474,0.645,-0.393,-0.197,-1.254
0.63,-0.608,-0.476,0.63,-0.345,-0.173,-1.097
0.64,-0.612,-0.479,0.616,-0.303,-0.45,-0.959
0.65,-0.616,-0.486,0.605,-0.267,-0.695,-0.838
0.66,-0.619,-0.496,0.595,-0.234,-0.909,-0.731
0.67,-0.621,-0.508,0.586,-0.206,-1.094,-0.636
0.68,-0.624,-0.521,0.578,-0.18,-1.0,-0.556
0.6900000000000001,-0.626,-0.533,0.571,-0.158,-0.874,-0.487
0.7000000000000001,-0.628,-0.543,0.565,-0.139,-0.766,-0.475
0.71,-0.629,-0.553,0.558,-0.123,-0.673,-0.712
0.72,-0.631,-0.561,0.548,-0.108,-0.59,-0.824
0.73,-0.632,-0.569,0.539,-0.096,-0.811,-0.719
0.74,-0.633,-0.579,0.53,-0.084,-0.714,-0.629
0.75,-0.634,-0.587,0.522,-0.074,-0.626,-0.7
0.76,-0.635,-0.594,0.512,-0.066,-0.55,-0.912
0.77,-0.635,-0.601,0.501,-0.058,-0.481,-0.812
0.78,-0.636,-0.607,0.492,-0.051,-0.401,-0.711
0.79,-0.637,-0.61,0.483,-0.132,-0.154,-0.622
0.8,-0.639,-0.612,0.476,-0.115,-0.024,-0.544
0.81,-0.64,-0.612,0.469,-0.101,-0.018,-0.476
0.8200000000000001,-0.641,-0.612,0.463,-0.088,-0.016,-0.416
0.8300000000000001,-0.642,-0.612,0.458,-0.077,-0.014,-0.364
0.84,-0.643,-0.613,0.454,-0.068,-0.012,-0.319
0.85,-0.644,-0.613,0.45,-0.059,-0.011,-0.279
0.86,-0.645,-0.613,0.447,-0.052,-0.009,-0.244
0.87,-0.646,-0.613,0.444,-0.045,-0.008,-0.234
0.88,-0.645,-0.613,0.441,0.217,-0.006,-0.204
0.89,-0.642,-0.613,0.439,0.193,-0.006,-0.179
0.9,-0.64,-0.614,0.437,0.149,-0.244,-0.157
0.91,-0.638,-0.617,0.435,0.13,-0.218,-0.137
0.92,-0.638,-0.62,0.433,-0.181,-0.188,-0.12
0.93,-0.64,-0.622,0.432,-0.163,-0.164,-0.105
0.9400000000000001,-0.642,-0.624,0.43,-0.143,-0.144,-0.092
0.9500000000000001,-0.644,-0.626,0.429,-0.125,-0.127,-0.199
0.96,-0.645,-0.627,0.426,-0.11,-0.112,-0.345
0.97,-0.647,-0.628,0.421,-0.097,-0.098,-0.302
0.98,-0.648,-0.63,0.418,-0.085,-0.086,-0.264
0.99,-0.649,-0.631,0.415,-0.074,-0.075,-0.231
1.0,-0.649,-0.631,0.412,0.135,-0.066,-0.201
1.01,-0.646,-0.632,0.409,0.42,-0.055,-0.176
1.02,-0.64,-0.633,0.407,0.671,-0.042,-0.153
1.03,-0.631,-0.634,0.405,0.89,-0.03,-0.132
1.04,-0.619,-0.634,0.404,1.081,-0.02,-0.114
1.05,-0.605,-0.634,0.402,1.247,-0.012,-0.097
1.06,-0.589,-0.635,0.401,1.392,-0.007,-0.082
1.07,-0.571,-0.635,0.4,1.518,-0.003,-0.069
1.08,-0.551,-0.635,0.399,1.628,-0.001,-0.058
1.09,-0.531,-0.635,0.398,1.723,-0.0,-0.048
1.1,-0.509,-0.636,0.397,1.807,-0.0,-0.04
1.11,-0.486,-0.636,0.397,1.88,-0.001,-0.032
1.12,-0.462,-0.636,0.396,1.944,-0.001,-0.026
1.1300000000000001,-0.438,-0.636,0.396,2.0,0.079,-0.02
1.1400000000000001,-0.413,-0.634,0.395,1.909,0.371,-0.012
1.1500000000000001,-0.39,-0.628,0.396,1.747,0.632,0.364
1.16,-0.368,-0.619,0.402,1.6,0.864,0.676
1.17,-0.349,-0.607,0.411,1.526,1.075,0.891
1.18,-0.329,-0.593,0.422,1.579,1.269,1.045
1.19,-0.309,-0.576,0.435,1.705,1.342,1.054
1.2,-0.287,-0.559,0.447,1.817,1.376,0.985
1.21,-0.264,-0.541,0.459,1.91,1.372,0.862
1.22,-0.24,-0.524,0.468,1.985,1.322,0.702
1.23,-0.214,-0.508,0.476,2.041,1.218,0.521
1.24,-0.189,-0.493,0.481,2.087,1.184,0.376
1.25,-0.162,-0.477,0.485,2.124,1.262,0.268
1.26,-0.136,-0.461,0.488,2.149,1.281,0.137
1.27,-0.109,-0.445,0.488,2.164,1.218,-0.006
1.28,-0.083,-0.43,0.487,1.886,1.047,-0.125
1.29,-0.06,-0.418,0.485,1.639,0.899,-0.198
1.3,-0.041,-0.407,0.482,1.425,0.772,-0.241
1.31,-0.024,-0.398,0.479,1.239,0.663,-0.264
1.32,-0.009,-0.39,0.476,1.077,0.568,-0.273
1.33,0.004,-0.383,0.472,0.936,0.487,-0.275
1.34,0.015,-0.377,0.469,0.813,0.416,-0.271
1.35,0.025,-0.372,0.465,0.707,0.355,-0.263
1.36,0.033,-0.368,0.462,0.614,0.303,-0.254
1.37,0.041,-0.364,0.459,0.63,0.253,-0.259
1.3800000000000001,0.049,-0.361,0.455,0.841,0.201,-0.294
1.3900000000000001,0.061,-0.359,0.451,1.026,0.156,-0.323
1.4000000000000001,0.074,-0.357,0.447,1.189,0.118,-0.349
1.41,0.09,-0.356,0.443,1.334,0.085,-0.37
1.42,0.107,-0.355,0.438,1.462,0.058,-0.389
1.43,0.126,-0.354,0.433,1.496,0.038,-0.392
1.44,0.143,-0.354,0.428,1.308,0.027,-0.263
1.45,0.159,-0.353,0.426,1.142,0.023,0.071
1.46,0.173,-0.353,0.428,0.998,0.02,0.364
1.47,0.185,-0.353,0.434,0.871,0.019,0.621
1.48,0.195,-0.353,0.442,0.762,0.016,0.624
1.49,0.204,-0.352,0.449,0.667,0.013,0.545
1.5,0.212,-0.352,0.455,0.583,0.01,0.476
1.51,0.219,-0.352,0.461,0.51,0.008,0.416
1.52,0.225,-0.352,0.466,0.447,0.006,0.363
1.53,0.231,-0.352,0.47,0.391,0.005,0.318
1.54,0.235,-0.352,0.474,0.342,0.004,0.278
1.55,0.239,-0.352,0.477,0.299,0.003,0.243
1.56,0.243,-0.352,0.48,0.262,0.003,0.212
1.57,0.246,-0.352,0.483,0.229,0.002,0.196
1.58,0.249,-0.352,0.486,0.2,0.002,0.271
1.59,0.251,-0.352,0.49,0.175,0.003,0.496
1.6,0.253,-0.352,0.497,0.152,0.005,0.735
1.61,0.255,-0.352,0.507,0.133,0.006,0.875
1.62,0.257,-0.352,0.517,0.116,0.004,0.768
1.6300000000000001,0.258,-0.352,0.527,0.101,0.005,0.852
1.6400000000000001,0.259,-0.352,0.538,0.088,0.006,1.027
1.6500000000000001,0.261,-0.352,0.551,0.077,0.006,0.99
1.6600000000000001,0.261,-0.352,0.563,0.067,0.004,0.906
1.67,0.262,-0.352,0.574,0.059,0.003,0.793
1.68,0.263,-0.352,0.584,0.051,0.003,0.864
1.69,0.264,-0.352,0.594,0.045,0.002,0.76
1.7,0.264,-0.352,0.603,0.04,0.001,0.675
1.71,0.265,-0.352,0.611,0.035,0.001,0.59
1.72,0.265,-0.352,0.619,0.031,0.001,0.593
1.73,0.265,-0.352,0.626,0.027,0.0,0.519
1.74,0.266,-0.352,0.632,0.024,-0.0,0.454
1.75,0.266,-0.352,0.638,0.021,-0.001,0.397
1.76,0.266,-0.352,0.642,0.019,-0.001,0.347
1.77,0.267,-0.352,0.647,0.016,-0.001,0.304
1.78,0.267,-0.352,0.65,0.014,-0.001,0.266
1.79,0.267,-0.352,0.653,0.023,-0.001,0.233
1.8,0.268,-0.352,0.656,0.248,-0.0,0.204
1.81,0.272,-0.352,0.659,0.517,0.002,0.179
1.82,0.28,-0.352,0.661,0.752,0.004,0.158
1.83,0.29,-0.352,0.663,0.957,0.056,0.14
1.84,0.303,-0.35,0.664,1.136,0.262,0.124
1.85,0.318,-0.346,0.666,1.292,0.501,0.111
1.86,0.334,-0.339,0.667,1.418,0.74,0.1
1.87,0.352,-0.329,0.668,1.508,0.95,0.091
1.8800000000000001,0.372,-0.316,0.669,1.577,1.133,0.083
1.8900000000000001,0.392,-0.301,0.67,1.628,1.294,0.076
1.9000000000000001,0.412,-0.285,0.67,1.661,1.434,0.069
1.9100000000000001,0.433,-0.266,0.671,1.71,1.549,0.064
1.92,0.455,-0.247,0.672,1.792,1.611,0.06
1.93,0.478,-0.227,0.672,1.843,1.655,0.056
1.94,0.501,-0.206,0.672,1.838,1.752,0.052
1.95,0.524,-0.184,0.673,1.745,1.823,0.047
1.96,0.545,-0.161,0.673,1.568,1.773,0.041
1.97,0.564,-0.14,0.673,1.375,1.548,0.034
1.98,0.582,-0.121,0.674,1.448,1.358,0.03
1.99,0.6,-0.105,0.674,1.563,1.194,0.028
2.0,0.621,-0.091,0.674,1.564,1.125,0.025
2.0100000000000002,0.639,-0.078,0.674,1.372,0.981,0.021
2.02,0.656,-0.066,0.674,1.203,0.855,0.018
2.0300000000000002,0.671,-0.056,0.674,1.054,0.746,0.015
2.04,0.681,-0.048,0.681,0.695,0.513,0.727
2.05,0.69,-0.042,0.689,0.611,0.448,0.635
2.06,0.697,-0.037,0.697,0.536,0.391,0.555
2.07,0.704,-0.032,0.704,0.471,0.342,0.485
2.08,0.71,-0.028,0.709,0.413,0.299,0.424
2.09,0.715,-0.025,0.714,0.363,0.261,0.371
2.1,0.719,-0.022,0.719,0.318,0.228,0.325
2.11,0.723,-0.019,0.723,0.279,0.2,0.284
2.12,0.726,-0.017,0.726,0.245,0.175,0.248
2.13,0.729,-0.015,0.729,0.215,0.153,0.217
2.14,0.732,-0.013,0.732,0.188,0.134,0.19
2.15,0.734,-0.011,0.734,0.165,0.117,0.166
2.16,0.736,-0.01,0.736,0.145,0.102,0.146
2.17,0.738,-0.009,0.738,0.127,0.089,0.127
2.18,0.739,-0.007,0.739,0.111,0.078,0.112
2.19,0.741,-0.007,0.741,0.097,0.068,0.098
2.2,0.742,-0.006,0.742,0.085,0.06,0.085
