0.01,-0.744,-0.008,0.748,0.003,-0.298,-0.001
0.02,-0.744,-0.012,0.748,0.003,-0.561,-0.001
0.03,-0.744,-0.02,0.748,0.092,-0.791,0.001
0.04,-0.742,-0.031,0.748,0.348,-0.922,0.002
0.05,-0.736,-0.043,0.747,0.603,-0.898,0.004
0.06,-0.728,-0.053,0.747,0.827,-0.797,0.006
0.07,-0.716,-0.063,0.747,1.022,-0.728,0.008
0.08,-0.703,-0.072,0.747,1.193,-0.708,0.011
0.09,-0.687,-0.081,0.747,1.343,-0.731,0.015
0.1,-0.67,-0.09,0.747,1.473,-0.771,0.019
0.11,-0.651,-0.1,0.747,1.587,-0.826,0.023
0.12,-0.63,-0.11,0.747,1.686,-0.874,0.026
0.13,-0.609,-0.121,0.747,1.774,-0.916,0.029
0.14,-0.586,-0.132,0.747,1.85,-0.942,0.031
0.15,-0.563,-0.144,0.746,1.917,-0.945,0.033
0.16,-0.538,-0.156,0.746,1.976,-0.918,0.034
0.17,-0.513,-0.167,0.746,2.028,-0.894,0.034
0.18,-0.488,-0.178,0.746,2.073,-0.873,0.034
0.19,-0.461,-0.188,0.746,2.112,-0.903,0.034
0.2,-0.435,-0.2,0.746,2.148,-1.008,0.035
0.21,-0.407,-0.213,0.746,2.179,-1.178,0.035
0.22,-0.38,-0.228,0.746,2.208,-1.328,0.035
0.23,-0.352,-0.245,0.746,2.234,-1.419,0.035
0.24,-0.324,-0.263,0.746,2.256,-1.479,0.034
0.25,-0.296,-0.282,0.746,2.277,-1.531,0.033
0.26,-0.267,-0.301,0.746,2.296,-1.576,0.032
0.27,-0.238,-0.321,0.746,2.313,-1.615,0.03
0.28,-0.209,-0.342,0.746,2.329,-1.65,0.027
0.29,-0.18,-0.363,0.746,2.343,-1.679,0.024
0.3,-0.151,-0.384,0.746,2.353,-1.626,0.02
0.31,-0.122,-0.403,0.746,2.157,-1.426,0.016
0.32,-0.096,-0.421,0.746,1.884,-1.253,0.012
0.33,-0.072,-0.436,0.747,1.944,-1.163,0.011
0.34,-0.049,-0.45,0.747,1.704,-1.024,0.008
0.35000000000000003,-0.028,-0.463,0.747,1.785,-0.893,0.008
0.36,-0.005,-0.473,0.747,1.861,-0.779,0.007
0.37,0.018,-0.483,0.747,1.929,-0.748,0.005
0.38,0.043,-0.493,0.747,1.989,-0.73,0.003
0.39,0.068,-0.502,0.747,2.04,-0.636,0.002
0.4,0.092,-0.509,0.746,1.789,-0.564,-0.293
0.41000000000000003,0.113,-0.516,0.741,1.565,-0.5,-0.555
0.42,0.132,-0.522,0.733,1.37,-0.441,-0.784
0.43,0.148,-0.528,0.722,1.2,-0.389,-0.985
0.44,0.163,-0.532,0.709,1.051,-0.342,-1.161
0.45,0.175,-0.536,0.694,0.922,-0.3,-1.315
0.46,0.186,-0.54,0.677,0.808,-0.263,-1.449
0.47000000000000003,0.196,-0.543,0.658,0.709,-0.23,-1.567
0.48,0.204,-0.546,0.638,0.692,-0.301,-1.572
0.49,0.213,-0.549,0.619,0.703,-0.279,-1.386
0.5,0.221,-0.553,0.603,0.614,-0.275,-1.214
0.51,0.229,-0.557,0.588,0.537,-0.4,-1.063
0.52,0.235,-0.562,0.575,0.47,-0.6,-0.932
0.53,0.24,-0.571,0.564,0.412,-0.824,-0.817
0.54,0.246,-0.582,0.554,0.509,-1.018,-0.718
0.55,0.252,-0.595,0.546,0.456,-0.991,-0.627
0.56,0.258,-0.607,0.538,0.398,-0.868,-0.577
0.5700000000000001,0.262,-0.617,0.531,0.349,-0.76,-0.744
0.58,0.266,-0.626,0.521,0.305,-0.666,-0.75
0.59,0.27,-0.634,0.512,0.156,-0.554,-0.655
0.6,0.271,-0.64,0.504,-0.064,-0.199,-0.571
0.61,0.269,-0.641,0.497,-0.235,-0.044,-0.499
0.62,0.266,-0.642,0.491,-0.185,0.112,-0.436
0.63,0.264,-0.639,0.486,-0.022,0.398,-0.382
0.64,0.264,-0.634,0.481,-0.017,0.352,-0.334
0.65,0.264,-0.63,0.477,-0.015,0.308,-0.292
0.66,0.264,-0.626,0.474,-0.013,0.269,-0.256
0.67,0.263,-0.623,0.471,-0.012,0.236,-0.224
0.68,0.263,-0.62,0.468,-0.01,0.206,-0.196
0.6900000000000001,0.263,-0.618,0.466,-0.009,0.18,-0.171
0.7000000000000001,0.263,-0.616,0.464,-0.008,0.158,-0.15
0.71,0.263,-0.614,0.462,-0.007,0.138,-0.131
0.72,0.263,-0.612,0.46,-0.006,0.121,-0.115
0.73,0.263,-0.611,0.459,-0.005,0.106,-0.101
0.74,0.263,-0.609,0.458,-0.005,0.092,-0.088
0.75,0.263,-0.608,0.457,-0.004,0.081,-0.077
0.76,0.263,-0.607,0.456,-0.004,0.071,-0.067
0.77,0.263,-0.607,0.455,-0.003,0.062,-0.059
0.78,0.263,-0.606,0.454,0.157,0.054,-0.052
0.79,0.266,-0.605,0.454,0.437,-0.011,-0.045
0.8,0.273,-0.606,0.453,0.683,-0.156,-0.041
0.81,0.282,-0.609,0.453,0.899,-0.339,-0.037
0.8200000000000001,0.293,-0.613,0.452,0.772,-0.48,-0.033
0.8300000000000001,0.302,-0.62,0.452,0.596,-0.62,-0.029
0.84,0.309,-0.628,0.451,0.521,-0.544,-0.235
0.85,0.315,-0.634,0.447,0.456,-0.477,-0.506
0.86,0.32,-0.64,0.44,0.399,-0.418,-0.543
0.87,0.325,-0.645,0.434,0.349,-0.367,-0.474
0.88,0.329,-0.65,0.428,0.305,-0.321,-0.415
0.89,0.333,-0.653,0.423,0.267,-0.281,-0.362
0.9,0.336,-0.657,0.419,0.234,-0.247,-0.317
0.91,0.339,-0.66,0.415,0.205,-0.216,-0.277
0.92,0.341,-0.662,0.412,0.179,-0.189,-0.242
0.93,0.343,-0.665,0.409,0.157,-0.166,-0.212
0.9400000000000001,0.345,-0.667,0.406,0.137,-0.145,-0.185
0.9500000000000001,0.347,-0.668,0.404,0.12,-0.127,-0.162
0.96,0.348,-0.67,0.402,0.255,-0.081,-0.142
0.97,0.353,-0.67,0.4,0.523,0.08,-0.124
0.98,0.36,-0.668,0.399,0.757,0.31,-0.108
0.99,0.371,-0.664,0.398,0.943,0.559,-0.094
1.0,0.383,-0.655,0.396,1.066,0.787,-0.082
1.01,0.396,-0.645,0.395,1.105,0.986,-0.072
1.02,0.41,-0.632,0.395,1.108,1.16,-0.062
1.03,0.424,-0.616,0.394,1.082,1.312,-0.054
1.04,0.437,-0.599,0.393,1.029,1.445,-0.047
1.05,0.45,-0.58,0.393,0.954,1.562,-0.041
1.06,0.461,-0.56,0.392,0.848,1.664,-0.036
1.07,0.471,-0.539,0.392,0.745,1.754,-0.031
1.08,0.479,-0.516,0.391,0.656,1.833,-0.027
1.09,0.487,-0.493,0.391,0.577,1.903,-0.024
1.1,0.494,-0.469,0.39,0.509,1.963,-0.02
1.11,0.499,-0.444,0.39,0.439,2.016,-0.017
1.12,0.504,-0.419,0.39,0.358,2.063,-0.015
1.1300000000000001,0.508,-0.392,0.39,0.286,2.104,-0.013
1.1400000000000001,0.511,-0.366,0.39,0.145,2.14,-0.011
1.1500000000000001,0.511,-0.339,0.389,-0.117,2.173,-0.01
1.16,0.508,-0.312,0.389,-0.288,2.162,-0.009
1.17,0.504,-0.286,0.389,-0.252,1.896,-0.027
1.18,0.501,-0.263,0.388,-0.22,1.661,-0.317
1.19,0.498,-0.243,0.382,-0.191,1.455,-0.476
1.2,0.496,-0.226,0.377,-0.068,1.274,-0.418
1.21,0.496,-0.21,0.372,0.039,1.115,-0.366
1.22,0.496,-0.197,0.367,0.035,0.976,-0.341
1.23,0.496,-0.185,0.363,0.031,0.854,-0.299
1.24,0.497,-0.175,0.36,0.027,0.748,-0.262
1.25,0.497,-0.166,0.356,0.024,0.654,-0.229
1.26,0.497,-0.158,0.354,0.021,0.573,-0.2
1.27,0.498,-0.152,0.351,0.019,0.501,-0.176
1.28,0.498,-0.146,0.349,0.016,0.438,-0.154
1.29,0.498,-0.14,0.347,0.014,0.384,-0.134
1.3,0.498,-0.136,0.346,0.013,0.336,-0.118
1.31,0.498,-0.132,0.344,0.011,0.294,-0.103
1.32,0.498,-0.128,0.343,0.01,0.257,-0.09
1.33,0.498,-0.125,0.342,0.009,0.225,-0.079
1.34,0.499,-0.122,0.341,0.008,0.197,-0.069
1.35,0.499,-0.12,0.34,0.007,0.172,-0.06
1.36,0.499,-0.118,0.34,0.006,0.151,-0.053
1.37,0.499,-0.116,0.339,0.005,0.132,-0.046
1.3800000000000001,0.499,-0.115,0.338,0.005,0.115,-0.04
1.3900000000000001,0.499,-0.113,0.338,0.004,0.101,-0.035
1.4000000000000001,0.499,-0.112,0.337,0.003,0.088,-0.031
1.41,0.499,-0.111,0.337,0.003,0.077,-0.027
1.42,0.499,-0.11,0.337,0.003,0.068,-0.024
1.43,0.499,-0.109,0.336,0.002,0.059,-0.021
1.44,0.499,-0.109,0.336,0.002,0.052,-0.018
1.45,0.519,-0.098,0.371,2.377,1.301,4.003
1.46,0.548,-0.084,0.419,2.079,1.112,3.486
1.47,0.572,-0.072,0.461,1.822,0.954,3.035
1.48,0.594,-0.061,0.497,1.598,0.821,2.644
1.49,0.613,-0.052,0.529,1.402,0.708,2.305
1.5,0.63,-0.044,0.557,1.23,0.613,2.012
1.51,0.645,-0.038,0.581,1.08,0.531,1.756
1.52,0.658,-0.032,0.602,0.948,0.461,1.534
1.53,0.67,-0.026,0.62,0.832,0.401,1.341
1.54,0.68,-0.022,0.636,0.73,0.349,1.172
1.55,0.688,-0.018,0.651,0.64,0.304,1.025
1.56,0.696,-0.014,0.663,0.562,0.265,0.896
1.57,0.703,-0.011,0.674,0.493,0.231,0.784
1.58,0.709,-0.009,0.683,0.432,0.201,0.686
1.59,0.714,-0.006,0.691,0.379,0.176,0.6
1.6,0.719,-0.004,0.698,0.333,0.154,0.526
1.61,0.723,-0.003,0.705,0.292,0.134,0.46
1.62,0.726,-0.001,0.71,0.256,0.117,0.403
1.6300000000000001,0.729,0.0,0.715,0.224,0.102,0.352
1.6400000000000001,0.732,0.002,0.719,0.197,0.09,0.308
1.6500000000000001,0.734,0.003,0.723,0.172,0.078,0.27
1.6600000000000001,0.736,0.004,0.726,0.151,0.068,0.236
1.67,0.738,0.004,0.729,0.132,0.06,0.207
1.68,0.74,0.005,0.732,0.116,0.052,0.181
1.69,0.741,0.006,0.734,0.102,0.046,0.158
1.7,0.742,0.006,0.736,0.089,0.04,0.139
