0.01,-0.744,-0.007,0.746,0.003,-0.003,-0.297
0.02,-0.744,-0.007,0.741,0.006,-0.003,-0.56
0.03,-0.744,-0.007,0.733,0.009,-0.003,-0.791
0.04,-0.744,-0.007,0.723,0.013,-0.003,-0.993
0.05,-0.744,-0.007,0.71,0.033,-0.084,-1.069
0.06,-0.744,-0.008,0.697,0.047,-0.153,-0.935
0.07,-0.743,-0.01,0.686,0.04,-0.134,-0.818
0.08,-0.743,-0.012,0.676,0.034,-0.117,-0.715
0.09,-0.742,-0.013,0.667,0.029,-0.102,-0.626
0.1,-0.742,-0.014,0.66,0.025,-0.089,-0.547
0.11,-0.742,-0.015,0.653,0.011,-0.108,-0.479
0.12,-0.742,-0.018,0.647,-0.04,-0.392,-0.419
0.13,-0.743,-0.024,0.642,-0.035,-0.643,-0.366
0.14,-0.743,-0.033,0.638,-0.031,-0.863,-0.319
0.15,-0.743,-0.045,0.634,-0.017,-1.056,-0.278
0.16,-0.743,-0.058,0.631,0.045,-1.224,-0.242
0.17,-0.742,-0.074,0.628,0.189,-1.371,-0.21
0.18,-0.739,-0.092,0.625,0.354,-1.499,-0.182
0.19,-0.734,-0.111,0.623,0.518,-1.612,-0.157
0.2,-0.727,-0.132,0.621,0.662,-1.711,-0.134
0.21,-0.718,-0.153,0.619,0.787,-1.798,-0.115
0.22,-0.707,-0.176,0.618,0.897,-1.873,-0.097
0.23,-0.696,-0.2,0.617,0.993,-1.94,-0.082
0.24,-0.683,-0.224,0.615,1.078,-1.998,-0.069
0.25,-0.669,-0.249,0.614,1.152,-2.049,-0.058
0.26,-0.654,-0.275,0.613,1.217,-2.093,-0.048
0.27,-0.638,-0.301,0.613,1.314,-2.132,-0.039
0.28,-0.621,-0.328,0.612,1.448,-2.166,-0.031
0.29,-0.602,-0.355,0.611,1.566,-2.196,-0.024
0.3,-0.582,-0.382,0.611,1.671,-2.222,-0.018
0.31,-0.56,-0.41,0.61,1.762,-2.244,-0.013
0.32,-0.538,-0.438,0.61,1.843,-2.253,-0.009
0.33,-0.514,-0.466,0.61,1.914,-2.23,-0.006
0.34,-0.49,-0.494,0.609,1.975,-2.161,-0.004
0.35000000000000003,-0.465,-0.52,0.609,2.025,-1.953,-0.002
0.36,-0.44,-0.543,0.609,2.068,-1.712,-0.001
0.37,-0.413,-0.564,0.609,2.106,-1.5,0.0
0.38,-0.387,-0.582,0.608,2.141,-1.345,0.002
0.39,-0.36,-0.598,0.608,2.173,-1.295,0.003
0.4,-0.333,-0.614,0.608,2.201,-1.214,0.004
0.41000000000000003,-0.305,-0.628,0.608,2.026,-1.074,-0.008
0.42,-0.281,-0.641,0.607,1.773,-0.943,-0.227
0.43,-0.26,-0.652,0.603,1.551,-0.829,-0.499
0.44,-0.241,-0.662,0.596,1.358,-0.728,-0.736
0.45,-0.225,-0.671,0.586,1.178,-0.737,-0.845
0.46,-0.212,-0.681,0.575,0.736,-0.944,-0.742
0.47000000000000003,-0.204,-0.693,0.567,0.544,-0.926,-0.65
0.48,-0.198,-0.704,0.558,0.475,-0.812,-0.768
0.49,-0.192,-0.714,0.548,0.415,-0.713,-0.971
0.5,-0.187,-0.722,0.535,0.363,-0.625,-1.15
0.51,-0.183,-0.73,0.52,0.318,-0.548,-1.306
0.52,-0.179,-0.736,0.503,0.279,-0.481,-1.442
0.53,-0.176,-0.742,0.484,0.245,-0.421,-1.562
0.54,-0.173,-0.747,0.465,0.183,-0.37,-1.467
0.55,-0.171,-0.751,0.447,0.069,-0.324,-1.284
0.56,-0.171,-0.755,0.432,0.009,-0.325,-1.123
0.5700000000000001,-0.17,-0.759,0.418,0.198,-0.482,-0.982
0.58,-0.168,-0.765,0.407,0.177,-0.426,-0.859
0.59,-0.166,-0.77,0.396,0.155,-0.373,-0.752
0.6,-0.164,-0.775,0.387,0.055,-0.327,-0.657
0.61,-0.164,-0.78,0.379,-0.129,-0.581,-0.575
0.62,-0.166,-0.787,0.372,-0.114,-0.513,-0.522
0.63,-0.167,-0.793,0.366,-0.1,-0.449,-0.467
0.64,-0.168,-0.798,0.359,-0.088,-0.395,-0.705
0.65,-0.17,-0.803,0.349,-0.077,-0.347,-0.917
0.66,-0.17,-0.807,0.338,-0.077,-0.404,-0.923
0.67,-0.172,-0.813,0.326,-0.154,-0.651,-0.807
0.68,-0.174,-0.821,0.317,-0.136,-0.574,-0.705
0.6900000000000001,-0.175,-0.827,0.308,-0.119,-0.503,-0.616
0.7000000000000001,-0.177,-0.833,0.301,-0.104,-0.44,-0.539
0.71,-0.178,-0.839,0.294,-0.091,-0.386,-0.471
0.72,-0.179,-0.843,0.289,-0.08,-0.338,-0.412
0.73,-0.18,-0.847,0.284,-0.07,-0.296,-0.36
0.74,-0.181,-0.851,0.28,-0.061,-0.259,-0.315
0.75,-0.182,-0.854,0.276,-0.053,-0.227,-0.276
0.76,-0.182,-0.857,0.272,-0.047,-0.199,-0.241
0.77,-0.183,-0.859,0.27,-0.041,-0.174,-0.211
0.78,-0.184,-0.861,0.267,-0.036,-0.153,-0.184
0.79,-0.184,-0.863,0.265,-0.031,-0.124,-0.161
0.8,-0.184,-0.864,0.263,-0.027,0.049,-0.14
0.81,-0.185,-0.862,0.261,-0.022,0.345,-0.122
0.8200000000000001,-0.185,-0.857,0.26,-0.016,0.609,-0.104
0.8300000000000001,-0.185,-0.848,0.258,-0.009,0.841,-0.088
0.84,-0.185,-0.837,0.257,0.068,1.042,-0.074
0.85,-0.184,-0.823,0.256,0.196,1.215,-0.061
0.86,-0.182,-0.808,0.255,0.348,1.363,-0.048
0.87,-0.177,-0.79,0.254,0.52,1.49,-0.036
0.88,-0.17,-0.771,0.254,0.662,1.599,-0.026
0.89,-0.163,-0.751,0.253,0.572,1.492,0.168
0.9,-0.156,-0.733,0.256,0.499,1.298,0.444
0.91,-0.151,-0.718,0.263,0.435,1.13,0.687
0.92,-0.146,-0.704,0.272,0.38,0.987,0.701
0.93,-0.141,-0.692,0.281,0.332,0.86,0.907
0.9400000000000001,-0.137,-0.682,0.293,0.291,0.75,1.093
0.9500000000000001,-0.134,-0.672,0.308,0.254,0.654,1.256
0.96,-0.131,-0.664,0.324,0.223,0.571,1.399
0.97,-0.128,-0.657,0.342,0.196,0.499,1.524
0.98,-0.126,-0.651,0.361,0.173,0.436,1.634
0.99,-0.124,-0.646,0.381,0.092,0.411,1.436
1.0,-0.123,-0.641,0.398,0.08,0.36,1.257
1.01,-0.122,-0.636,0.413,0.069,0.315,1.1
1.02,-0.122,-0.632,0.426,0.06,0.276,0.963
1.03,-0.121,-0.629,0.438,0.052,0.241,0.843
1.04,-0.12,-0.626,0.448,0.046,0.211,0.738
1.05,-0.12,-0.624,0.457,0.04,0.184,0.646
1.06,-0.119,-0.621,0.464,0.035,0.161,0.565
1.07,-0.119,-0.619,0.471,0.03,0.141,0.494
1.08,-0.118,-0.618,0.477,0.026,0.123,0.433
1.09,-0.118,-0.616,0.482,0.023,0.108,0.379
1.1,-0.118,-0.615,0.487,0.02,0.094,0.331
1.11,-0.118,-0.614,0.491,0.017,0.082,0.29
1.12,-0.118,-0.612,0.494,-0.034,0.367,0.254
1.1300000000000001,-0.118,-0.606,0.497,-0.029,0.621,0.223
1.1400000000000001,-0.118,-0.597,0.5,-0.022,0.844,0.197
1.1500000000000001,-0.119,-0.586,0.502,-0.016,1.039,0.174
1.16,-0.119,-0.572,0.504,-0.02,1.21,0.154
1.17,-0.12,-0.556,0.506,-0.173,1.261,0.137
1.18,-0.123,-0.541,0.507,-0.153,1.103,0.12
1.19,-0.124,-0.528,0.509,-0.133,1.003,0.106
1.2,-0.126,-0.515,0.51,-0.119,1.042,0.119
1.21,-0.128,-0.503,0.511,-0.103,0.911,0.106
1.22,-0.129,-0.492,0.513,-0.091,0.798,0.094
1.23,-0.13,-0.482,0.514,-0.08,0.699,0.081
1.24,-0.131,-0.474,0.515,-0.071,0.613,0.07
1.25,-0.132,-0.466,0.515,-0.064,0.537,0.06
1.26,-0.133,-0.46,0.516,-0.057,0.471,0.05
1.27,-0.133,-0.454,0.517,-0.052,0.414,0.042
1.28,-0.134,-0.449,0.517,-0.047,0.363,0.035
1.29,-0.135,-0.445,0.518,-0.042,0.318,0.029
1.3,-0.135,-0.441,0.518,-0.038,0.279,0.023
1.31,-0.136,-0.438,0.518,-0.035,0.245,0.019
1.32,-0.136,-0.435,0.518,-0.032,0.215,0.015
1.33,-0.136,-0.432,0.519,-0.029,0.189,0.012
1.34,-0.137,-0.43,0.519,-0.026,0.166,0.009
1.35,-0.137,-0.428,0.519,-0.024,0.145,0.007
1.36,-0.137,-0.426,0.519,-0.021,0.128,0.005
1.37,-0.138,-0.425,0.519,-0.019,0.112,0.003
1.3800000000000001,-0.138,-0.424,0.519,-0.018,0.098,0.002
1.3900000000000001,-0.138,-0.422,0.519,-0.016,0.086,0.001
1.4000000000000001,-0.138,-0.421,0.519,-0.014,0.076,0.0
1.41,-0.074,-0.395,0.535,7.73,3.197,2.312
1.42,0.023,-0.347,0.56,7.318,3.88,2.003
1.43,0.111,-0.298,0.582,6.49,3.505,1.785
1.44,0.19,-0.257,0.602,5.729,3.106,1.543
1.45,0.259,-0.221,0.62,5.033,2.701,1.322
1.46,0.32,-0.19,0.636,4.414,2.328,1.138
1.47,0.373,-0.164,0.65,3.869,2.003,0.984
1.48,0.42,-0.141,0.662,3.392,1.726,0.855
1.49,0.461,-0.122,0.673,2.974,1.49,0.745
1.5,0.497,-0.105,0.682,2.607,1.289,0.651
1.51,0.529,-0.091,0.691,2.286,1.117,0.57
1.52,0.556,-0.078,0.698,2.003,0.969,0.5
1.53,0.58,-0.067,0.704,1.756,0.841,0.439
1.54,0.602,-0.057,0.71,1.539,0.732,0.385
1.55,0.62,-0.049,0.715,1.348,0.636,0.339
1.56,0.636,-0.041,0.719,1.181,0.554,0.298
1.57,0.651,-0.035,0.723,1.035,0.483,0.262
1.58,0.663,-0.029,0.726,0.907,0.421,0.231
1.59,0.674,-0.024,0.729,0.795,0.367,0.203
1.6,0.684,-0.02,0.731,0.696,0.32,0.178
1.61,0.692,-0.016,0.733,0.61,0.279,0.157
1.62,0.699,-0.013,0.735,0.534,0.244,0.138
1.6300000000000001,0.706,-0.01,0.737,0.468,0.213,0.121
1.6400000000000001,0.711,-0.008,0.738,0.41,0.186,0.107
1.6500000000000001,0.716,-0.005,0.74,0.359,0.163,0.094
1.6600000000000001,0.721,-0.003,0.741,0.315,0.142,0.082
1.67,0.724,-0.002,0.742,0.275,0.124,0.072
1.68,0.728,-0.0,0.743,0.241,0.108,0.064
1.69,0.731,0.001,0.744,0.211,0.095,0.056
1.7,0.733,0.002,0.744,0.185,0.083,0.049
1.71,0.735,0.003,0.745,0.162,0.072,0.043
1.72,0.737,0.004,0.745,0.142,0.063,0.038
1.73,0.739,0.005,0.746,0.124,0.055,0.033
1.74,0.741,0.005,0.746,0.109,0.048,0.029
