0.01,-0.744,-0.007,0.746,0.003,-0.003,-0.297
0.02,-0.744,-0.007,0.741,0.006,-0.003,-0.56
0.03,-0.744,-0.007,0.733,0.009,-0.003,-0.791
0.04,-0.744,-0.007,0.723,0.013,-0.003,-0.993
0.05,-0.744,-0.007,0.71,0.016,-0.003,-1.169
0.06,-0.744,-0.007,0.694,0.019,-0.004,-1.324
0.07,-0.744,-0.007,0.677,0.021,-0.004,-1.459
0.08,-0.744,-0.007,0.658,0.022,-0.004,-1.576
0.09,-0.744,-0.007,0.638,0.023,-0.005,-1.679
0.1,-0.744,-0.007,0.617,0.023,-0.005,-1.769
0.11,-0.744,-0.007,0.595,0.022,-0.005,-1.847
0.12,-0.744,-0.007,0.571,0.021,-0.005,-1.916
0.13,-0.744,-0.007,0.547,0.019,-0.005,-1.976
0.14,-0.744,-0.007,0.522,0.017,-0.005,-2.028
0.15,-0.744,-0.007,0.497,0.115,-0.004,-1.894
0.16,-0.741,-0.007,0.474,0.406,-0.004,-1.654
0.17,-0.735,-0.007,0.454,0.66,-0.065,-1.443
0.18,-0.726,-0.009,0.437,0.746,-0.326,-1.26
0.19,-0.718,-0.014,0.422,0.607,-0.585,-1.104
0.2,-0.711,-0.022,0.408,0.436,-0.812,-0.967
0.21,-0.706,-0.033,0.397,0.288,-1.01,-0.847
0.22,-0.703,-0.046,0.387,0.17,-1.184,-0.741
0.23,-0.701,-0.062,0.378,0.108,-1.337,-0.647
0.24,-0.7,-0.079,0.37,0.093,-1.47,-0.565
0.25,-0.699,-0.098,0.363,0.111,-1.587,-0.493
0.26,-0.697,-0.118,0.357,0.197,-1.688,-0.43
0.27,-0.693,-0.139,0.352,0.418,-1.777,-0.374
0.28,-0.687,-0.162,0.347,0.653,-1.855,-0.325
0.29,-0.678,-0.185,0.343,0.869,-1.924,-0.281
0.3,-0.666,-0.209,0.34,1.057,-1.915,-0.244
0.31,-0.652,-0.233,0.337,1.222,-1.847,-0.211
0.32,-0.636,-0.255,0.334,1.366,-1.748,-0.182
0.33,-0.618,-0.277,0.332,1.483,-1.653,0.014
0.34,-0.599,-0.297,0.333,1.586,-1.59,0.191
0.35000000000000003,-0.578,-0.316,0.336,1.668,-1.562,0.308
0.36,-0.557,-0.336,0.34,1.747,-1.538,0.374
0.37,-0.534,-0.355,0.344,1.827,-1.508,0.393
0.38,-0.511,-0.373,0.349,1.904,-1.475,0.375
0.39,-0.487,-0.391,0.353,1.974,-1.44,0.329
0.4,-0.461,-0.409,0.357,2.036,-1.404,0.262
0.41000000000000003,-0.435,-0.426,0.36,2.089,-1.388,0.167
0.42,-0.409,-0.443,0.361,2.132,-1.38,0.057
0.43,-0.382,-0.46,0.361,2.167,-1.381,-0.064
0.44,-0.355,-0.477,0.359,2.197,-1.419,-0.179
0.45,-0.327,-0.495,0.356,2.225,-1.492,-0.315
0.46,-0.299,-0.514,0.352,2.252,-1.574,-0.363
0.47000000000000003,-0.271,-0.534,0.347,2.275,-1.664,-0.313
0.48,-0.242,-0.555,0.343,2.297,-1.75,-0.268
0.49,-0.213,-0.577,0.34,2.317,-1.824,-0.228
0.5,-0.184,-0.6,0.337,2.334,-1.886,-0.191
0.51,-0.155,-0.624,0.334,2.35,-1.938,-0.159
0.52,-0.126,-0.649,0.331,2.363,-1.981,-0.13
0.53,-0.097,-0.674,0.329,2.375,-2.015,-0.105
0.54,-0.069,-0.699,0.328,2.181,-1.863,-0.1
0.55,-0.042,-0.723,0.326,2.109,-1.798,-0.094
0.56,-0.016,-0.746,0.324,2.145,-1.792,-0.077
0.5700000000000001,0.011,-0.769,0.323,2.181,-1.785,-0.061
0.58,0.036,-0.791,0.321,1.907,-1.566,-0.076
0.59,0.059,-0.811,0.319,1.664,-1.376,-0.366
0.6,0.078,-0.828,0.313,1.454,-1.209,-0.623
0.61,0.095,-0.843,0.304,1.27,-1.061,-0.846
0.62,0.11,-0.856,0.292,1.111,-0.929,-1.04
0.63,0.123,-0.868,0.279,0.971,-0.811,-1.01
0.64,0.135,-0.877,0.266,0.878,-0.433,-0.884
0.65,0.145,-0.881,0.256,0.75,-0.098,-0.775
0.66,0.154,-0.881,0.246,0.538,0.203,-0.679
0.67,0.159,-0.877,0.238,0.182,0.379,-0.593
0.68,0.16,-0.872,0.231,-0.141,0.406,-0.519
0.6900000000000001,0.157,-0.868,0.225,-0.424,0.135,-0.455
0.7000000000000001,0.151,-0.868,0.22,-0.522,-0.185,-0.399
0.71,0.145,-0.871,0.215,-0.467,-0.459,-0.349
0.72,0.139,-0.878,0.211,-0.33,-0.688,-0.302
0.73,0.136,-0.887,0.207,-0.249,-0.692,-0.262
0.74,0.132,-0.895,0.204,-0.148,-0.599,-0.228
0.75,0.132,-0.902,0.201,0.068,-0.508,-0.196
0.76,0.133,-0.909,0.199,0.139,-0.429,-0.168
0.77,0.135,-0.914,0.196,0.217,-0.342,-0.14
0.78,0.138,-0.918,0.195,0.179,-0.216,-0.107
0.79,0.14,-0.921,0.193,0.121,0.036,-0.052
0.8,0.141,-0.92,0.193,0.1,0.044,-0.043
0.81,0.142,-0.92,0.192,0.089,0.145,0.029
0.8200000000000001,0.143,-0.92,0.192,0.043,0.15,0.003
0.8300000000000001,0.144,-0.92,0.192,0.066,0.142,0.037
0.84,0.145,-0.919,0.192,0.023,0.146,0.009
0.85,0.146,-0.919,0.191,0.231,0.19,0.058
0.86,0.151,-0.918,0.191,0.435,0.308,0.058
0.87,0.158,-0.917,0.192,0.713,0.352,0.122
0.88,0.168,-0.916,0.194,0.819,0.492,0.113
0.89,0.18,-0.914,0.199,1.108,0.274,1.875
0.9,0.194,-0.913,0.214,1.15,0.444,-0.032
0.91,0.21,-0.91,0.212,1.377,0.496,1.318
0.92,0.228,-0.906,0.215,1.333,0.589,-0.226
0.93,0.245,-0.902,0.211,1.292,0.39,-0.283
0.9400000000000001,0.261,-0.897,0.208,1.196,0.397,-0.292
0.9500000000000001,0.275,-0.891,0.204,1.112,0.808,-0.194
0.96,0.29,-0.88,0.201,1.245,0.99,-0.187
0.97,0.306,-0.867,0.199,1.394,1.132,-0.169
0.98,0.323,-0.853,0.197,1.523,1.211,-0.153
0.99,0.343,-0.837,0.195,1.635,1.263,-0.138
1.0,0.363,-0.821,0.193,1.732,1.321,-0.122
1.01,0.385,-0.804,0.192,1.818,1.412,-0.108
1.02,0.408,-0.786,0.191,1.691,1.315,-0.105
1.03,0.429,-0.77,0.189,1.695,1.151,-0.092
1.04,0.45,-0.756,0.188,1.703,1.078,-0.078
1.05,0.471,-0.742,0.187,1.788,1.066,-0.065
1.06,0.493,-0.728,0.186,1.611,1.223,-0.06
1.07,0.512,-0.712,0.186,1.413,1.367,-0.054
1.08,0.529,-0.695,0.185,1.319,1.494,-0.047
1.09,0.545,-0.675,0.184,1.296,1.606,-0.041
1.1,0.561,-0.655,0.184,1.217,1.704,-0.035
1.11,0.576,-0.633,0.184,1.098,1.741,0.209
1.12,0.589,-0.611,0.188,0.949,1.743,0.582
1.1300000000000001,0.599,-0.589,0.197,0.729,1.746,0.939
1.1400000000000001,0.607,-0.567,0.21,0.387,1.74,1.333
1.1500000000000001,0.611,-0.546,0.225,0.216,1.595,1.183
1.16,0.612,-0.526,0.241,-0.011,1.515,1.194
1.17,0.611,-0.508,0.254,-0.022,1.348,0.829
1.18,0.611,-0.492,0.263,-0.023,1.182,0.504
1.19,0.611,-0.478,0.268,-0.02,1.029,0.23
1.2,0.61,-0.465,0.27,-0.015,0.887,-0.011
1.21,0.61,-0.455,0.269,-0.008,0.756,-0.229
1.22,0.61,-0.446,0.265,-0.0,0.634,-0.431
1.23,0.61,-0.438,0.259,0.009,0.52,-0.622
1.24,0.61,-0.432,0.251,0.016,0.423,-0.765
1.25,0.61,-0.427,0.241,0.015,0.358,-0.812
1.26,0.61,-0.423,0.23,0.014,0.303,-0.844
1.27,0.61,-0.42,0.22,0.013,0.256,-0.865
1.28,0.611,-0.417,0.209,0.012,0.218,-0.874
1.29,0.611,-0.414,0.198,0.011,0.187,-0.873
1.3,0.611,-0.412,0.187,0.009,0.162,-0.864
1.31,0.611,-0.41,0.176,0.007,0.142,-0.849
1.32,0.611,-0.408,0.166,0.005,0.127,-0.828
1.33,0.611,-0.407,0.156,0.003,0.115,-0.803
1.34,0.611,-0.405,0.146,0.002,0.106,-0.774
1.35,0.611,-0.404,0.136,-0.0,0.099,-0.743
1.36,0.611,-0.403,0.127,-0.002,0.094,-0.711
1.37,0.611,-0.402,0.118,-0.003,0.09,-0.678
1.3800000000000001,0.611,-0.401,0.11,-0.005,0.088,-0.645
1.3900000000000001,0.611,-0.4,0.102,-0.006,0.086,-0.613
1.4000000000000001,0.611,-0.399,0.094,-0.007,0.085,-0.58
1.41,0.61,-0.398,0.088,0.042,-0.069,-0.085
1.42,0.611,-0.398,0.087,0.037,-0.063,-0.07
1.43,0.611,-0.399,0.086,0.033,-0.057,-0.061
1.44,0.612,-0.4,0.085,0.03,-0.051,-0.054
1.45,0.612,-0.4,0.084,0.028,-0.043,-0.038
1.46,0.613,-0.401,0.084,0.026,-0.037,-0.033
1.47,0.622,-0.366,0.139,1.411,3.983,6.29
1.48,0.637,-0.318,0.215,1.246,3.485,5.543
1.49,0.65,-0.276,0.281,1.087,3.051,4.882
1.5,0.661,-0.239,0.34,0.944,2.668,4.291
1.51,0.672,-0.208,0.391,0.819,2.33,3.762
1.52,0.681,-0.18,0.436,0.712,2.033,3.294
1.53,0.689,-0.156,0.475,0.621,1.772,2.88
1.54,0.697,-0.135,0.51,0.543,1.545,2.518
1.55,0.703,-0.116,0.54,0.476,1.348,2.2
1.56,0.709,-0.1,0.566,0.418,1.175,1.922
1.57,0.714,-0.087,0.589,0.368,1.025,1.679
1.58,0.718,-0.074,0.609,0.324,0.895,1.468
1.59,0.722,-0.064,0.626,0.285,0.781,1.283
1.6,0.726,-0.055,0.642,0.251,0.682,1.121
1.61,0.729,-0.046,0.655,0.221,0.596,0.98
1.62,0.732,-0.039,0.667,0.195,0.521,0.857
1.6300000000000001,0.734,-0.033,0.677,0.171,0.455,0.75
1.6400000000000001,0.736,-0.028,0.686,0.151,0.398,0.656
1.6500000000000001,0.738,-0.023,0.694,0.133,0.348,0.574
1.6600000000000001,0.739,-0.019,0.701,0.117,0.304,0.502
1.67,0.741,-0.015,0.707,0.103,0.266,0.439
1.68,0.742,-0.012,0.712,0.09,0.232,0.384
1.69,0.743,-0.009,0.717,0.079,0.203,0.336
1.7,0.744,-0.007,0.721,0.07,0.178,0.294
1.71,0.745,-0.005,0.724,0.061,0.155,0.257
1.72,0.746,-0.003,0.727,0.054,0.136,0.225
1.73,0.746,-0.001,0.73,0.047,0.119,0.197
1.74,0.747,0.0,0.732,0.041,0.104,0.172
1.75,0.747,0.001,0.735,0.036,0.091,0.151
1.76,0.748,0.002,0.736,0.032,0.08,0.132
1.77,0.748,0.003,0.738,0.028,0.07,0.115
