0.01,-0.747,-0.008,0.748,0.001,-0.003,-0.031
0.02,-0.747,-0.008,0.747,0.001,-0.003,-0.196
0.03,-0.747,-0.008,0.743,0.003,-0.003,-0.471
0.04,-0.747,-0.008,0.736,0.006,-0.003,-0.712
0.05,-0.747,-0.009,0.727,0.009,-0.004,-0.923
0.06,-0.747,-0.009,0.714,0.011,-0.004,-1.108
0.07,-0.747,-0.009,0.7,0.013,-0.004,-1.269
0.08,-0.747,-0.009,0.683,0.015,-0.004,-1.41
0.09,-0.747,-0.009,0.665,0.016,-0.004,-1.533
0.1,-0.747,-0.009,0.645,0.016,-0.004,-1.641
0.11,-0.747,-0.009,0.625,0.016,-0.003,-1.735
0.12,-0.747,-0.009,0.602,0.015,-0.003,-1.818
0.13,-0.747,-0.009,0.579,0.013,-0.003,-1.89
0.14,-0.747,-0.009,0.556,0.012,-0.003,-1.953
0.15,-0.747,-0.009,0.531,0.01,-0.003,-2.009
0.16,-0.746,-0.009,0.508,0.123,-0.019,-1.454
0.17,-0.744,-0.009,0.492,0.192,-0.029,-1.009
0.18,-0.742,-0.011,0.48,0.111,-0.32,-0.81
0.19,-0.741,-0.016,0.471,0.091,-0.579,-0.632
0.2,-0.74,-0.024,0.463,0.072,-0.805,-0.517
0.21,-0.739,-0.035,0.457,0.235,-1.004,-0.27
0.22,-0.734,-0.048,0.455,0.543,-1.111,0.082
0.23,-0.727,-0.062,0.457,0.706,-1.035,0.269
0.24,-0.717,-0.074,0.461,0.744,-0.906,0.316
0.25,-0.708,-0.085,0.465,0.661,-0.792,0.25
0.26,-0.7,-0.094,0.468,0.587,-0.693,0.193
0.27,-0.693,-0.103,0.47,0.519,-0.606,0.143
0.28,-0.687,-0.11,0.471,0.458,-0.529,0.099
0.29,-0.681,-0.116,0.472,0.403,-0.463,0.061
0.3,-0.677,-0.122,0.473,0.352,-0.404,0.027
0.31,-0.672,-0.126,0.473,0.306,-0.354,-0.003
0.32,-0.669,-0.131,0.473,0.265,-0.309,-0.029
0.33,-0.665,-0.134,0.472,0.228,-0.27,-0.053
0.34,-0.663,-0.138,0.472,0.194,-0.236,-0.074
0.35000000000000003,-0.66,-0.14,0.471,0.163,-0.207,-0.093
0.36,-0.659,-0.143,0.469,0.136,-0.181,-0.11
0.37,-0.657,-0.145,0.468,0.111,-0.158,-0.125
0.38,-0.656,-0.147,0.466,0.089,-0.138,-0.138
0.39,-0.655,-0.149,0.465,0.069,-0.121,-0.15
0.4,-0.654,-0.15,0.463,0.051,-0.106,-0.161
0.41000000000000003,-0.653,-0.151,0.461,0.035,-0.093,-0.171
0.42,-0.653,-0.152,0.458,0.021,-0.081,-0.179
0.43,-0.653,-0.153,0.456,0.008,-0.071,-0.187
0.44,-0.653,-0.154,0.454,-0.003,-0.061,-0.193
0.45,-0.653,-0.155,0.451,-0.013,-0.053,-0.199
0.46,-0.653,-0.156,0.449,-0.021,-0.046,-0.204
0.47000000000000003,-0.653,-0.156,0.446,-0.029,-0.04,-0.209
0.48,-0.654,-0.157,0.444,-0.035,-0.035,-0.213
0.49,-0.654,-0.157,0.441,-0.04,-0.03,-0.216
0.5,-0.655,-0.157,0.438,-0.045,-0.026,-0.218
0.51,-0.655,-0.158,0.435,-0.049,-0.022,-0.22
0.52,-0.656,-0.158,0.433,-0.052,-0.019,-0.222
0.53,-0.657,-0.158,0.43,-0.054,-0.016,-0.223
0.54,-0.657,-0.158,0.427,-0.056,-0.013,-0.224
0.55,-0.658,-0.158,0.424,-0.058,-0.011,-0.224
0.56,-0.659,-0.159,0.422,-0.059,-0.009,-0.224
0.5700000000000001,-0.659,-0.159,0.419,-0.059,-0.007,-0.223
0.58,-0.66,-0.159,0.416,-0.06,-0.005,-0.222
0.59,-0.661,-0.159,0.413,-0.06,-0.004,-0.221
0.6,-0.662,-0.159,0.41,-0.059,-0.003,-0.22
0.61,-0.662,-0.159,0.408,-0.058,-0.001,-0.218
0.62,-0.663,-0.159,0.405,-0.058,-0.0,-0.216
0.63,-0.664,-0.159,0.402,-0.057,0.0,-0.214
0.64,-0.664,-0.159,0.4,-0.055,0.001,-0.212
0.65,-0.665,-0.159,0.397,-0.054,0.002,-0.21
0.66,-0.666,-0.159,0.394,-0.053,0.002,-0.207
0.67,-0.667,-0.159,0.392,-0.051,0.003,-0.205
0.68,-0.667,-0.159,0.389,-0.05,0.003,-0.202
0.6900000000000001,-0.668,-0.159,0.387,-0.027,0.003,-0.184
0.7000000000000001,-0.668,-0.159,0.385,0.126,0.002,-0.068
0.71,-0.665,-0.159,0.385,0.415,-0.138,0.103
0.72,-0.659,-0.161,0.387,0.671,-0.244,0.24
0.73,-0.649,-0.165,0.39,0.899,-0.378,0.323
0.74,-0.637,-0.171,0.394,1.066,-0.633,0.303
0.75,-0.623,-0.179,0.397,1.158,-0.855,0.227
0.76,-0.608,-0.191,0.399,1.184,-1.048,0.112
0.77,-0.593,-0.204,0.4,1.294,-1.217,0.045
0.78,-0.576,-0.22,0.4,1.408,-1.364,-0.027
0.79,-0.558,-0.238,0.399,1.443,-1.492,-0.138
0.8,-0.54,-0.257,0.397,1.44,-1.603,-0.257
0.81,-0.522,-0.277,0.393,1.455,-1.701,-0.357
0.8200000000000001,-0.503,-0.298,0.388,1.468,-1.787,-0.448
0.8300000000000001,-0.485,-0.321,0.382,1.481,-1.863,-0.529
0.84,-0.466,-0.344,0.375,1.525,-1.931,-0.592
0.85,-0.446,-0.368,0.367,1.568,-1.99,-0.649
0.86,-0.427,-0.393,0.358,1.442,-1.983,-0.716
0.87,-0.41,-0.417,0.349,1.26,-1.739,-0.683
0.88,-0.395,-0.438,0.341,0.905,-1.533,-0.652
0.89,-0.385,-0.457,0.333,0.594,-1.451,-0.59
0.9,-0.378,-0.474,0.324,0.518,-1.271,-0.809
0.91,-0.372,-0.489,0.314,0.435,-1.117,-0.837
0.92,-0.367,-0.502,0.303,0.358,-0.984,-0.871
0.93,-0.363,-0.514,0.292,0.285,-0.87,-0.91
0.9400000000000001,-0.36,-0.525,0.281,0.236,-0.767,-0.874
0.9500000000000001,-0.357,-0.534,0.27,0.203,-0.673,-0.801
0.96,-0.355,-0.542,0.26,0.175,-0.591,-0.733
0.97,-0.353,-0.549,0.251,0.152,-0.519,-0.67
0.98,-0.351,-0.555,0.243,0.133,-0.455,-0.612
0.99,-0.349,-0.56,0.236,0.117,-0.399,-0.558
1.0,-0.348,-0.565,0.229,0.104,-0.35,-0.509
1.01,-0.347,-0.569,0.223,0.092,-0.306,-0.464
1.02,-0.346,-0.573,0.217,0.082,-0.268,-0.423
1.03,-0.345,-0.576,0.212,0.074,-0.234,-0.386
1.04,-0.344,-0.579,0.207,0.066,-0.205,-0.352
1.05,-0.343,-0.581,0.203,0.06,-0.179,-0.322
1.06,-0.342,-0.584,0.199,0.054,-0.156,-0.294
1.07,-0.341,-0.585,0.196,0.105,-0.138,-0.254
1.08,-0.339,-0.587,0.193,0.316,-0.027,-0.106
1.09,-0.334,-0.587,0.192,0.535,0.107,0.046
1.1,-0.327,-0.585,0.193,0.733,0.227,0.159
1.11,-0.317,-0.581,0.196,0.912,0.335,0.234
1.12,-0.305,-0.577,0.199,1.075,0.441,0.28
1.1300000000000001,-0.291,-0.57,0.202,1.221,0.556,0.302
1.1400000000000001,-0.275,-0.563,0.206,1.354,0.677,0.302
1.1500000000000001,-0.258,-0.554,0.21,1.477,0.768,0.267
1.16,-0.239,-0.543,0.213,1.592,0.83,0.206
1.17,-0.219,-0.532,0.215,1.697,0.874,0.134
1.18,-0.197,-0.521,0.216,1.79,0.914,0.06
1.19,-0.175,-0.509,0.217,1.872,0.948,-0.011
1.2,-0.151,-0.497,0.216,1.944,0.977,-0.075
1.21,-0.127,-0.484,0.215,2.008,1.001,-0.13
1.22,-0.102,-0.471,0.213,2.063,1.022,-0.174
1.23,-0.076,-0.458,0.21,2.11,1.038,-0.206
1.24,-0.049,-0.444,0.208,2.15,1.051,-0.226
1.25,-0.023,-0.431,0.205,2.182,1.06,-0.235
1.26,0.005,-0.417,0.202,2.209,1.065,-0.234
1.27,0.032,-0.403,0.199,2.231,1.067,-0.227
1.28,0.06,-0.389,0.196,2.16,1.021,-0.224
1.29,0.086,-0.377,0.193,1.914,0.89,-0.232
1.3,0.144,-0.353,0.231,6.127,2.8,4.666
1.31,0.216,-0.312,0.292,5.554,3.695,4.704
1.32,0.282,-0.268,0.349,4.882,3.283,4.259
1.33,0.339,-0.23,0.4,4.248,2.855,3.77
1.34,0.39,-0.198,0.445,3.694,2.454,3.285
1.35,0.434,-0.17,0.484,3.223,2.102,2.848
1.36,0.473,-0.147,0.518,2.819,1.803,2.468
1.37,0.507,-0.126,0.547,2.469,1.55,2.143
1.3800000000000001,0.537,-0.109,0.572,2.165,1.337,1.863
1.3900000000000001,0.564,-0.094,0.595,1.9,1.155,1.622
1.4000000000000001,0.587,-0.081,0.614,1.667,1.001,1.414
1.41,0.607,-0.069,0.631,1.463,0.868,1.234
1.42,0.625,-0.059,0.646,1.284,0.754,1.077
1.43,0.641,-0.05,0.659,1.127,0.656,0.941
1.44,0.654,-0.043,0.67,0.989,0.571,0.822
1.45,0.666,-0.036,0.68,0.867,0.497,0.719
1.46,0.677,-0.03,0.689,0.761,0.433,0.629
1.47,0.686,-0.025,0.696,0.668,0.378,0.55
1.48,0.694,-0.021,0.703,0.586,0.33,0.481
1.49,0.701,-0.017,0.709,0.514,0.288,0.421
1.5,0.707,-0.014,0.714,0.45,0.251,0.368
1.51,0.713,-0.011,0.718,0.395,0.219,0.322
1.52,0.717,-0.008,0.722,0.346,0.192,0.282
1.53,0.722,-0.006,0.725,0.303,0.167,0.247
1.54,0.725,-0.004,0.728,0.266,0.146,0.216
1.55,0.728,-0.002,0.731,0.233,0.128,0.189
1.56,0.731,-0.001,0.733,0.204,0.112,0.166
1.57,0.734,0.001,0.735,0.179,0.098,0.145
1.58,0.736,0.002,0.737,0.157,0.085,0.127
1.59,0.738,0.003,0.738,0.137,0.075,0.111
1.6,0.739,0.004,0.74,0.12,0.065,0.097
1.61,0.741,0.005,0.741,0.105,0.057,0.085
1.62,0.742,0.005,0.742,0.092,0.05,0.075
1.6300000000000001,0.743,0.006,0.743,0.081,0.044,0.065
1.6400000000000001,0.744,0.006,0.744,0.071,0.038,0.057
1.6500000000000001,0.745,0.007,0.744,0.062,0.033,0.05
1.6600000000000001,0.746,0.007,0.745,0.054,0.029,0.044
