0.01,-0.746,-0.008,0.746,0.003,-0.003,-0.296
0.02,-0.746,-0.008,0.742,0.005,-0.004,-0.56
0.03,-0.746,-0.008,0.734,0.007,-0.004,-0.79
0.04,-0.746,-0.008,0.723,0.011,-0.004,-0.992
0.05,-0.746,-0.008,0.71,0.014,-0.004,-1.168
0.06,-0.746,-0.008,0.694,0.016,-0.004,-1.322
0.07,-0.746,-0.008,0.677,0.015,-0.044,-1.356
0.08,-0.746,-0.009,0.661,0.011,-0.188,-1.286
0.09,-0.746,-0.012,0.644,0.013,-0.166,-1.425
0.1,-0.746,-0.014,0.626,0.014,-0.145,-1.547
0.11,-0.746,-0.015,0.606,0.014,-0.128,-1.653
0.12,-0.746,-0.017,0.586,0.01,-0.112,-1.546
0.13,-0.746,-0.018,0.567,0.006,-0.097,-1.353
0.14,-0.746,-0.019,0.551,0.003,-0.085,-1.184
0.15,-0.746,-0.02,0.537,0.072,-0.074,-1.036
0.16,-0.745,-0.021,0.524,0.092,-0.065,-0.906
0.17,-0.743,-0.022,0.514,0.079,-0.256,-0.793
0.18,-0.743,-0.027,0.504,0.068,-0.525,-0.693
0.19,-0.741,-0.034,0.496,0.129,-0.76,-0.606
0.2,-0.739,-0.044,0.488,0.232,-0.965,-0.529
0.21,-0.736,-0.057,0.482,0.413,-1.145,-0.46
0.22,-0.73,-0.072,0.477,0.561,-1.202,-0.401
0.23,-0.723,-0.087,0.472,0.491,-1.052,-0.372
0.24,-0.717,-0.099,0.467,0.429,-0.921,-0.356
0.25,-0.712,-0.11,0.463,0.375,-0.806,-0.342
0.26,-0.707,-0.12,0.458,0.327,-0.705,-0.329
0.27,-0.702,-0.129,0.454,0.582,-0.754,-0.286
0.28,-0.694,-0.138,0.451,0.77,-0.672,-0.248
0.29,-0.683,-0.146,0.448,0.98,-0.608,-0.153
0.3,-0.67,-0.153,0.447,1.198,-0.534,0.205
0.31,-0.654,-0.16,0.451,1.38,-0.577,0.418
0.32,-0.637,-0.167,0.456,1.424,-0.704,0.448
0.33,-0.62,-0.176,0.461,1.365,-0.62,0.432
0.34,-0.602,-0.183,0.466,1.405,-0.612,0.438
0.35000000000000003,-0.584,-0.191,0.472,1.552,-0.664,0.462
0.36,-0.564,-0.2,0.477,1.658,-0.856,0.403
0.37,-0.543,-0.211,0.481,1.689,-1.046,0.295
0.38,-0.521,-0.225,0.484,1.764,-1.192,0.207
0.39,-0.5,-0.239,0.486,1.641,-1.146,0.101
0.4,-0.48,-0.252,0.487,1.451,-1.005,0.009
0.41000000000000003,-0.462,-0.264,0.486,1.328,-0.87,-0.073
0.42,-0.446,-0.275,0.485,1.22,-0.751,-0.149
0.43,-0.431,-0.284,0.483,1.122,-0.646,-0.221
0.44,-0.418,-0.291,0.48,1.031,-0.555,-0.294
0.45,-0.405,-0.298,0.475,0.944,-0.477,-0.369
0.46,-0.394,-0.303,0.47,0.859,-0.411,-0.448
0.47000000000000003,-0.383,-0.308,0.464,0.774,-0.357,-0.533
0.48,-0.374,-0.312,0.457,0.686,-0.313,-0.624
0.49,-0.366,-0.316,0.449,0.595,-0.278,-0.723
0.5,-0.359,-0.319,0.44,0.455,-0.258,-0.761
0.51,-0.354,-0.322,0.43,0.341,-0.238,-0.807
0.52,-0.35,-0.325,0.419,0.241,-0.221,-0.859
0.53,-0.348,-0.328,0.409,0.141,-0.206,-0.88
0.54,-0.346,-0.332,0.397,0.052,-0.379,-0.947
0.55,-0.346,-0.336,0.385,-0.017,-0.34,-0.946
0.56,-0.346,-0.34,0.374,-0.07,-0.305,-0.94
0.5700000000000001,-0.348,-0.344,0.362,-0.11,-0.283,-0.931
0.58,-0.349,-0.347,0.35,-0.139,-0.252,-0.915
0.59,-0.351,-0.35,0.339,-0.157,-0.224,-0.895
0.6,-0.353,-0.353,0.328,-0.167,-0.198,-0.871
0.61,-0.355,-0.355,0.317,-0.171,-0.175,-0.844
0.62,-0.357,-0.357,0.307,-0.169,-0.154,-0.814
0.63,-0.359,-0.359,0.297,-0.163,-0.136,-0.783
0.64,-0.361,-0.361,0.287,-0.154,-0.119,-0.751
0.65,-0.363,-0.362,0.278,-0.143,-0.104,-0.717
0.66,-0.365,-0.363,0.269,-0.131,-0.091,-0.683
0.67,-0.367,-0.364,0.26,-0.118,-0.08,-0.649
0.68,-0.368,-0.365,0.252,-0.105,-0.07,-0.616
0.6900000000000001,-0.369,-0.366,0.245,-0.092,-0.061,-0.583
0.7000000000000001,-0.37,-0.367,0.238,-0.079,-0.053,-0.551
0.71,-0.371,-0.367,0.231,-0.067,-0.046,-0.52
0.72,-0.372,-0.368,0.225,-0.055,-0.04,-0.49
0.73,-0.373,-0.368,0.219,-0.044,-0.035,-0.461
0.74,-0.373,-0.369,0.213,-0.035,-0.03,-0.434
0.75,-0.374,-0.369,0.208,-0.025,-0.026,-0.407
0.76,-0.374,-0.369,0.203,-0.017,-0.023,-0.383
0.77,-0.374,-0.37,0.198,-0.01,-0.02,-0.359
0.78,-0.374,-0.37,0.194,-0.003,-0.017,-0.337
0.79,-0.374,-0.37,0.189,0.003,-0.015,-0.316
0.8,-0.374,-0.37,0.186,0.008,-0.013,-0.297
0.81,-0.374,-0.37,0.182,0.013,-0.011,-0.278
0.8200000000000001,-0.374,-0.371,0.179,0.017,-0.01,-0.261
0.8300000000000001,-0.374,-0.371,0.175,0.02,-0.008,-0.244
0.84,-0.374,-0.371,0.172,0.023,-0.007,-0.229
0.85,-0.373,-0.371,0.17,0.025,-0.006,-0.215
0.86,-0.373,-0.371,0.167,0.095,-0.125,-0.216
0.87,-0.371,-0.374,0.164,0.259,-0.409,-0.239
0.88,-0.367,-0.38,0.161,0.439,-0.657,-0.249
0.89,-0.361,-0.389,0.158,0.659,-0.874,-0.243
0.9,-0.352,-0.401,0.155,0.89,-1.063,-0.234
0.91,-0.34,-0.415,0.152,1.09,-1.227,-0.237
0.92,-0.325,-0.431,0.149,1.206,-1.369,-0.239
0.93,-0.31,-0.448,0.146,1.233,-1.496,-0.207
0.9400000000000001,-0.295,-0.468,0.143,1.206,-1.606,-0.177
0.9500000000000001,-0.281,-0.488,0.141,1.08,-1.604,-0.152
0.96,-0.268,-0.508,0.139,0.941,-1.405,-0.134
0.97,-0.257,-0.524,0.138,0.82,-1.23,-0.117
0.98,-0.247,-0.539,0.136,0.715,-1.078,-0.103
0.99,-0.239,-0.552,0.135,0.623,-0.944,-0.011
1.0,-0.231,-0.563,0.136,0.544,-0.828,0.289
1.01,-0.225,-0.573,0.141,0.475,-0.726,0.553
1.02,-0.219,-0.582,0.148,0.415,-0.637,0.783
1.03,-0.214,-0.59,0.159,0.364,-0.559,0.985
1.04,-0.21,-0.596,0.172,0.319,-0.49,1.161
1.05,-0.206,-0.602,0.187,0.28,-0.43,1.315
1.06,-0.203,-0.607,0.204,0.246,-0.377,1.451
1.07,-0.2,-0.612,0.223,0.217,-0.331,1.569
1.08,-0.197,-0.615,0.243,0.191,-0.291,1.673
1.09,-0.195,-0.619,0.264,0.169,-0.256,1.764
1.1,-0.193,-0.622,0.287,0.149,-0.225,1.844
1.11,-0.191,-0.624,0.31,0.132,-0.198,1.914
1.12,-0.19,-0.627,0.334,0.118,-0.175,1.975
1.1300000000000001,-0.189,-0.628,0.359,0.105,-0.154,2.029
1.1400000000000001,-0.187,-0.63,0.385,0.094,-0.136,2.076
1.1500000000000001,-0.186,-0.632,0.411,0.084,-0.12,2.117
1.16,-0.185,-0.633,0.438,0.076,-0.106,2.153
1.17,-0.185,-0.634,0.465,0.068,-0.093,2.145
1.18,-0.184,-0.635,0.49,0.057,-0.083,1.879
1.19,-0.183,-0.636,0.513,0.036,0.075,1.642
1.2,-0.183,-0.634,0.532,0.019,0.164,1.436
1.21,-0.183,-0.632,0.549,0.015,0.262,1.256
1.22,-0.183,-0.627,0.564,0.052,0.528,1.097
1.23,-0.182,-0.62,0.578,0.069,0.761,0.959
1.24,-0.18,-0.61,0.589,0.358,0.825,0.839
1.25,-0.175,-0.6,0.599,0.382,0.723,0.735
1.26,-0.171,-0.591,0.607,0.333,0.633,0.434
1.27,-0.167,-0.583,0.611,0.292,0.554,0.081
1.28,-0.163,-0.577,0.612,0.255,0.485,0.067
1.29,-0.16,-0.571,0.613,0.223,0.424,0.059
1.3,-0.158,-0.566,0.614,0.195,0.371,0.051
1.31,-0.155,-0.561,0.614,0.171,0.325,0.045
1.32,-0.153,-0.557,0.615,0.149,0.284,0.04
1.33,-0.152,-0.554,0.615,0.131,0.249,0.035
1.34,-0.15,-0.551,0.616,0.114,0.218,0.03
1.35,-0.149,-0.548,0.616,0.1,0.191,0.027
1.36,-0.148,-0.546,0.616,0.087,0.167,0.023
1.37,-0.146,-0.544,0.617,0.076,0.146,0.02
1.3800000000000001,-0.146,-0.542,0.617,0.067,0.128,0.018
1.3900000000000001,-0.145,-0.541,0.617,0.059,0.112,0.016
1.4000000000000001,-0.144,-0.539,0.617,0.051,0.098,0.014
1.41,-0.143,-0.538,0.617,0.045,0.086,0.012
1.42,-0.143,-0.537,0.618,0.039,0.075,0.01
1.43,-0.142,-0.536,0.618,0.034,0.066,0.009
1.44,-0.142,-0.536,0.618,0.03,0.057,0.008
1.45,-0.142,-0.535,0.618,0.026,0.05,0.007
1.46,-0.141,-0.534,0.618,0.133,0.044,0.006
1.47,-0.138,-0.534,0.618,0.416,0.048,0.006
1.48,-0.132,-0.533,0.618,0.663,0.131,0.006
1.49,-0.123,-0.531,0.618,0.88,0.323,0.006
1.5,-0.111,-0.525,0.618,1.07,0.578,0.006
1.51,-0.097,-0.517,0.618,1.217,0.803,0.006
1.52,-0.082,-0.506,0.618,1.276,0.999,0.005
1.53,-0.066,-0.493,0.618,1.298,1.171,0.005
1.54,-0.05,-0.477,0.618,1.298,1.321,0.005
1.55,-0.034,-0.46,0.618,1.297,1.452,0.004
1.56,-0.017,-0.441,0.618,1.394,1.517,0.005
1.57,0.0,-0.422,0.618,1.518,1.496,0.007
1.58,0.02,-0.403,0.618,1.626,1.35,0.011
1.59,0.04,-0.387,0.618,1.721,1.184,0.013
1.6,0.062,-0.372,0.618,1.806,1.04,0.015
1.61,0.085,-0.36,0.618,1.881,0.914,0.015
1.62,0.109,-0.349,0.618,1.947,0.805,0.015
1.6300000000000001,0.134,-0.339,0.618,2.005,0.709,0.013
1.6400000000000001,0.159,-0.33,0.618,2.055,0.695,0.011
1.6500000000000001,0.185,-0.321,0.618,2.016,0.866,0.011
1.6600000000000001,0.209,-0.31,0.618,1.824,1.053,0.011
1.67,0.261,-0.277,0.629,5.032,3.223,1.252
1.68,0.321,-0.239,0.644,4.411,2.807,1.072
1.69,0.374,-0.207,0.657,3.869,2.433,0.915
1.7,0.421,-0.179,0.669,3.397,2.106,0.78
1.71,0.461,-0.154,0.679,2.984,1.824,0.667
1.72,0.497,-0.133,0.688,2.619,1.581,0.574
1.73,0.529,-0.115,0.695,2.298,1.372,0.498
1.74,0.556,-0.099,0.702,2.014,1.191,0.435
1.75,0.581,-0.085,0.708,1.765,1.035,0.382
1.76,0.602,-0.073,0.713,1.546,0.9,0.336
1.77,0.62,-0.062,0.717,1.354,0.783,0.297
1.78,0.637,-0.053,0.721,1.185,0.681,0.263
1.79,0.651,-0.045,0.725,1.038,0.594,0.232
1.8,0.663,-0.038,0.728,0.909,0.517,0.205
1.81,0.674,-0.032,0.73,0.796,0.451,0.182
1.82,0.684,-0.027,0.732,0.697,0.393,0.16
1.83,0.692,-0.022,0.734,0.61,0.343,0.142
1.84,0.7,-0.018,0.736,0.535,0.3,0.125
1.85,0.706,-0.015,0.738,0.468,0.262,0.11
1.86,0.712,-0.012,0.739,0.41,0.229,0.097
1.87,0.716,-0.009,0.74,0.359,0.2,0.086
1.8800000000000001,0.721,-0.007,0.741,0.314,0.174,0.076
