0.01,-0.744,-0.006,0.747,0.003,-0.003,-0.229
0.02,-0.744,-0.006,0.743,0.005,-0.003,-0.501
0.03,-0.744,-0.006,0.736,0.008,-0.003,-0.739
0.04,-0.744,-0.006,0.726,0.012,-0.003,-0.948
0.05,-0.744,-0.006,0.713,0.015,-0.003,-1.13
0.06,-0.744,-0.006,0.698,0.018,-0.004,-1.289
0.07,-0.744,-0.006,0.681,0.02,-0.004,-1.429
0.08,-0.744,-0.006,0.663,0.022,-0.004,-1.55
0.09,-0.744,-0.006,0.643,0.023,-0.005,-1.656
0.1,-0.744,-0.006,0.622,0.023,-0.005,-1.749
0.11,-0.744,-0.006,0.6,0.022,-0.005,-1.829
0.12,-0.743,-0.006,0.577,0.021,-0.005,-1.9
0.13,-0.743,-0.006,0.553,0.077,-0.125,-1.762
0.14,-0.742,-0.009,0.532,0.144,-0.41,-1.54
0.15,-0.74,-0.015,0.514,0.366,-0.66,-1.345
0.16,-0.734,-0.024,0.497,0.623,-0.848,-1.172
0.17,-0.726,-0.035,0.483,0.846,-0.904,-1.021
0.18,-0.714,-0.046,0.471,1.042,-0.872,-0.889
0.19,-0.701,-0.057,0.46,1.213,-0.794,-0.772
0.2,-0.685,-0.066,0.451,1.362,-0.707,-0.67
0.21,-0.668,-0.075,0.442,1.452,-0.685,-0.541
0.22,-0.649,-0.083,0.436,1.524,-0.696,-0.408
0.23,-0.63,-0.092,0.431,1.628,-0.719,-0.166
0.24,-0.609,-0.101,0.43,1.663,-0.657,0.185
0.25,-0.589,-0.108,0.433,1.695,-0.591,0.4
0.26,-0.567,-0.116,0.439,1.827,-0.622,0.559
0.27,-0.544,-0.124,0.445,1.83,-0.813,0.512
0.28,-0.521,-0.135,0.451,1.687,-0.996,0.358
0.29,-0.501,-0.148,0.454,1.486,-1.155,0.189
0.3,-0.483,-0.163,0.456,1.391,-1.3,0.079
0.31,-0.465,-0.18,0.456,1.302,-1.427,-0.026
0.32,-0.449,-0.198,0.455,1.228,-1.539,-0.121
0.33,-0.433,-0.217,0.453,1.353,-1.64,-0.159
0.34,-0.416,-0.238,0.451,1.473,-1.66,-0.191
0.35000000000000003,-0.397,-0.258,0.448,1.577,-1.609,-0.216
0.36,-0.377,-0.278,0.445,1.612,-1.41,-0.212
0.37,-0.356,-0.295,0.443,1.697,-1.349,-0.24
0.38,-0.335,-0.311,0.439,1.673,-1.212,-0.255
0.39,-0.314,-0.325,0.436,1.486,-1.057,-0.302
0.4,-0.296,-0.338,0.432,1.337,-0.923,-0.345
0.41000000000000003,-0.281,-0.349,0.427,1.009,-0.654,-0.306
0.42,-0.269,-0.355,0.424,0.652,-0.284,-0.21
0.43,-0.262,-0.357,0.421,0.627,0.04,-0.109
0.44,-0.253,-0.356,0.42,0.857,0.212,-0.065
0.45,-0.243,-0.353,0.419,0.751,0.189,-0.097
0.46,-0.234,-0.351,0.418,0.655,0.166,-0.123
0.47000000000000003,-0.226,-0.349,0.416,0.598,0.146,-0.18
0.48,-0.219,-0.347,0.414,0.517,0.126,-0.196
0.49,-0.212,-0.346,0.411,0.657,0.207,-0.193
0.5,-0.203,-0.342,0.409,0.807,0.474,-0.15
0.51,-0.194,-0.336,0.407,0.71,0.513,-0.162
0.52,-0.185,-0.329,0.405,0.643,0.449,-0.244
0.53,-0.177,-0.324,0.401,0.597,0.388,-0.356
0.54,-0.17,-0.319,0.397,0.508,0.333,-0.379
0.55,-0.164,-0.316,0.392,0.428,0.286,-0.395
0.56,-0.159,-0.312,0.387,0.358,0.244,-0.406
0.5700000000000001,-0.155,-0.309,0.382,0.296,0.208,-0.413
0.58,-0.152,-0.307,0.376,0.243,0.177,-0.417
0.59,-0.149,-0.305,0.371,0.196,0.151,-0.418
0.6,-0.146,-0.303,0.366,0.156,0.129,-0.416
0.61,-0.145,-0.301,0.361,0.121,0.11,-0.412
0.62,-0.143,-0.3,0.356,0.092,0.095,-0.406
0.63,-0.142,-0.299,0.351,0.068,0.082,-0.398
0.64,-0.142,-0.298,0.346,0.048,0.072,-0.389
0.65,-0.141,-0.297,0.341,0.031,0.063,-0.378
0.66,-0.141,-0.296,0.336,0.018,0.056,-0.366
0.67,-0.141,-0.296,0.332,0.007,0.051,-0.354
0.68,-0.141,-0.295,0.327,-0.001,0.046,-0.34
0.6900000000000001,-0.141,-0.294,0.323,-0.007,0.042,-0.326
0.7000000000000001,-0.141,-0.294,0.319,-0.012,0.039,-0.311
0.71,-0.141,-0.293,0.315,-0.015,0.037,-0.296
0.72,-0.141,-0.293,0.312,-0.017,0.035,-0.281
0.73,-0.141,-0.292,0.308,-0.017,0.033,-0.266
0.74,-0.141,-0.292,0.305,-0.018,0.031,-0.251
0.75,-0.142,-0.292,0.302,-0.017,0.03,-0.236
0.76,-0.142,-0.291,0.299,-0.017,0.028,-0.222
0.77,-0.142,-0.291,0.296,-0.016,0.027,-0.208
0.78,-0.142,-0.291,0.294,-0.014,0.026,-0.194
0.79,-0.143,-0.29,0.291,-0.013,0.025,-0.182
0.8,-0.143,-0.29,0.289,-0.024,-0.161,-0.197
0.81,-0.143,-0.294,0.287,-0.012,-0.435,-0.211
0.8200000000000001,-0.143,-0.3,0.284,0.006,-0.679,-0.219
0.8300000000000001,-0.143,-0.309,0.281,0.012,-0.893,-0.196
0.84,-0.143,-0.321,0.279,0.015,-1.081,-0.169
0.85,-0.143,-0.336,0.277,0.019,-1.246,-0.146
0.86,-0.143,-0.352,0.275,0.022,-1.39,-0.125
0.87,-0.143,-0.37,0.273,0.026,-1.515,-0.107
0.88,-0.143,-0.389,0.272,0.029,-1.625,-0.091
0.89,-0.143,-0.41,0.271,0.042,-1.721,-0.077
0.9,-0.142,-0.432,0.27,0.234,-1.802,-0.065
0.91,-0.138,-0.455,0.269,0.513,-1.871,-0.054
0.92,-0.131,-0.478,0.268,0.75,-1.743,-0.048
0.93,-0.121,-0.499,0.267,0.953,-1.533,-0.043
0.9400000000000001,-0.109,-0.518,0.267,1.131,-1.349,-0.038
0.9500000000000001,-0.094,-0.534,0.266,1.292,-1.325,-0.032
0.96,-0.078,-0.551,0.266,1.436,-1.373,-0.026
0.97,-0.059,-0.569,0.265,1.563,-1.453,-0.02
0.98,-0.04,-0.588,0.265,1.672,-1.473,-0.016
0.99,-0.019,-0.606,0.265,1.663,-1.386,-0.013
1.0,0.001,-0.623,0.264,1.451,-1.216,-0.013
1.01,0.018,-0.637,0.264,1.27,-0.872,-0.014
1.02,0.033,-0.647,0.264,1.137,-0.667,-0.013
1.03,0.047,-0.655,0.264,0.993,-0.585,-0.012
1.04,0.059,-0.662,0.264,0.868,-0.514,-0.011
1.05,0.069,-0.668,0.264,0.836,-0.234,-0.01
1.06,0.08,-0.67,0.263,0.781,-0.106,-0.009
1.07,0.089,-0.671,0.263,0.683,-0.094,-0.008
1.08,0.097,-0.672,0.263,0.597,-0.082,-0.007
1.09,0.104,-0.673,0.263,0.522,-0.072,-0.006
1.1,0.111,-0.674,0.263,0.457,-0.064,-0.005
1.11,0.117,-0.676,0.263,0.579,-0.347,-0.004
1.12,0.124,-0.681,0.263,0.51,-0.366,-0.003
1.1300000000000001,0.13,-0.685,0.263,0.446,-0.32,-0.003
1.1400000000000001,0.135,-0.689,0.263,0.39,-0.281,-0.003
1.1500000000000001,0.14,-0.693,0.263,0.341,-0.246,-0.003
1.16,0.144,-0.696,0.263,0.298,-0.216,-0.002
1.17,0.147,-0.698,0.263,0.261,-0.189,-0.002
1.18,0.15,-0.7,0.263,0.228,-0.166,-0.002
1.19,0.153,-0.702,0.263,0.199,-0.145,-0.002
1.2,0.156,-0.704,0.263,0.174,-0.127,-0.001
1.21,0.158,-0.706,0.263,0.153,-0.111,-0.001
1.22,0.16,-0.707,0.263,0.303,0.022,-0.001
1.23,0.165,-0.706,0.263,0.565,0.278,-0.001
1.24,0.172,-0.701,0.263,0.707,0.541,-0.001
1.25,0.182,-0.693,0.263,0.8,0.771,-0.001
1.26,0.192,-0.682,0.263,0.822,0.972,-0.001
1.27,0.202,-0.669,0.263,0.783,1.149,-0.0
1.28,0.211,-0.654,0.263,0.748,1.304,0.0
1.29,0.22,-0.637,0.263,0.758,1.439,0.001
1.3,0.23,-0.619,0.263,0.943,1.555,0.001
1.31,0.243,-0.599,0.263,1.126,1.656,0.001
1.32,0.257,-0.577,0.263,1.287,1.716,0.0
1.33,0.273,-0.556,0.263,4.891,5.586,4.716
1.34,0.329,-0.484,0.321,4.431,5.128,4.389
1.35,0.38,-0.42,0.374,3.877,4.548,3.896
1.36,0.425,-0.364,0.421,3.382,4.016,3.437
1.37,0.465,-0.316,0.462,2.947,3.527,3.014
1.3800000000000001,0.5,-0.274,0.498,2.571,3.085,2.633
1.3900000000000001,0.53,-0.238,0.53,2.246,2.69,2.296
1.4000000000000001,0.557,-0.207,0.557,1.966,2.344,2.002
1.41,0.581,-0.179,0.582,1.722,2.041,1.745
1.42,0.602,-0.155,0.603,1.51,1.777,1.523
1.43,0.62,-0.134,0.621,1.325,1.549,1.329
1.44,0.636,-0.116,0.637,1.163,1.35,1.161
1.45,0.651,-0.1,0.651,1.021,1.177,1.014
1.46,0.663,-0.086,0.663,0.896,1.027,0.887
1.47,0.674,-0.074,0.674,0.787,0.896,0.775
1.48,0.683,-0.064,0.683,0.69,0.782,0.678
1.49,0.692,-0.055,0.692,0.606,0.683,0.594
1.5,0.699,-0.046,0.699,0.532,0.597,0.519
1.51,0.706,-0.039,0.705,0.466,0.521,0.455
1.52,0.711,-0.033,0.711,0.409,0.456,0.398
1.53,0.716,-0.028,0.715,0.359,0.398,0.349
1.54,0.72,-0.023,0.72,0.315,0.348,0.305
1.55,0.724,-0.019,0.723,0.276,0.304,0.267
1.56,0.728,-0.015,0.726,0.242,0.266,0.234
1.57,0.73,-0.012,0.729,0.212,0.233,0.205
1.58,0.733,-0.009,0.732,0.186,0.203,0.179
1.59,0.735,-0.007,0.734,0.163,0.178,0.157
1.6,0.737,-0.005,0.736,0.143,0.156,0.138
1.61,0.739,-0.003,0.737,0.125,0.136,0.12
1.62,0.74,-0.001,0.739,0.11,0.119,0.105
1.6300000000000001,0.742,0.0,0.74,0.096,0.104,0.092
