0.01,-0.743,-0.007,0.747,0.297,-0.007,-0.002
0.02,-0.738,-0.007,0.747,0.56,-0.011,-0.002
0.03,-0.73,-0.007,0.747,0.789,-0.015,-0.001
0.04,-0.72,-0.007,0.747,0.99,-0.019,0.0
0.05,-0.706,-0.007,0.747,1.165,-0.024,0.002
0.06,-0.691,-0.008,0.747,1.318,-0.029,0.004
0.07,-0.674,-0.008,0.747,1.451,-0.051,0.008
0.08,-0.656,-0.009,0.746,1.569,-0.103,0.013
0.09,-0.636,-0.01,0.746,1.569,-0.035,0.01
0.1,-0.617,-0.01,0.746,1.373,-0.03,0.01
0.11,-0.6,-0.01,0.746,1.202,-0.025,0.009
0.12,-0.586,-0.01,0.746,1.052,-0.02,0.009
0.13,-0.573,-0.011,0.746,0.921,-0.016,0.009
0.14,-0.562,-0.011,0.746,0.806,-0.012,0.008
0.15,-0.553,-0.011,0.746,0.706,-0.008,0.008
0.16,-0.544,-0.011,0.746,0.619,-0.004,0.008
0.17,-0.537,-0.011,0.746,0.542,-0.001,0.007
0.18,-0.53,-0.011,0.746,0.475,0.001,0.007
0.19,-0.525,-0.011,0.746,0.416,0.003,0.007
0.2,-0.52,-0.011,0.746,0.362,-0.009,0.203
0.21,-0.515,-0.011,0.75,0.315,-0.026,0.472
0.22,-0.512,-0.011,0.756,0.276,-0.021,0.447
0.23,-0.508,-0.012,0.761,0.242,-0.014,0.392
0.24,-0.505,-0.012,0.766,0.252,-0.01,0.344
0.25,-0.501,-0.012,0.77,0.509,0.009,0.294
0.26,-0.495,-0.012,0.774,0.451,0.013,0.258
0.27,-0.49,-0.012,0.777,0.395,0.017,0.227
0.28,-0.485,-0.011,0.779,0.346,0.019,0.2
0.29,-0.481,-0.011,0.782,0.304,0.022,0.176
0.3,-0.477,-0.011,0.784,0.267,0.023,0.155
0.31,-0.474,-0.011,0.786,0.234,0.025,0.137
0.32,-0.471,-0.01,0.787,0.206,0.026,0.121
0.33,-0.469,-0.01,0.789,0.181,0.026,0.107
0.34,-0.466,-0.01,0.79,0.373,0.01,0.091
0.35000000000000003,-0.46,-0.009,0.791,0.612,0.048,0.066
0.36,-0.452,-0.009,0.792,0.819,0.094,0.043
0.37,-0.441,-0.007,0.792,0.998,0.131,0.023
0.38,-0.427,-0.005,0.792,1.154,0.143,0.008
0.39,-0.412,-0.004,0.792,1.29,0.137,-0.005
0.4,-0.396,-0.002,0.792,1.412,0.094,-0.01
0.41000000000000003,-0.377,-0.002,0.792,1.542,-0.089,0.014
0.42,-0.358,-0.003,0.792,1.589,-0.257,0.043
0.43,-0.338,-0.007,0.792,1.608,-0.394,0.07
0.44,-0.318,-0.013,0.793,1.609,-0.57,0.08
0.45,-0.297,-0.021,0.794,1.593,-0.785,0.074
0.46,-0.278,-0.031,0.794,1.516,-0.884,0.067
0.47000000000000003,-0.259,-0.042,0.795,1.446,-0.775,0.059
0.48,-0.242,-0.051,0.795,1.338,-0.699,0.033
0.49,-0.225,-0.06,0.796,1.39,-0.671,0.03
0.5,-0.207,-0.068,0.796,1.505,-0.646,0.028
0.51,-0.188,-0.076,0.796,1.398,-0.577,0.005
0.52,-0.171,-0.083,0.796,1.224,-0.506,-0.024
0.53,-0.157,-0.089,0.795,1.071,-0.444,-0.051
0.54,-0.144,-0.094,0.795,0.928,-0.438,-0.044
0.55,-0.133,-0.1,0.794,0.784,-0.414,-0.048
0.56,-0.124,-0.105,0.793,0.686,-0.362,-0.042
0.5700000000000001,-0.115,-0.109,0.793,0.67,-0.317,-0.036
0.58,-0.107,-0.113,0.792,0.706,-0.278,-0.032
0.59,-0.098,-0.116,0.792,0.708,-0.243,-0.028
0.6,-0.089,-0.119,0.792,0.79,-0.302,-0.024
0.61,-0.079,-0.124,0.791,0.791,-0.383,-0.021
0.62,-0.069,-0.13,0.791,0.694,-0.63,-0.019
0.63,-0.061,-0.139,0.791,0.709,-0.848,-0.018
0.64,-0.052,-0.15,0.791,0.823,-1.037,-0.017
0.65,-0.041,-0.164,0.79,0.932,-1.202,-0.017
0.66,-0.029,-0.179,0.79,0.886,-1.151,-0.024
0.67,-0.018,-0.193,0.79,0.982,-1.035,-0.021
0.68,-0.006,-0.206,0.789,0.931,-0.916,-0.037
0.6900000000000001,0.005,-0.217,0.789,0.814,-0.804,-0.061
0.7000000000000001,0.015,-0.227,0.788,0.782,-0.713,-0.073
0.71,0.024,-0.235,0.787,0.767,-0.635,-0.082
0.72,0.034,-0.243,0.786,0.834,-0.575,-0.081
0.73,0.044,-0.25,0.785,0.813,-0.513,-0.09
0.74,0.054,-0.257,0.784,0.712,-0.742,-0.081
0.75,0.062,-0.268,0.783,0.623,-0.945,-0.072
0.76,0.07,-0.28,0.782,0.544,-1.123,-0.064
0.77,0.076,-0.295,0.781,0.476,-1.278,-0.056
0.78,0.082,-0.312,0.781,0.416,-1.412,-0.049
0.79,0.087,-0.33,0.78,0.363,-1.528,-0.043
0.8,0.091,-0.35,0.78,0.316,-1.627,-0.036
0.81,0.094,-0.371,0.78,0.285,-1.712,-0.029
0.8200000000000001,0.098,-0.393,0.779,0.248,-1.786,-0.024
0.8300000000000001,0.1,-0.416,0.779,0.191,-1.654,-0.229
0.84,0.103,-0.436,0.775,0.176,-1.457,-0.517
0.85,0.105,-0.453,0.768,0.166,-1.288,-0.771
0.86,0.107,-0.469,0.757,0.155,-1.138,-0.986
0.87,0.109,-0.483,0.745,0.139,-1.001,-1.164
0.88,0.11,-0.495,0.73,0.122,-0.878,-1.315
0.89,0.112,-0.505,0.713,0.107,-0.769,-1.447
0.9,0.113,-0.514,0.694,0.093,-0.674,-1.562
0.91,0.114,-0.522,0.674,0.082,-0.59,-1.664
0.92,0.115,-0.529,0.653,0.072,-0.517,-1.754
0.93,0.116,-0.535,0.631,0.064,-0.453,-1.834
0.9400000000000001,0.116,-0.541,0.608,0.057,-0.398,-1.904
0.9500000000000001,0.117,-0.545,0.584,0.051,-0.349,-1.966
0.96,0.117,-0.549,0.559,0.045,-0.306,-2.02
0.97,0.118,-0.553,0.534,0.041,-0.269,-2.068
0.98,0.118,-0.556,0.508,0.037,-0.236,-2.11
0.99,0.119,-0.558,0.481,0.031,-0.208,-2.047
1.0,0.119,-0.561,0.457,0.024,-0.303,-1.794
1.01,0.119,-0.566,0.435,0.018,-0.564,-1.577
1.02,0.119,-0.574,0.417,0.014,-0.791,-1.386
1.03,0.119,-0.583,0.4,0.01,-0.698,-1.208
1.04,0.12,-0.592,0.386,0.008,-0.612,-1.053
1.05,0.12,-0.599,0.373,0.006,-0.537,-0.919
1.06,0.12,-0.605,0.362,0.004,-0.471,-0.802
1.07,0.12,-0.611,0.353,0.003,-0.413,-0.7
1.08,0.12,-0.616,0.344,0.002,-0.362,-0.612
1.09,0.12,-0.62,0.337,0.002,-0.317,-0.534
1.1,0.12,-0.624,0.331,0.002,-0.278,-0.467
1.11,0.12,-0.628,0.325,0.001,-0.243,-0.408
1.12,0.12,-0.63,0.32,0.051,-0.213,-0.357
1.1300000000000001,0.122,-0.633,0.316,0.342,-0.146,-0.313
1.1400000000000001,0.127,-0.634,0.312,0.6,-0.067,-0.274
1.1500000000000001,0.136,-0.635,0.309,0.725,-0.019,-0.24
1.16,0.145,-0.635,0.306,0.73,0.012,-0.21
1.17,0.154,-0.635,0.304,0.738,0.04,-0.184
1.18,0.164,-0.634,0.302,0.946,0.125,-0.162
1.19,0.177,-0.632,0.3,1.128,0.2,-0.143
1.2,0.191,-0.629,0.298,1.286,0.265,-0.127
1.21,0.208,-0.626,0.297,1.426,0.342,-0.112
1.22,0.226,-0.621,0.295,1.547,0.419,-0.1
1.23,0.246,-0.615,0.294,1.654,0.487,-0.089
1.24,0.267,-0.609,0.293,1.747,0.547,-0.081
1.25,0.289,-0.602,0.292,1.829,0.599,-0.073
1.26,0.312,-0.594,0.292,1.9,0.645,-0.067
1.27,0.336,-0.586,0.291,1.963,0.666,-0.062
1.28,0.361,-0.578,0.29,2.017,0.598,-0.059
1.29,0.387,-0.571,0.29,2.064,0.528,-0.057
1.3,0.413,-0.564,0.289,2.105,0.467,-0.055
1.31,0.439,-0.559,0.289,1.942,0.418,-0.049
1.32,0.462,-0.554,0.288,1.698,0.364,-0.161
1.33,0.482,-0.55,0.285,1.484,0.318,-0.441
1.34,0.5,-0.546,0.28,1.299,0.276,-0.398
1.35,0.516,-0.543,0.275,1.136,0.24,-0.407
1.36,0.529,-0.54,0.269,0.994,0.21,-0.653
1.37,0.541,-0.537,0.262,0.87,0.182,-0.575
1.3800000000000001,0.552,-0.535,0.255,0.89,0.161,-0.504
1.3900000000000001,0.563,-0.533,0.249,0.849,0.141,-0.441
1.4000000000000001,0.573,-0.532,0.244,0.794,0.123,-0.385
1.41,0.583,-0.53,0.239,0.745,0.107,-0.337
1.42,0.592,-0.529,0.235,0.652,0.093,-0.304
1.43,0.6,-0.528,0.23,0.57,0.082,-0.533
1.44,0.607,-0.527,0.223,0.498,0.073,-0.767
1.45,0.612,-0.526,0.214,0.339,0.109,-0.674
1.46,0.616,-0.525,0.206,0.139,0.093,-0.588
1.47,0.617,-0.524,0.199,0.081,0.081,-0.515
1.48,0.618,-0.523,0.192,0.2,0.071,-0.451
1.49,0.622,-0.522,0.187,0.363,0.064,-0.395
1.5,0.627,-0.521,0.182,0.467,0.157,-0.346
1.51,0.632,-0.518,0.178,0.411,0.435,-0.302
1.52,0.637,-0.511,0.175,0.361,0.679,-0.264
1.53,0.642,-0.503,0.171,0.316,0.644,-0.231
1.54,0.645,-0.495,0.169,0.277,0.563,-0.222
1.55,0.649,-0.488,0.165,0.242,0.493,-0.442
1.56,0.652,-0.482,0.159,0.211,0.432,-0.588
1.57,0.654,-0.477,0.151,0.184,0.379,-0.714
1.58,0.656,-0.473,0.141,0.161,0.332,-0.825
1.59,0.658,-0.469,0.131,0.141,0.29,-0.722
1.6,0.66,-0.465,0.123,0.123,0.254,-0.632
1.61,0.661,-0.462,0.115,0.108,0.222,-0.553
1.62,0.663,-0.459,0.109,0.095,0.194,-0.484
1.6300000000000001,0.664,-0.457,0.103,0.083,0.169,-0.423
1.6400000000000001,0.665,-0.455,0.098,0.073,0.148,-0.37
1.6500000000000001,0.666,-0.453,0.093,0.064,0.129,-0.324
1.6600000000000001,0.666,-0.452,0.089,0.056,0.113,-0.283
1.67,0.667,-0.45,0.086,0.049,0.099,-0.248
1.68,0.668,-0.449,0.083,0.043,0.086,-0.217
1.69,0.668,-0.448,0.081,0.038,0.076,-0.19
1.7,0.669,-0.447,0.078,0.033,0.066,-0.166
1.71,0.669,-0.446,0.076,0.029,0.058,-0.145
1.72,0.669,-0.446,0.075,0.025,0.051,-0.127
1.73,0.67,-0.445,0.073,0.022,0.044,-0.111
1.74,0.672,-0.425,0.1,0.662,4.828,6.609
1.75,0.679,-0.37,0.181,0.716,4.115,5.832
1.76,0.687,-0.321,0.251,0.677,3.554,5.137
1.77,0.694,-0.279,0.313,0.614,3.086,4.519
1.78,0.7,-0.242,0.367,0.546,2.687,3.969
1.79,0.706,-0.21,0.415,0.481,2.342,3.481
1.8,0.711,-0.182,0.457,0.423,2.042,3.049
1.81,0.715,-0.158,0.493,0.371,1.782,2.669
1.82,0.72,-0.137,0.525,0.326,1.555,2.335
1.83,0.723,-0.119,0.553,0.286,1.358,2.043
1.84,0.726,-0.102,0.578,0.252,1.186,1.787
1.85,0.729,-0.088,0.599,0.221,1.036,1.562
1.86,0.732,-0.076,0.618,0.195,0.905,1.367
1.87,0.734,-0.065,0.634,0.171,0.791,1.195
1.8800000000000001,0.736,-0.056,0.649,0.151,0.692,1.046
1.8900000000000001,0.738,-0.048,0.661,0.133,0.605,0.915
1.9000000000000001,0.74,-0.04,0.672,0.117,0.529,0.8
1.9100000000000001,0.741,-0.034,0.682,0.103,0.462,0.7
1.92,0.742,-0.029,0.69,0.09,0.404,0.613
1.93,0.743,-0.024,0.698,0.079,0.354,0.536
1.94,0.744,-0.02,0.704,0.07,0.309,0.469
1.95,0.745,-0.016,0.71,0.061,0.271,0.411
1.96,0.746,-0.013,0.715,0.054,0.237,0.359
1.97,0.746,-0.01,0.719,0.047,0.207,0.315
1.98,0.747,-0.007,0.723,0.042,0.181,0.275
1.99,0.747,-0.005,0.726,0.037,0.158,0.241
2.0,0.748,-0.003,0.729,0.032,0.139,0.211
2.0100000000000002,0.748,-0.002,0.731,0.028,0.121,0.184
2.02,0.749,-0.0,0.734,0.025,0.106,0.161
2.0300000000000002,0.749,0.001,0.735,0.022,0.093,0.141
2.04,0.749,0.002,0.737,0.019,0.081,0.124
2.05,0.749,0.003,0.739,0.017,0.071,0.108
2.06,0.75,0.004,0.74,0.015,0.062,0.095
2.07,0.75,0.005,0.741,0.013,0.054,0.083
2.08,0.75,0.005,0.742,0.011,0.048,0.073
2.09,0.75,0.006,0.743,0.01,0.042,0.063
2.1,0.75,0.007,0.744,0.009,0.036,0.056
2.11,0.75,0.007,0.744,0.008,0.032,0.049
2.12,0.75,0.007,0.745,0.007,0.028,0.043
