0.01,-0.744,-0.008,0.748,0.297,-0.01,-0.002
0.02,-0.74,-0.008,0.748,0.561,-0.016,-0.002
0.03,-0.732,-0.008,0.748,0.792,-0.038,-0.001
0.04,-0.721,-0.009,0.748,0.996,-0.135,0.004
0.05,-0.708,-0.011,0.748,1.172,-0.289,0.007
0.06,-0.692,-0.015,0.747,1.326,-0.463,0.01
0.07,-0.675,-0.022,0.747,1.46,-0.643,0.014
0.08,-0.657,-0.03,0.747,1.577,-0.801,0.017
0.09,-0.636,-0.041,0.747,1.679,-0.939,0.021
0.1,-0.615,-0.053,0.747,1.768,-1.06,0.024
0.11,-0.592,-0.066,0.747,1.845,-1.147,0.026
0.12,-0.569,-0.081,0.747,1.912,-1.233,0.027
0.13,-0.545,-0.097,0.747,1.971,-1.307,0.029
0.14,-0.52,-0.113,0.747,2.022,-1.383,0.03
0.15,-0.494,-0.131,0.747,2.068,-1.419,0.031
0.16,-0.468,-0.148,0.747,2.107,-1.451,0.031
0.17,-0.441,-0.167,0.747,2.142,-1.478,0.032
0.18,-0.414,-0.185,0.746,2.173,-1.502,0.032
0.19,-0.387,-0.204,0.746,2.201,-1.523,0.032
0.2,-0.359,-0.223,0.746,2.226,-1.541,0.032
0.21,-0.331,-0.242,0.746,2.248,-1.556,0.032
0.22,-0.303,-0.262,0.746,2.268,-1.57,0.032
0.23,-0.274,-0.281,0.746,2.286,-1.581,0.031
0.24,-0.245,-0.301,0.746,2.303,-1.591,0.031
0.25,-0.217,-0.321,0.746,2.318,-1.599,0.03
0.26,-0.187,-0.341,0.747,2.331,-1.577,0.028
0.27,-0.158,-0.361,0.747,2.342,-1.556,0.026
0.28,-0.129,-0.38,0.747,2.352,-1.518,0.024
0.29,-0.1,-0.399,0.747,2.36,-1.475,0.022
0.3,-0.07,-0.418,0.747,2.366,-1.387,0.02
0.31,-0.041,-0.434,0.747,2.369,-1.233,0.018
0.32,-0.011,-0.449,0.747,2.371,-1.077,0.017
0.33,0.018,-0.463,0.747,2.373,-0.94,0.015
0.34,0.048,-0.474,0.747,2.376,-0.821,0.013
0.35000000000000003,0.077,-0.484,0.747,2.178,-0.721,0.01
0.36,0.103,-0.493,0.747,1.995,-0.634,0.007
0.37,0.128,-0.501,0.747,2.044,-0.552,0.006
0.38,0.153,-0.507,0.747,1.84,-0.486,0.004
0.39,0.175,-0.513,0.747,1.609,-0.43,-0.067
0.4,0.194,-0.519,0.745,1.408,-0.382,-0.355
0.41000000000000003,0.211,-0.523,0.74,1.232,-0.339,-0.61
0.42,0.226,-0.527,0.731,1.079,-0.299,-0.833
0.43,0.239,-0.531,0.72,0.946,-0.263,-1.028
0.44,0.25,-0.534,0.706,0.827,-0.232,-1.01
0.45,0.261,-0.537,0.694,0.88,-0.202,-0.884
0.46,0.272,-0.539,0.684,0.929,-0.177,-0.773
0.47000000000000003,0.283,-0.541,0.674,0.765,-0.235,-0.677
0.48,0.292,-0.545,0.666,0.668,-0.359,-0.593
0.49,0.299,-0.55,0.659,0.467,-0.614,-0.521
0.5,0.305,-0.558,0.653,0.388,-0.638,-0.455
0.51,0.309,-0.566,0.648,0.339,-0.559,-0.418
0.52,0.313,-0.573,0.642,0.297,-0.489,-0.623
0.53,0.317,-0.58,0.634,0.402,-0.721,-0.552
0.54,0.322,-0.589,0.628,0.355,-0.636,-0.482
0.55,0.326,-0.596,0.622,0.31,-0.517,-0.421
0.56,0.33,-0.602,0.617,0.271,-0.451,-0.477
0.5700000000000001,0.333,-0.608,0.61,0.238,-0.395,-0.717
0.58,0.336,-0.612,0.6,0.209,-0.346,-0.927
0.59,0.339,-0.617,0.589,0.263,-0.438,-0.817
0.6,0.342,-0.623,0.579,0.45,-0.54,-0.716
0.61,0.348,-0.63,0.57,0.599,-0.612,-0.629
0.62,0.357,-0.638,0.563,0.825,-0.639,-0.553
0.63,0.368,-0.646,0.556,1.023,-0.72,-0.487
0.64,0.38,-0.656,0.551,0.929,-0.759,-0.527
0.65,0.391,-0.666,0.543,0.792,-0.765,-0.561
0.66,0.401,-0.675,0.537,0.692,-0.671,-0.489
0.67,0.409,-0.683,0.531,0.605,-0.589,-0.427
0.68,0.416,-0.69,0.526,0.529,-0.517,-0.372
0.6900000000000001,0.422,-0.697,0.521,0.453,-0.453,-0.325
0.7000000000000001,0.426,-0.702,0.518,0.1,-0.402,-0.282
0.71,0.426,-0.707,0.514,-0.212,-0.354,-0.245
0.72,0.423,-0.711,0.511,-0.286,-0.31,-0.214
0.73,0.419,-0.715,0.509,-0.4,-0.171,-0.188
0.74,0.413,-0.716,0.507,-0.649,0.127,-0.166
0.75,0.404,-0.713,0.505,-0.867,0.362,-0.149
0.76,0.392,-0.709,0.503,-1.058,0.385,-0.132
0.77,0.38,-0.704,0.501,-0.93,0.334,-0.114
0.78,0.369,-0.7,0.5,-0.814,0.289,-0.099
0.79,0.359,-0.697,0.499,-0.712,0.251,-0.086
0.8,0.35,-0.694,0.498,-0.623,0.219,-0.075
0.81,0.343,-0.692,0.497,-0.545,0.19,-0.065
0.8200000000000001,0.336,-0.689,0.496,-0.477,0.166,-0.057
0.8300000000000001,0.331,-0.687,0.496,-0.418,0.144,-0.05
0.84,0.327,-0.685,0.495,-0.07,0.184,-0.043
0.85,0.327,-0.683,0.494,0.239,0.181,-0.037
0.86,0.331,-0.681,0.494,0.509,0.16,-0.033
0.87,0.338,-0.679,0.494,0.45,0.14,-0.029
0.88,0.343,-0.677,0.493,0.394,0.122,-0.234
0.89,0.348,-0.676,0.489,0.345,0.107,-0.505
0.9,0.352,-0.675,0.481,0.402,0.074,-0.642
0.91,0.357,-0.674,0.473,0.452,-0.014,-0.603
0.92,0.363,-0.675,0.466,0.445,-0.19,-0.529
0.93,0.368,-0.678,0.46,0.511,-0.462,-0.465
0.9400000000000001,0.376,-0.685,0.454,0.698,-0.694,-0.41
0.9500000000000001,0.384,-0.694,0.449,0.614,-0.613,-0.358
0.96,0.391,-0.701,0.445,0.537,-0.538,-0.312
0.97,0.398,-0.708,0.442,0.47,-0.472,-0.272
0.98,0.403,-0.713,0.438,0.411,-0.414,-0.238
0.99,0.408,-0.718,0.435,0.36,-0.363,-0.208
1.0,0.412,-0.723,0.433,0.315,-0.318,-0.181
1.01,0.416,-0.727,0.431,0.275,-0.279,-0.158
1.02,0.419,-0.73,0.429,0.241,-0.245,-0.138
1.03,0.422,-0.733,0.427,0.211,-0.215,-0.121
1.04,0.425,-0.736,0.426,0.195,-0.188,-0.106
1.05,0.428,-0.738,0.425,0.466,-0.141,-0.093
1.06,0.435,-0.739,0.423,0.707,-0.039,-0.082
1.07,0.445,-0.739,0.423,0.918,0.06,-0.073
1.08,0.457,-0.738,0.422,1.102,0.291,-0.063
1.09,0.472,-0.733,0.421,1.255,0.552,-0.055
1.1,0.488,-0.725,0.42,1.339,0.78,-0.047
1.11,0.505,-0.715,0.42,1.413,0.979,-0.041
1.12,0.523,-0.702,0.419,1.478,1.154,-0.036
1.1300000000000001,0.541,-0.686,0.419,1.554,1.309,-0.031
1.1400000000000001,0.561,-0.669,0.418,1.63,1.444,-0.027
1.1500000000000001,0.582,-0.651,0.418,1.697,1.564,-0.024
1.16,0.603,-0.631,0.418,1.716,1.668,-0.021
1.17,0.624,-0.609,0.418,1.654,1.758,-0.018
1.18,0.644,-0.587,0.417,1.56,1.835,-0.015
1.19,0.663,-0.563,0.417,1.457,1.903,-0.013
1.2,0.681,-0.539,0.417,1.338,1.963,-0.011
1.21,0.697,-0.514,0.417,1.234,2.015,-0.01
1.22,0.712,-0.489,0.417,1.142,2.062,-0.008
1.23,0.725,-0.463,0.417,1.062,2.103,-0.007
1.24,0.738,-0.436,0.416,0.991,2.139,-0.006
1.25,0.75,-0.409,0.416,0.929,2.171,-0.005
1.26,0.761,-0.382,0.416,0.814,1.99,-0.004
1.27,0.77,-0.359,0.416,0.712,1.742,0.106
1.28,0.779,-0.338,0.419,0.623,1.525,0.392
1.29,0.786,-0.319,0.425,0.545,1.336,0.643
1.3,0.793,-0.303,0.434,0.477,1.17,0.863
1.31,0.798,-0.289,0.445,0.417,1.024,1.055
1.32,0.803,-0.277,0.459,0.327,1.095,1.023
1.33,0.807,-0.262,0.471,0.189,1.256,0.895
1.34,0.809,-0.246,0.482,0.127,1.199,0.783
1.35,0.81,-0.232,0.491,0.111,1.049,0.685
1.36,0.811,-0.22,0.499,0.097,0.917,0.6
1.37,0.812,-0.209,0.507,0.085,0.803,0.525
1.3800000000000001,0.813,-0.199,0.513,-0.124,0.702,0.459
1.3900000000000001,0.81,-0.191,0.518,-0.408,0.617,0.4
1.4000000000000001,0.805,-0.183,0.523,-0.361,0.539,0.35
1.41,0.801,-0.177,0.527,-0.316,0.471,0.287
1.42,0.797,-0.171,0.529,-0.276,0.412,-0.044
1.43,0.794,-0.166,0.528,-0.242,0.361,-0.338
1.44,0.791,-0.162,0.524,-0.211,0.316,-0.301
1.45,0.789,-0.158,0.52,0.063,0.276,-0.263
1.46,0.791,-0.155,0.517,0.155,0.242,-0.3
1.47,0.793,-0.152,0.512,0.136,0.212,-0.561
1.48,0.794,-0.149,0.504,0.119,0.186,-0.691
1.49,0.796,-0.147,0.496,0.104,0.162,-0.605
1.5,0.797,-0.145,0.488,0.091,0.142,-0.529
1.51,0.798,-0.144,0.482,0.08,0.124,-0.463
1.52,0.799,-0.142,0.477,0.07,0.108,-0.405
1.53,0.8,-0.141,0.472,0.061,0.095,-0.355
1.54,0.8,-0.14,0.467,0.054,0.083,-0.31
1.55,0.801,-0.139,0.464,0.047,0.072,-0.271
1.56,0.802,-0.138,0.461,0.041,0.063,-0.237
1.57,0.802,-0.137,0.458,0.036,0.055,-0.208
1.58,0.803,-0.136,0.455,0.031,0.048,-0.182
1.59,0.803,-0.136,0.453,0.028,0.042,-0.159
1.6,0.803,-0.135,0.451,0.024,0.037,-0.139
1.61,0.804,-0.135,0.449,0.021,0.032,-0.122
1.62,0.804,-0.134,0.448,0.018,0.028,-0.107
1.6300000000000001,0.804,-0.134,0.447,0.016,0.025,-0.093
1.6400000000000001,0.804,-0.134,0.446,0.014,0.022,-0.082
1.6500000000000001,0.804,-0.134,0.445,-0.527,1.458,3.031
1.6600000000000001,0.797,-0.116,0.482,-0.483,1.333,2.785
1.67,0.791,-0.1,0.515,-0.421,1.164,2.44
1.68,0.786,-0.086,0.544,-0.368,1.016,2.136
1.69,0.782,-0.074,0.57,-0.321,0.887,1.87
1.7,0.778,-0.063,0.592,-0.28,0.775,1.636
1.71,0.774,-0.054,0.612,-0.245,0.677,1.432
1.72,0.771,-0.046,0.629,-0.213,0.591,1.253
1.73,0.769,-0.039,0.644,-0.186,0.517,1.096
1.74,0.766,-0.033,0.657,-0.162,0.452,0.959
1.75,0.764,-0.028,0.669,-0.142,0.395,0.839
1.76,0.763,-0.023,0.679,-0.124,0.345,0.734
1.77,0.761,-0.019,0.688,-0.108,0.302,0.642
1.78,0.76,-0.015,0.695,-0.094,0.264,0.562
1.79,0.759,-0.012,0.702,-0.082,0.231,0.492
1.8,0.758,-0.009,0.708,-0.072,0.202,0.43
1.81,0.757,-0.007,0.713,-0.063,0.177,0.377
1.82,0.756,-0.005,0.717,-0.055,0.155,0.329
1.83,0.756,-0.003,0.721,-0.048,0.135,0.288
1.84,0.755,-0.001,0.725,-0.042,0.118,0.252
1.85,0.754,0.0,0.728,-0.036,0.103,0.221
1.86,0.754,0.001,0.731,-0.032,0.09,0.193
