0.01,-0.745,-0.008,0.748,0.297,-0.036,-0.001
0.02,-0.74,-0.009,0.748,0.561,-0.133,-0.0
0.03,-0.732,-0.011,0.748,0.792,-0.238,0.002
0.04,-0.722,-0.014,0.747,0.898,-0.291,0.003
0.05,-0.71,-0.018,0.747,1.086,-0.406,0.006
0.06,-0.696,-0.023,0.747,1.25,-0.506,0.009
0.07,-0.679,-0.03,0.747,1.394,-0.593,0.012
0.08,-0.662,-0.037,0.747,1.323,-0.571,-0.007
0.09,-0.645,-0.044,0.747,1.453,-0.647,-0.002
0.1,-0.627,-0.053,0.746,1.571,-0.716,0.003
0.11,-0.606,-0.062,0.746,1.673,-0.786,0.008
0.12,-0.585,-0.072,0.746,1.763,-0.924,0.012
0.13,-0.564,-0.083,0.746,1.546,-0.813,-0.019
0.14,-0.545,-0.093,0.745,1.552,-0.891,-0.023
0.15,-0.525,-0.105,0.744,1.656,-1.019,-0.016
0.16,-0.504,-0.118,0.744,1.748,-1.131,-0.01
0.17,-0.482,-0.132,0.743,1.828,-1.228,-0.004
0.18,-0.458,-0.148,0.743,1.898,-1.313,0.001
0.19,-0.434,-0.165,0.743,1.959,-1.308,0.005
0.2,-0.41,-0.18,0.742,1.917,-1.207,-0.004
0.21,-0.386,-0.195,0.742,1.976,-1.126,-0.0
0.22,-0.362,-0.209,0.742,1.932,-1.036,0.002
0.23,-0.337,-0.222,0.741,1.991,-1.181,0.006
0.24,-0.312,-0.237,0.741,2.024,-1.31,0.009
0.25,-0.286,-0.254,0.741,1.943,-1.346,0.01
0.26,-0.263,-0.27,0.741,1.701,-1.182,-0.022
0.27,-0.243,-0.284,0.739,1.488,-1.039,-0.305
0.28,-0.225,-0.297,0.734,1.302,-0.913,-0.565
0.29,-0.209,-0.308,0.726,1.141,-0.801,-0.793
0.3,-0.196,-0.317,0.715,1.001,-0.702,-0.993
0.31,-0.184,-0.326,0.701,0.879,-0.615,-1.167
0.32,-0.173,-0.334,0.687,0.759,-0.636,-1.027
0.33,-0.164,-0.341,0.675,0.662,-0.558,-0.899
0.34,-0.157,-0.348,0.664,0.569,-0.489,-0.787
0.35000000000000003,-0.151,-0.354,0.655,0.202,-0.43,-0.69
0.36,-0.15,-0.359,0.646,-0.125,-0.377,-0.605
0.37,-0.152,-0.363,0.639,-0.21,-0.33,-0.53
0.38,-0.155,-0.367,0.633,-0.184,-0.289,-0.463
0.39,-0.157,-0.371,0.627,-0.161,-0.253,-0.405
0.4,-0.159,-0.374,0.622,-0.141,-0.222,-0.354
0.41000000000000003,-0.161,-0.377,0.618,-0.124,-0.194,-0.31
0.42,-0.162,-0.379,0.614,-0.108,-0.17,-0.271
0.43,-0.164,-0.381,0.611,-0.095,-0.148,-0.237
0.44,-0.165,-0.383,0.608,-0.083,-0.13,-0.208
0.45,-0.166,-0.384,0.606,-0.073,-0.114,-0.182
0.46,-0.167,-0.386,0.604,-0.064,-0.099,-0.159
0.47000000000000003,-0.167,-0.387,0.602,-0.056,-0.087,-0.139
0.48,-0.168,-0.388,0.6,-0.049,-0.076,-0.122
0.49,-0.169,-0.389,0.599,-0.043,-0.067,-0.106
0.5,-0.169,-0.389,0.597,-0.037,-0.058,-0.093
0.51,-0.17,-0.39,0.596,-0.033,-0.051,-0.081
0.52,-0.17,-0.391,0.595,-0.029,-0.045,-0.071
0.53,-0.17,-0.391,0.594,-0.025,-0.039,-0.062
0.54,-0.171,-0.392,0.594,0.078,-0.034,-0.054
0.55,-0.168,-0.392,0.593,0.368,-0.03,-0.047
0.56,-0.163,-0.393,0.593,0.621,-0.026,-0.041
0.5700000000000001,-0.154,-0.393,0.592,0.843,-0.022,-0.035
0.58,-0.143,-0.393,0.592,1.037,-0.019,-0.029
0.59,-0.129,-0.393,0.591,1.007,-0.017,-0.026
0.6,-0.117,-0.393,0.591,0.882,-0.015,-0.022
0.61,-0.106,-0.394,0.591,0.971,-0.053,-0.019
0.62,-0.093,-0.395,0.59,1.15,-0.183,-0.015
0.63,-0.08,-0.397,0.59,1.071,-0.163,-0.013
0.64,-0.066,-0.399,0.59,1.087,-0.143,-0.011
0.65,-0.053,-0.401,0.59,0.994,-0.126,-0.01
0.66,-0.04,-0.402,0.59,1.028,-0.11,-0.008
0.67,-0.027,-0.403,0.589,1.07,-0.096,-0.007
0.68,-0.014,-0.405,0.589,0.977,-0.085,-0.006
0.6900000000000001,-0.002,-0.406,0.589,0.855,-0.075,-0.005
0.7000000000000001,0.008,-0.406,0.589,0.748,-0.066,-0.005
0.71,0.017,-0.407,0.589,0.654,-0.058,-0.004
0.72,0.025,-0.408,0.589,0.573,-0.052,-0.004
0.73,0.031,-0.409,0.589,0.501,-0.045,-0.003
0.74,0.037,-0.409,0.589,0.438,-0.04,-0.003
0.75,0.043,-0.41,0.589,0.383,-0.035,-0.032
0.76,0.047,-0.41,0.588,0.336,-0.031,-0.058
0.77,0.051,-0.41,0.587,0.294,-0.027,-0.081
0.78,0.055,-0.411,0.586,0.257,-0.024,-0.101
0.79,0.058,-0.411,0.585,0.225,-0.021,-0.119
0.8,0.06,-0.411,0.582,0.197,-0.018,-0.4
0.81,0.063,-0.411,0.576,0.174,-0.015,-0.649
0.8200000000000001,0.065,-0.412,0.567,0.154,-0.012,-0.867
0.8300000000000001,0.067,-0.412,0.555,0.137,-0.009,-1.058
0.84,0.068,-0.412,0.542,0.123,-0.006,-1.224
0.85,0.07,-0.412,0.527,0.107,-0.007,-1.076
0.86,0.071,-0.412,0.514,0.093,-0.007,-0.942
0.87,0.072,-0.412,0.503,0.081,-0.008,-0.825
0.88,0.073,-0.412,0.493,0.07,-0.007,-0.722
0.89,0.074,-0.412,0.484,0.061,-0.007,-0.632
0.9,0.074,-0.412,0.477,0.053,-0.006,-0.553
0.91,0.075,-0.414,0.47,0.027,-0.302,-0.486
0.92,0.075,-0.419,0.464,-0.006,-0.565,-0.426
0.93,0.075,-0.427,0.459,-0.004,-0.794,-0.374
0.9400000000000001,0.075,-0.437,0.454,-0.002,-0.995,-0.329
0.9500000000000001,0.075,-0.451,0.451,0.001,-1.17,-0.288
0.96,0.075,-0.465,0.447,0.001,-1.057,-0.251
0.97,0.075,-0.477,0.444,0.001,-0.925,-0.108
0.98,0.075,-0.489,0.444,0.001,-0.808,0.209
0.99,0.074,-0.498,0.448,0.002,-0.706,0.485
1.0,0.074,-0.507,0.455,0.002,-0.618,0.514
1.01,0.074,-0.514,0.461,-0.029,-0.412,0.449
1.02,0.074,-0.518,0.466,-0.057,-0.061,0.392
1.03,0.073,-0.518,0.471,-0.05,-0.05,0.343
1.04,0.073,-0.519,0.475,-0.044,-0.043,0.3
1.05,0.072,-0.519,0.478,-0.038,-0.038,0.262
1.06,0.072,-0.52,0.482,-0.034,-0.033,0.229
1.07,0.071,-0.52,0.484,-0.029,-0.029,0.201
1.08,0.071,-0.521,0.487,-0.026,-0.026,0.176
1.09,0.07,-0.521,0.489,-0.023,-0.022,0.154
1.1,0.07,-0.521,0.491,-0.02,-0.02,0.134
1.11,0.07,-0.521,0.492,-0.017,-0.017,0.118
1.12,0.07,-0.522,0.494,-0.015,-0.015,0.103
1.1300000000000001,0.07,-0.522,0.495,-0.013,-0.013,0.09
1.1400000000000001,0.124,-0.476,0.515,6.443,5.01,2.43
1.1500000000000001,0.2,-0.412,0.543,5.669,4.472,2.174
1.16,0.267,-0.357,0.569,4.979,3.972,1.915
1.17,0.327,-0.309,0.591,4.364,3.498,1.667
1.18,0.379,-0.268,0.611,3.821,3.059,1.443
1.19,0.425,-0.232,0.629,3.346,2.664,1.247
1.2,0.465,-0.201,0.644,2.932,2.315,1.079
1.21,0.5,-0.174,0.657,2.571,2.012,0.935
1.22,0.531,-0.15,0.669,2.254,1.748,0.812
1.23,0.558,-0.13,0.679,1.977,1.52,0.707
1.24,0.582,-0.112,0.687,1.734,1.322,0.617
1.25,0.603,-0.097,0.695,1.52,1.151,0.539
1.26,0.621,-0.083,0.702,1.333,1.002,0.472
1.27,0.638,-0.071,0.708,1.169,0.873,0.413
1.28,0.652,-0.061,0.713,1.024,0.761,0.363
1.29,0.664,-0.052,0.717,0.898,0.664,0.318
1.3,0.675,-0.044,0.721,0.787,0.579,0.279
1.31,0.684,-0.038,0.725,0.69,0.505,0.245
1.32,0.693,-0.032,0.728,0.604,0.441,0.215
1.33,0.7,-0.026,0.73,0.529,0.385,0.189
1.34,0.706,-0.022,0.733,0.464,0.336,0.166
1.35,0.712,-0.018,0.735,0.406,0.294,0.146
1.36,0.717,-0.014,0.736,0.356,0.257,0.128
1.37,0.721,-0.011,0.738,0.312,0.224,0.112
1.3800000000000001,0.725,-0.009,0.739,0.273,0.196,0.099
1.3900000000000001,0.728,-0.006,0.741,0.239,0.171,0.087
1.4000000000000001,0.731,-0.004,0.742,0.21,0.15,0.076
1.41,0.733,-0.002,0.743,0.184,0.131,0.067
1.42,0.736,-0.001,0.743,0.161,0.115,0.058
1.43,0.737,0.0,0.744,0.141,0.1,0.051
1.44,0.739,0.002,0.745,0.123,0.088,0.045
