0.01,-0.745,-0.008,0.748,0.002,-0.299,-0.001
0.02,-0.745,-0.013,0.748,0.002,-0.561,-0.0
0.03,-0.745,-0.021,0.747,0.003,-0.791,0.0
0.04,-0.744,-0.032,0.747,0.15,-0.992,0.002
0.05,-0.742,-0.045,0.747,0.34,-1.168,0.004
0.06,-0.736,-0.06,0.747,0.527,-1.323,0.006
0.07,-0.729,-0.077,0.747,0.7,-1.458,0.008
0.08,-0.72,-0.096,0.747,0.851,-1.576,0.011
0.09,-0.708,-0.116,0.747,0.983,-1.679,0.013
0.1,-0.695,-0.137,0.747,1.098,-1.77,0.016
0.11,-0.681,-0.16,0.747,1.21,-1.849,0.018
0.12,-0.665,-0.183,0.747,1.356,-1.919,0.021
0.13,-0.647,-0.207,0.747,1.485,-1.979,0.023
0.14,-0.628,-0.232,0.747,1.597,-2.013,0.025
0.15,-0.608,-0.257,0.747,1.696,-2.002,0.026
0.16,-0.586,-0.282,0.747,1.782,-1.903,0.026
0.17,-0.563,-0.304,0.747,1.856,-1.668,0.026
0.18,-0.539,-0.324,0.747,1.921,-1.412,0.025
0.19,-0.515,-0.341,0.747,1.978,-1.218,0.025
0.2,-0.49,-0.355,0.747,2.029,-1.147,0.025
0.21,-0.465,-0.369,0.747,1.781,-1.006,0.02
0.22,-0.443,-0.381,0.747,1.615,-0.881,0.017
0.23,-0.424,-0.391,0.747,1.414,-0.772,0.014
0.24,-0.407,-0.4,0.747,1.237,-0.676,0.012
0.25,-0.392,-0.408,0.747,1.083,-0.592,0.01
0.26,-0.379,-0.415,0.747,0.947,-0.519,0.008
0.27,-0.368,-0.422,0.747,0.829,-0.454,0.007
0.28,-0.358,-0.427,0.747,0.725,-0.398,0.006
0.29,-0.349,-0.432,0.747,0.634,-0.349,0.005
0.3,-0.342,-0.436,0.747,0.555,-0.305,0.004
0.31,-0.335,-0.44,0.747,0.486,-0.267,0.004
0.32,-0.329,-0.443,0.747,0.425,-0.234,0.003
0.33,-0.324,-0.446,0.747,0.372,-0.205,0.003
0.34,-0.32,-0.448,0.747,0.325,-0.179,0.002
0.35000000000000003,-0.316,-0.45,0.747,0.284,-0.157,0.002
0.36,-0.312,-0.452,0.747,0.269,-0.137,0.002
0.37,-0.308,-0.454,0.747,0.531,-0.12,0.002
0.38,-0.3,-0.455,0.747,0.764,-0.105,0.003
0.39,-0.29,-0.456,0.747,0.968,-0.093,0.004
0.4,-0.277,-0.457,0.747,1.146,-0.081,0.006
0.41000000000000003,-0.262,-0.458,0.747,1.302,-0.072,0.007
0.42,-0.245,-0.459,0.747,1.439,-0.063,0.008
0.43,-0.227,-0.46,0.747,1.459,-0.056,0.008
0.44,-0.209,-0.46,0.747,1.277,-0.049,-0.022
0.45,-0.194,-0.461,0.747,1.118,-0.044,-0.05
0.46,-0.18,-0.461,0.746,0.979,-0.039,-0.074
0.47000000000000003,-0.169,-0.462,0.745,0.857,-0.034,-0.095
0.48,-0.158,-0.462,0.744,0.75,-0.03,-0.083
0.49,-0.149,-0.463,0.743,0.752,-0.027,-0.073
0.5,-0.14,-0.463,0.742,0.658,-0.024,-0.064
0.51,-0.132,-0.463,0.741,0.576,-0.021,-0.056
0.52,-0.125,-0.463,0.74,0.504,-0.018,-0.049
0.53,-0.119,-0.464,0.74,0.441,-0.016,-0.043
0.54,-0.114,-0.464,0.739,0.386,-0.014,-0.038
0.55,-0.108,-0.464,0.739,0.437,-0.013,-0.042
0.56,-0.103,-0.464,0.738,0.383,-0.011,-0.037
0.5700000000000001,-0.099,-0.464,0.738,0.335,-0.01,-0.032
0.58,-0.095,-0.464,0.737,0.293,-0.009,-0.028
0.59,-0.091,-0.465,0.737,0.257,-0.008,-0.025
0.6,-0.088,-0.465,0.737,0.255,-0.007,-0.022
0.61,-0.084,-0.465,0.736,0.517,-0.005,-0.018
0.62,-0.076,-0.465,0.736,0.752,-0.004,-0.015
0.63,-0.066,-0.465,0.736,0.958,-0.002,-0.012
0.64,-0.053,-0.465,0.736,1.138,-0.001,-0.01
0.65,-0.038,-0.465,0.735,1.295,0.0,-0.007
0.66,-0.021,-0.465,0.735,1.333,0.001,-0.006
0.67,-0.005,-0.465,0.735,1.167,-0.0,-0.015
0.68,0.009,-0.465,0.735,1.022,-0.001,-0.033
0.6900000000000001,0.021,-0.465,0.734,0.994,-0.001,-0.029
0.7000000000000001,0.034,-0.465,0.734,1.169,-0.028,-0.025
0.71,0.049,-0.465,0.734,1.323,-0.042,-0.021
0.72,0.066,-0.466,0.733,1.458,-0.034,-0.018
0.73,0.085,-0.466,0.733,1.476,-0.029,-0.025
0.74,0.103,-0.467,0.733,1.292,-0.027,-0.033
0.75,0.118,-0.467,0.732,1.13,-0.026,-0.049
0.76,0.132,-0.467,0.732,0.989,-0.024,-0.053
0.77,0.143,-0.468,0.731,0.98,-0.12,-0.047
0.78,0.156,-0.47,0.73,1.157,-0.102,-0.041
0.79,0.171,-0.471,0.73,1.312,-0.017,-0.035
0.8,0.188,-0.471,0.729,1.448,0.048,-0.031
0.81,0.207,-0.47,0.729,1.567,0.055,-0.027
0.8200000000000001,0.227,-0.469,0.729,1.67,0.141,-0.024
0.8300000000000001,0.248,-0.467,0.728,1.562,0.142,-0.151
0.84,0.267,-0.466,0.725,1.369,0.12,-0.431
0.85,0.283,-0.464,0.719,1.2,0.103,-0.676
0.86,0.297,-0.463,0.709,1.051,0.088,-0.891
0.87,0.31,-0.462,0.697,0.922,0.077,-1.078
0.88,0.321,-0.462,0.684,0.806,-0.062,-0.949
0.89,0.33,-0.463,0.673,0.705,-0.056,-0.831
0.9,0.339,-0.463,0.663,0.616,-0.05,-0.727
0.91,0.346,-0.464,0.654,0.529,-0.044,-0.636
0.92,0.352,-0.464,0.647,0.463,-0.049,-0.556
0.93,0.358,-0.465,0.64,0.405,-0.044,-0.487
0.9400000000000001,0.363,-0.465,0.634,0.354,-0.039,-0.426
0.9500000000000001,0.367,-0.466,0.629,0.31,-0.034,-0.372
0.96,0.371,-0.466,0.625,0.271,-0.03,-0.326
0.97,0.374,-0.467,0.621,0.237,-0.027,-0.285
0.98,0.377,-0.467,0.617,0.207,-0.023,-0.249
0.99,0.379,-0.467,0.614,0.181,-0.021,-0.218
1.0,0.381,-0.468,0.612,0.159,-0.018,-0.191
1.01,0.382,-0.469,0.609,-0.019,-0.312,-0.167
1.02,0.382,-0.474,0.607,-0.166,-0.574,-0.146
1.03,0.38,-0.482,0.606,-0.147,-0.602,-0.128
1.04,0.378,-0.489,0.603,-0.129,-0.527,-0.408
1.05,0.376,-0.495,0.597,-0.112,-0.46,-0.657
1.06,0.375,-0.501,0.588,-0.097,-0.402,-0.785
1.07,0.374,-0.506,0.578,-0.085,-0.352,-0.687
1.08,0.373,-0.51,0.57,-0.074,-0.308,-0.601
1.09,0.372,-0.513,0.563,-0.065,-0.27,-0.526
1.1,0.371,-0.517,0.556,-0.057,-0.236,-0.46
1.11,0.37,-0.519,0.551,-0.05,-0.207,-0.403
1.12,0.37,-0.522,0.546,-0.044,-0.181,-0.352
1.1300000000000001,0.369,-0.524,0.542,-0.038,-0.159,-0.308
1.1400000000000001,0.369,-0.526,0.538,-0.033,-0.139,-0.279
1.1500000000000001,0.368,-0.528,0.534,-0.029,-0.121,-0.434
1.16,0.368,-0.529,0.528,-0.024,-0.105,-0.679
1.17,0.368,-0.53,0.518,-0.02,-0.091,-0.894
1.18,0.367,-0.531,0.507,-0.016,-0.079,-1.082
1.19,0.367,-0.532,0.492,-0.012,-0.068,-1.247
1.2,0.367,-0.533,0.476,-0.009,-0.058,-1.391
1.21,0.367,-0.534,0.458,-0.006,-0.05,-1.516
1.22,0.366,-0.534,0.439,-0.004,-0.144,-1.528
1.23,0.366,-0.537,0.42,-0.004,-0.428,-1.34
1.24,0.366,-0.544,0.404,-0.004,-0.676,-1.174
1.25,0.366,-0.553,0.39,-0.003,-0.893,-1.029
1.26,0.366,-0.565,0.378,-0.001,-1.082,-0.901
1.27,0.366,-0.579,0.367,0.022,-1.246,-0.789
1.28,0.366,-0.596,0.358,0.052,-1.388,-0.69
1.29,0.367,-0.613,0.35,0.099,-1.512,-0.604
1.3,0.368,-0.633,0.342,0.151,-1.618,-0.529
1.31,0.37,-0.654,0.336,0.226,-1.709,-0.464
1.32,0.372,-0.675,0.33,0.293,-1.786,-0.406
1.33,0.376,-0.698,0.326,0.38,-1.849,-0.357
1.34,0.38,-0.722,0.321,0.456,-1.899,-0.314
1.35,0.386,-0.746,0.318,0.52,-1.935,-0.277
1.36,0.392,-0.771,0.315,0.49,-1.773,-0.344
1.37,0.397,-0.793,0.309,0.419,-1.532,-0.602
1.3800000000000001,0.402,-0.812,0.301,0.354,-1.284,-0.624
1.3900000000000001,0.406,-0.827,0.294,0.304,-0.83,-0.54
1.4000000000000001,0.41,-0.836,0.288,0.248,-0.577,-0.467
1.41,0.412,-0.844,0.282,0.203,-0.295,-0.382
1.42,0.415,-0.846,0.278,-0.131,0.517,-0.163
1.43,0.416,-0.844,0.274,-0.001,0.384,-0.342
1.44,0.418,-0.844,0.268,-0.092,0.37,-0.635
1.45,0.419,-0.842,0.26,-0.014,0.558,-0.49
1.46,0.421,-0.84,0.253,0.177,0.275,-0.542
1.47,0.424,-0.838,0.246,0.468,0.313,-0.524
1.48,0.431,-0.833,0.24,0.558,0.397,-0.44
1.49,0.438,-0.829,0.234,0.482,0.375,-0.47
1.5,0.444,-0.825,0.227,0.331,0.446,-0.663
1.51,0.449,-0.821,0.219,0.436,0.354,-0.653
1.52,0.455,-0.816,0.211,0.498,0.389,-0.616
1.53,0.461,-0.811,0.203,0.534,0.459,-0.55
1.54,0.468,-0.805,0.197,0.606,0.507,-0.465
1.55,0.475,-0.799,0.191,0.532,0.448,-0.407
1.56,0.481,-0.793,0.186,0.464,0.394,-0.356
1.57,0.487,-0.788,0.182,0.405,0.345,-0.311
1.58,0.492,-0.784,0.178,0.354,0.303,-0.272
1.59,0.496,-0.781,0.175,0.31,0.265,-0.238
1.6,0.499,-0.778,0.172,0.271,0.232,-0.208
1.61,0.503,-0.775,0.17,0.237,0.203,-0.182
1.62,0.506,-0.772,0.168,0.207,0.178,-0.159
1.6300000000000001,0.508,-0.77,0.166,0.181,0.156,-0.139
1.6400000000000001,0.51,-0.768,0.164,0.159,0.136,-0.122
1.6500000000000001,0.512,-0.767,0.163,0.139,0.119,-0.107
1.6600000000000001,0.361,-0.827,0.158,-6.105,6.282,3.965
1.67,0.354,-0.742,0.218,4.368,7.991,5.488
1.68,0.399,-0.644,0.284,3.777,6.761,4.755
1.69,0.44,-0.561,0.341,3.3,5.894,4.2
1.7,0.477,-0.488,0.391,2.887,5.177,3.717
1.71,0.51,-0.425,0.435,2.523,4.554,3.281
1.72,0.539,-0.37,0.474,2.202,4.001,2.886
1.73,0.565,-0.322,0.509,1.922,3.509,2.53
1.74,0.587,-0.28,0.539,1.678,3.072,2.213
1.75,0.607,-0.243,0.565,1.468,2.686,1.933
1.76,0.625,-0.211,0.588,1.285,2.346,1.688
1.77,0.64,-0.183,0.608,1.126,2.049,1.473
1.78,0.654,-0.159,0.626,0.988,1.789,1.286
1.79,0.666,-0.137,0.642,0.867,1.562,1.123
1.8,0.676,-0.119,0.655,0.761,1.364,0.981
1.81,0.685,-0.103,0.667,0.668,1.191,0.857
1.82,0.693,-0.089,0.677,0.586,1.041,0.749
1.83,0.7,-0.076,0.686,0.515,0.909,0.655
1.84,0.707,-0.065,0.694,0.452,0.794,0.573
1.85,0.712,-0.056,0.701,0.397,0.694,0.501
1.86,0.717,-0.048,0.707,0.348,0.607,0.438
1.87,0.721,-0.04,0.712,0.306,0.53,0.383
1.8800000000000001,0.725,-0.034,0.717,0.268,0.464,0.335
1.8900000000000001,0.728,-0.029,0.721,0.235,0.405,0.294
1.9000000000000001,0.731,-0.024,0.724,0.206,0.355,0.257
1.9100000000000001,0.733,-0.02,0.727,0.181,0.31,0.225
1.92,0.736,-0.016,0.73,0.159,0.271,0.197
1.93,0.738,-0.013,0.732,0.139,0.237,0.172
1.94,0.739,-0.01,0.735,0.122,0.207,0.151
1.95,0.741,-0.007,0.736,0.107,0.181,0.132
