0.01,-0.743,-0.006,0.751,0.003,-0.002,0.0
0.02,-0.743,-0.006,0.751,0.002,-0.002,0.0
0.03,-0.743,-0.006,0.751,0.142,-0.004,0.001
0.04,-0.74,-0.006,0.751,0.426,-0.008,0.002
0.05,-0.734,-0.006,0.751,0.675,-0.018,0.001
0.06,-0.724,-0.007,0.751,0.893,-0.088,-0.002
0.07,-0.713,-0.008,0.751,1.083,-0.156,-0.006
0.08,-0.698,-0.011,0.751,1.25,-0.219,-0.008
0.09,-0.682,-0.014,0.751,1.396,-0.277,-0.008
0.1,-0.664,-0.018,0.751,1.524,-0.418,-0.008
0.11,-0.645,-0.024,0.75,1.636,-0.662,-0.009
0.12,-0.624,-0.034,0.75,1.612,-0.849,-0.006
0.13,-0.605,-0.045,0.75,1.429,-0.867,-0.001
0.14,-0.588,-0.055,0.75,1.398,-0.789,0.0
0.15,-0.57,-0.065,0.75,1.322,-0.761,0.002
0.16,-0.554,-0.074,0.75,1.155,-0.669,0.004
0.17,-0.541,-0.082,0.75,1.01,-0.587,0.005
0.18,-0.529,-0.089,0.75,0.883,-0.515,0.006
0.19,-0.518,-0.096,0.75,0.772,-0.451,0.006
0.2,-0.509,-0.101,0.75,0.676,-0.396,0.006
0.21,-0.501,-0.106,0.75,0.591,-0.347,0.005
0.22,-0.494,-0.11,0.75,0.517,-0.304,0.005
0.23,-0.487,-0.114,0.75,0.452,-0.266,0.004
0.24,-0.482,-0.117,0.751,0.396,-0.233,0.004
0.25,-0.477,-0.12,0.751,0.346,-0.204,0.004
0.26,-0.473,-0.122,0.751,0.352,-0.179,0.003
0.27,-0.468,-0.124,0.751,0.486,-0.156,0.003
0.28,-0.462,-0.126,0.751,0.428,-0.137,0.003
0.29,-0.457,-0.128,0.751,0.415,-0.119,0.002
0.3,-0.451,-0.129,0.751,0.66,-0.103,0.002
0.31,-0.442,-0.13,0.751,0.876,-0.089,0.002
0.32,-0.43,-0.131,0.751,1.066,-0.076,0.002
0.33,-0.416,-0.132,0.751,1.231,-0.065,0.002
0.34,-0.4,-0.133,0.751,1.376,-0.056,0.003
0.35000000000000003,-0.382,-0.134,0.75,1.502,-0.057,0.004
0.36,-0.363,-0.135,0.75,1.613,-0.099,0.005
0.37,-0.342,-0.136,0.75,1.709,-0.184,0.007
0.38,-0.321,-0.139,0.75,1.596,-0.24,0.008
0.39,-0.301,-0.142,0.75,1.398,-0.213,0.009
0.4,-0.285,-0.145,0.75,1.224,-0.188,0.009
0.41000000000000003,-0.27,-0.147,0.75,1.072,-0.166,0.009
0.42,-0.257,-0.149,0.75,0.938,-0.146,0.008
0.43,-0.246,-0.151,0.75,0.822,-0.128,0.007
0.44,-0.236,-0.152,0.75,0.719,-0.113,0.007
0.45,-0.227,-0.153,0.75,0.63,-0.099,0.006
0.46,-0.22,-0.155,0.75,0.551,-0.087,0.006
0.47000000000000003,-0.213,-0.156,0.75,0.482,-0.077,0.005
0.48,-0.208,-0.157,0.751,0.422,-0.067,0.004
0.49,-0.203,-0.157,0.751,0.369,-0.059,0.004
0.5,-0.198,-0.158,0.751,0.323,-0.052,0.003
0.51,-0.194,-0.159,0.751,0.283,-0.045,0.003
0.52,-0.191,-0.159,0.751,0.248,-0.04,0.003
0.53,-0.188,-0.16,0.751,0.237,-0.035,0.002
0.54,-0.184,-0.16,0.751,0.503,-0.04,0.003
0.55,-0.176,-0.161,0.751,0.739,-0.122,0.003
0.56,-0.166,-0.163,0.751,0.946,-0.215,0.004
0.5700000000000001,-0.154,-0.166,0.751,1.128,-0.375,0.006
0.58,-0.139,-0.172,0.751,1.289,-0.623,0.009
0.59,-0.122,-0.181,0.751,1.431,-0.841,0.011
0.6,-0.104,-0.192,0.75,1.537,-1.032,0.014
0.61,-0.084,-0.206,0.75,1.61,-1.199,0.017
0.62,-0.064,-0.222,0.75,1.694,-1.345,0.019
0.63,-0.042,-0.239,0.75,1.788,-1.472,0.022
0.64,-0.02,-0.258,0.75,1.869,-1.533,0.026
0.65,0.004,-0.277,0.75,1.938,-1.526,0.028
0.66,0.028,-0.297,0.75,2.001,-1.609,0.032
0.67,0.053,-0.318,0.75,2.037,-1.701,0.034
0.68,0.078,-0.338,0.75,2.078,-1.428,0.036
0.6900000000000001,0.103,-0.355,0.75,1.961,-0.985,0.033
0.7000000000000001,0.128,-0.365,0.75,1.95,-0.633,0.031
0.71,0.152,-0.372,0.75,1.982,-0.324,0.03
0.72,0.176,-0.376,0.75,1.755,-0.178,0.025
0.73,0.197,-0.378,0.75,1.535,-0.159,0.021
0.74,0.215,-0.38,0.75,1.343,-0.143,0.017
0.75,0.231,-0.382,0.75,1.175,-0.127,0.014
0.76,0.246,-0.383,0.75,1.028,-0.113,0.012
0.77,0.258,-0.385,0.75,0.9,-0.101,0.01
0.78,0.269,-0.386,0.75,0.787,-0.089,0.008
0.79,0.278,-0.387,0.75,0.689,-0.079,0.007
0.8,0.286,-0.388,0.75,0.603,-0.07,-0.024
0.81,0.293,-0.389,0.75,0.528,-0.062,-0.201
0.8200000000000001,0.3,-0.39,0.746,0.463,-0.055,-0.476
0.8300000000000001,0.305,-0.39,0.739,0.406,-0.048,-0.716
0.84,0.31,-0.391,0.73,0.355,-0.042,-0.631
0.85,0.314,-0.391,0.723,0.31,-0.037,-0.552
0.86,0.318,-0.392,0.716,0.272,-0.033,-0.483
0.87,0.321,-0.392,0.71,0.238,-0.029,-0.423
0.88,0.324,-0.393,0.705,0.208,-0.026,-0.37
0.89,0.327,-0.393,0.701,0.182,-0.023,-0.324
0.9,0.329,-0.393,0.697,0.159,-0.02,-0.283
0.91,0.331,-0.393,0.694,0.139,-0.017,-0.248
0.92,0.332,-0.394,0.691,0.122,-0.015,-0.217
0.93,0.334,-0.394,0.688,0.106,-0.013,-0.19
0.9400000000000001,0.335,-0.394,0.685,0.093,-0.011,-0.355
0.9500000000000001,0.336,-0.394,0.68,0.082,-0.009,-0.61
0.96,0.337,-0.394,0.671,0.071,-0.006,-0.833
0.97,0.338,-0.394,0.66,0.063,-0.004,-1.028
0.98,0.339,-0.394,0.646,0.055,-0.002,-1.199
0.99,0.339,-0.394,0.631,0.049,-0.0,-1.348
1.0,0.34,-0.394,0.613,0.044,0.001,-1.479
1.01,0.34,-0.394,0.594,0.041,0.002,-1.593
1.02,0.341,-0.394,0.574,0.038,0.003,-1.693
1.03,0.341,-0.394,0.552,0.035,0.003,-1.781
1.04,0.341,-0.394,0.53,0.034,0.003,-1.858
1.05,0.342,-0.394,0.506,0.033,0.003,-1.925
1.06,0.342,-0.395,0.482,0.042,-0.099,-1.887
1.07,0.342,-0.396,0.46,0.037,-0.09,-1.656
1.08,0.342,-0.397,0.44,0.032,-0.081,-1.45
1.09,0.343,-0.398,0.422,0.028,-0.073,-1.269
1.1,0.343,-0.399,0.407,0.084,-0.065,-1.111
1.11,0.344,-0.399,0.394,0.174,-0.058,-0.972
1.12,0.347,-0.4,0.382,0.453,-0.05,-0.851
1.1300000000000001,0.354,-0.401,0.372,0.697,-0.042,-0.743
1.1400000000000001,0.364,-0.401,0.363,0.91,-0.034,-0.648
1.1500000000000001,0.376,-0.402,0.355,1.047,-0.137,-0.565
1.16,0.389,-0.405,0.348,1.027,-0.417,-0.492
1.17,0.402,-0.411,0.342,1.059,-0.662,-0.427
1.18,0.414,-0.42,0.337,0.929,-0.741,-0.383
1.19,0.425,-0.429,0.332,0.814,-0.649,-0.476
1.2,0.435,-0.437,0.325,0.714,-0.568,-0.718
1.21,0.443,-0.444,0.315,0.627,-0.497,-0.93
1.22,0.451,-0.45,0.303,0.551,-0.434,-1.114
1.23,0.457,-0.455,0.288,0.484,-0.379,-1.275
1.24,0.463,-0.46,0.272,0.426,-0.331,-1.416
1.25,0.468,-0.464,0.253,0.374,-0.29,-1.439
1.26,0.472,-0.467,0.236,0.327,-0.255,-1.258
1.27,0.476,-0.47,0.221,0.395,-0.224,-1.1
1.28,0.481,-0.473,0.208,0.346,-0.197,-0.962
1.29,0.485,-0.475,0.196,0.303,-0.172,-0.951
1.3,0.489,-0.477,0.184,0.267,-0.15,-1.132
1.31,0.492,-0.479,0.17,0.233,-0.132,-0.995
1.32,0.495,-0.481,0.158,0.582,-0.366,-0.518
1.33,0.501,-0.485,0.152,0.461,-0.309,-0.45
1.34,0.506,-0.488,0.147,0.264,-0.176,-0.277
1.35,0.509,-0.49,0.144,0.202,-0.143,-0.23
1.36,0.512,-0.492,0.141,0.156,-0.118,-0.193
1.37,0.513,-0.494,0.139,0.126,-0.102,-0.151
1.3800000000000001,0.515,-0.495,0.137,0.097,-0.085,-0.124
1.3900000000000001,0.516,-0.496,0.136,0.074,-0.071,-0.101
1.4000000000000001,0.517,-0.497,0.135,0.057,-0.06,-0.082
1.41,0.517,-0.497,0.134,0.043,-0.052,-0.067
1.42,0.518,-0.498,0.133,0.033,-0.045,-0.055
1.43,0.518,-0.498,0.132,0.025,-0.039,-0.046
1.44,0.519,-0.499,0.132,0.065,-0.035,-0.08
1.45,0.521,-0.499,0.129,0.379,-0.024,-0.293
1.46,0.526,-0.5,0.126,0.597,0.016,-0.247
1.47,0.535,-0.499,0.123,0.789,0.05,-0.21
1.48,0.545,-0.498,0.12,0.962,0.114,-0.174
1.49,0.558,-0.496,0.118,1.139,0.334,-0.15
1.5,0.573,-0.491,0.116,1.158,0.591,-0.132
1.51,0.587,-0.483,0.115,1.025,0.813,-0.119
1.52,0.599,-0.472,0.113,0.935,0.988,-0.089
1.53,0.61,-0.459,0.112,0.911,1.158,-0.073
1.54,0.622,-0.444,0.111,0.985,1.32,-0.07
1.55,0.635,-0.426,0.11,1.068,1.467,-0.071
1.56,0.648,-0.408,0.109,1.101,1.591,-0.068
1.57,0.662,-0.387,0.109,1.114,1.692,-0.059
1.58,0.676,-0.366,0.108,1.125,1.781,-0.051
1.59,0.69,-0.343,0.107,1.135,1.859,-0.043
1.6,0.704,-0.319,0.107,1.162,1.928,-0.036
1.61,0.718,-0.295,0.106,1.166,1.988,-0.029
1.62,0.732,-0.271,0.106,1.024,1.743,0.174
1.6300000000000001,0.744,-0.25,0.11,0.899,1.524,0.452
1.6400000000000001,0.755,-0.232,0.116,0.787,1.332,0.525
1.6500000000000001,0.761,-0.212,0.147,-0.041,2.321,6.267
1.6600000000000001,0.758,-0.185,0.222,-0.027,2.015,5.49
1.67,0.756,-0.161,0.288,-0.024,1.749,4.813
1.68,0.754,-0.141,0.345,-0.024,1.518,4.22
1.69,0.753,-0.123,0.396,-0.024,1.319,3.699
1.7,0.752,-0.107,0.44,-0.024,1.147,3.241
1.71,0.752,-0.093,0.479,-0.023,0.997,2.838
1.72,0.751,-0.082,0.513,-0.021,0.868,2.484
1.73,0.751,-0.071,0.542,-0.018,0.756,2.173
1.74,0.751,-0.062,0.568,-0.016,0.659,1.901
1.75,0.75,-0.054,0.591,-0.013,0.575,1.663
1.76,0.75,-0.048,0.611,-0.01,0.502,1.455
1.77,0.75,-0.042,0.628,-0.008,0.438,1.272
1.78,0.75,-0.036,0.644,-0.006,0.383,1.113
1.79,0.75,-0.032,0.657,-0.005,0.335,0.973
1.8,0.75,-0.028,0.669,-0.003,0.293,0.851
1.81,0.75,-0.024,0.679,-0.002,0.256,0.745
1.82,0.75,-0.021,0.688,-0.001,0.224,0.651
1.83,0.75,-0.019,0.695,-0.001,0.196,0.57
1.84,0.75,-0.016,0.702,-0.0,0.171,0.499
1.85,0.75,-0.014,0.708,0.0,0.15,0.436
1.86,0.75,-0.013,0.713,0.0,0.131,0.382
1.87,0.75,-0.011,0.718,0.001,0.115,0.334
1.8800000000000001,0.75,-0.01,0.722,0.001,0.1,0.292
1.8900000000000001,0.75,-0.008,0.726,0.001,0.088,0.256
1.9000000000000001,0.75,-0.007,0.729,0.001,0.077,0.224
