0.01,-0.746,-0.008,0.748,0.297,-0.01,-0.002
0.02,-0.741,-0.008,0.748,0.56,-0.016,-0.002
0.03,-0.734,-0.009,0.748,0.696,-0.059,0.001
0.04,-0.724,-0.01,0.748,0.911,-0.239,0.004
0.05,-0.713,-0.013,0.747,0.801,-0.212,-0.026
0.06,-0.703,-0.016,0.747,0.801,-0.255,-0.042
0.07,-0.692,-0.02,0.746,0.998,-0.43,-0.034
0.08,-0.679,-0.026,0.746,1.174,-0.577,-0.026
0.09,-0.664,-0.033,0.745,1.327,-0.646,-0.019
0.1,-0.647,-0.041,0.745,1.361,-0.645,-0.025
0.11,-0.63,-0.049,0.744,1.19,-0.564,-0.051
0.12,-0.616,-0.056,0.743,1.141,-0.533,-0.064
0.13,-0.601,-0.062,0.742,1.198,-0.517,-0.054
0.14,-0.586,-0.069,0.742,1.343,-0.494,-0.045
0.15,-0.568,-0.075,0.741,1.475,-0.445,-0.037
0.16,-0.549,-0.08,0.74,1.59,-0.422,-0.03
0.17,-0.529,-0.085,0.74,1.69,-0.4,-0.023
0.18,-0.508,-0.09,0.739,1.777,-0.382,-0.018
0.19,-0.485,-0.094,0.739,1.854,-0.365,-0.013
0.2,-0.461,-0.099,0.738,1.821,-0.377,-0.009
0.21,-0.44,-0.104,0.738,1.596,-0.329,-0.145
0.22,-0.421,-0.107,0.734,1.401,-0.286,-0.424
0.23,-0.404,-0.111,0.728,1.231,-0.249,-0.668
0.24,-0.389,-0.114,0.718,1.082,-0.217,-0.882
0.25,-0.376,-0.116,0.706,0.952,-0.191,-1.07
0.26,-0.365,-0.119,0.692,0.839,-0.167,-1.234
0.27,-0.355,-0.121,0.677,0.683,-0.346,-1.18
0.28,-0.348,-0.126,0.662,0.525,-0.463,-1.034
0.29,-0.342,-0.132,0.65,0.458,-0.605,-0.905
0.3,-0.337,-0.141,0.639,0.123,-0.832,-0.794
0.31,-0.337,-0.151,0.629,-0.194,-0.883,-0.696
0.32,-0.34,-0.162,0.621,-0.175,-0.775,-0.659
0.33,-0.342,-0.171,0.612,-0.152,-0.678,-0.835
0.34,-0.343,-0.179,0.601,-0.131,-0.593,-1.03
0.35000000000000003,-0.345,-0.186,0.587,-0.154,-0.57,-1.101
0.36,-0.347,-0.193,0.574,-0.27,-0.501,-0.871
0.37,-0.351,-0.199,0.564,-0.39,-0.437,-0.673
0.38,-0.356,-0.204,0.556,-0.319,-0.392,-0.541
0.39,-0.36,-0.209,0.55,-0.259,-0.352,-0.444
0.4,-0.363,-0.213,0.545,-0.187,-0.308,-0.368
0.41000000000000003,-0.365,-0.217,0.541,-0.161,-0.269,-0.307
0.42,-0.367,-0.22,0.537,-0.052,-0.235,-0.261
0.43,-0.366,-0.223,0.534,0.228,-0.345,-0.253
0.44,-0.363,-0.227,0.531,0.201,-0.306,-0.224
0.45,-0.361,-0.231,0.528,0.223,-0.268,-0.2
0.46,-0.358,-0.234,0.526,0.187,-0.274,-0.188
0.47000000000000003,-0.357,-0.237,0.523,0.031,-0.262,-0.176
0.48,-0.356,-0.24,0.521,0.055,-0.238,-0.185
0.49,-0.355,-0.243,0.519,0.143,-0.205,-0.239
0.5,-0.353,-0.246,0.515,0.212,-0.178,-0.299
0.51,-0.35,-0.248,0.511,0.264,-0.155,-0.366
0.52,-0.347,-0.25,0.506,0.298,-0.137,-0.44
0.53,-0.343,-0.251,0.501,0.316,-0.124,-0.523
0.54,-0.339,-0.253,0.494,0.317,-0.114,-0.615
0.55,-0.335,-0.254,0.486,0.301,-0.107,-0.717
0.56,-0.332,-0.255,0.476,0.267,-0.103,-0.83
0.5700000000000001,-0.329,-0.257,0.465,0.217,-0.1,-0.953
0.58,-0.326,-0.258,0.453,0.15,-0.096,-1.086
0.59,-0.325,-0.259,0.439,0.018,-0.175,-1.125
0.6,-0.325,-0.262,0.425,-0.089,-0.221,-1.146
0.61,-0.327,-0.264,0.41,-0.171,-0.249,-1.153
0.62,-0.329,-0.267,0.396,-0.229,-0.222,-1.137
0.63,-0.332,-0.27,0.382,-0.367,-0.187,-1.117
0.64,-0.338,-0.272,0.368,-0.677,-0.206,-1.112
0.65,-0.348,-0.275,0.354,-0.936,-0.264,-1.108
0.66,-0.361,-0.278,0.34,-1.136,-0.39,-1.113
0.67,-0.375,-0.284,0.326,-1.066,-0.643,-1.116
0.68,-0.388,-0.293,0.313,-0.94,-0.866,-1.102
0.6900000000000001,-0.399,-0.304,0.299,-0.81,-1.063,-1.081
0.7000000000000001,-0.409,-0.317,0.285,-0.708,-0.955,-0.991
0.71,-0.417,-0.329,0.273,-0.598,-1.097,-0.963
0.72,-0.424,-0.344,0.261,-0.501,-1.184,-0.929
0.73,-0.43,-0.358,0.25,-0.434,-1.037,-0.835
0.74,-0.436,-0.37,0.24,-0.414,-0.818,-0.73
0.75,-0.441,-0.378,0.231,-0.393,-0.414,-0.562
0.76,-0.445,-0.383,0.224,-0.342,-0.358,-0.501
0.77,-0.45,-0.387,0.218,-0.298,-0.314,-0.447
0.78,-0.453,-0.391,0.213,-0.259,-0.275,-0.399
0.79,-0.456,-0.394,0.208,-0.225,-0.241,-0.355
0.8,-0.459,-0.397,0.204,-0.195,-0.211,-0.316
0.81,-0.461,-0.4,0.2,-0.17,-0.185,-0.281
0.8200000000000001,-0.463,-0.402,0.197,-0.147,-0.162,-0.25
0.8300000000000001,-0.465,-0.404,0.194,-0.128,-0.142,-0.222
0.84,-0.467,-0.406,0.191,-0.111,-0.124,-0.198
0.85,-0.468,-0.407,0.189,-0.096,-0.109,-0.176
0.86,-0.469,-0.408,0.186,-0.084,-0.095,-0.156
0.87,-0.47,-0.41,0.185,-0.072,-0.083,-0.139
0.88,-0.471,-0.411,0.183,-0.063,-0.073,-0.124
0.89,-0.472,-0.411,0.181,-0.054,-0.064,-0.11
0.9,-0.472,-0.412,0.18,-0.047,-0.056,-0.098
0.91,-0.473,-0.413,0.179,-0.04,-0.049,-0.087
0.92,-0.473,-0.413,0.178,-0.035,-0.043,-0.078
0.93,-0.474,-0.414,0.177,-0.03,-0.037,-0.07
0.9400000000000001,-0.474,-0.414,0.176,0.12,-0.023,0.001
0.9500000000000001,-0.471,-0.415,0.177,0.36,0.028,0.116
0.96,-0.466,-0.414,0.179,0.493,0.034,0.158
0.97,-0.46,-0.414,0.18,0.437,0.03,0.114
0.98,-0.455,-0.413,0.182,0.472,0.026,0.104
0.99,-0.448,-0.413,0.183,0.684,0.021,0.161
1.0,-0.439,-0.413,0.185,0.784,0.018,0.164
1.01,-0.429,-0.412,0.187,0.693,0.016,0.094
1.02,-0.421,-0.412,0.188,0.611,0.014,0.036
1.03,-0.414,-0.412,0.188,0.538,0.012,-0.012
1.04,-0.407,-0.412,0.188,0.474,0.011,-0.053
1.05,-0.401,-0.412,0.187,0.42,0.009,-0.076
1.06,-0.395,-0.412,0.186,0.661,-0.17,-0.067
1.07,-0.386,-0.415,0.185,0.867,-0.241,-0.041
1.08,-0.374,-0.418,0.185,1.039,-0.214,-0.003
1.09,-0.361,-0.42,0.185,1.194,-0.191,0.02
1.1,-0.345,-0.422,0.185,1.332,-0.171,0.031
1.11,-0.328,-0.424,0.186,1.456,-0.154,0.031
1.12,-0.309,-0.426,0.186,1.572,-0.179,0.017
1.1300000000000001,-0.289,-0.428,0.186,1.685,-0.299,-0.019
1.1400000000000001,-0.269,-0.432,0.186,1.596,-0.336,-0.068
1.1500000000000001,-0.248,-0.437,0.185,1.714,-0.505,-0.098
1.16,-0.226,-0.443,0.183,1.72,-0.603,-0.133
1.17,-0.205,-0.451,0.181,1.62,-0.61,-0.163
1.18,-0.185,-0.459,0.179,1.742,-0.77,-0.179
1.19,-0.162,-0.469,0.177,1.853,-0.908,-0.196
1.2,-0.139,-0.481,0.174,1.955,-1.024,-0.215
1.21,-0.114,-0.494,0.172,2.048,-1.13,-0.239
1.22,-0.088,-0.509,0.168,2.108,-1.19,-0.224
1.23,-0.062,-0.523,0.166,2.147,-1.149,-0.194
1.24,-0.035,-0.538,0.163,2.18,-1.092,-0.168
1.25,-0.008,-0.552,0.161,2.213,-1.118,-0.143
1.26,0.02,-0.566,0.159,2.24,-1.132,-0.121
1.27,0.048,-0.58,0.158,2.26,-1.028,-0.104
1.28,0.076,-0.593,0.157,2.276,-0.896,-0.089
1.29,0.104,-0.604,0.155,2.291,-0.791,-0.076
1.3,0.133,-0.613,0.154,2.203,-0.691,-0.065
1.31,0.159,-0.622,0.153,1.924,-0.609,-0.057
1.32,0.183,-0.629,0.153,1.979,-0.558,-0.048
1.33,0.207,-0.636,0.152,1.86,-0.489,-0.042
1.34,0.231,-0.643,0.151,1.926,-0.51,-0.033
1.35,0.255,-0.649,0.151,1.986,-0.498,-0.026
1.36,0.28,-0.656,0.15,1.836,-0.456,-0.022
1.37,0.303,-0.662,0.15,1.902,-0.402,-0.017
1.3800000000000001,0.326,-0.667,0.15,1.763,-0.352,-0.015
1.3900000000000001,0.347,-0.671,0.151,1.542,-0.314,0.282
1.4000000000000001,0.366,-0.675,0.155,1.35,-0.28,0.545
1.41,0.382,-0.679,0.163,1.182,-0.249,0.776
1.42,0.396,-0.682,0.173,1.034,-0.221,0.977
1.43,0.408,-0.685,0.185,0.904,-0.195,0.887
1.44,0.419,-0.687,0.196,0.791,-0.172,0.885
1.45,0.428,-0.689,0.208,0.693,-0.152,1.074
1.46,0.437,-0.691,0.222,0.607,-0.134,1.239
1.47,0.444,-0.693,0.238,0.532,-0.118,1.384
1.48,0.45,-0.694,0.256,0.467,-0.104,1.51
1.49,0.456,-0.695,0.275,0.41,-0.091,1.622
1.5,0.46,-0.696,0.296,0.36,-0.08,1.719
1.51,0.465,-0.697,0.318,0.316,-0.07,1.804
1.52,0.468,-0.698,0.341,0.278,-0.061,1.879
1.53,0.472,-0.699,0.364,0.245,-0.053,1.944
1.54,0.474,-0.699,0.389,0.185,0.052,1.9
1.55,0.476,-0.698,0.412,0.013,0.183,1.761
1.56,0.474,-0.694,0.433,-0.285,0.417,1.543
1.57,0.47,-0.688,0.451,-0.549,0.611,1.348
1.58,0.462,-0.68,0.467,-0.779,0.753,1.177
1.59,0.451,-0.67,0.481,-0.87,0.965,1.027
1.6,0.441,-0.657,0.494,-0.709,1.142,0.899
1.61,0.433,-0.643,0.505,-0.508,1.194,0.788
1.62,0.426,-0.628,0.514,-0.444,1.042,0.692
1.6300000000000001,0.421,-0.616,0.523,-0.388,0.909,0.786
1.6400000000000001,0.416,-0.605,0.533,-0.339,0.794,0.989
1.6500000000000001,0.412,-0.596,0.546,-0.296,0.694,1.166
1.6600000000000001,0.408,-0.587,0.562,-0.257,0.607,1.321
1.67,0.405,-0.58,0.579,-0.225,0.531,1.358
1.68,0.403,-0.574,0.595,-0.197,0.464,1.189
1.69,0.4,-0.568,0.609,-0.173,0.405,1.04
1.7,0.398,-0.563,0.622,-0.151,0.354,0.911
1.71,0.396,-0.559,0.632,-0.133,0.309,0.797
1.72,0.395,-0.555,0.642,-0.116,0.27,0.697
1.73,0.393,-0.552,0.65,-0.102,0.236,0.61
1.74,0.392,-0.549,0.658,-0.089,0.206,0.534
1.75,0.391,-0.547,0.664,-0.078,0.18,0.467
1.76,0.39,-0.545,0.67,-0.068,0.158,0.409
1.77,0.389,-0.543,0.674,-0.06,0.138,0.358
1.78,0.388,-0.541,0.679,-0.052,0.12,0.313
1.79,0.388,-0.54,0.683,-0.046,0.105,0.274
1.8,0.387,-0.538,0.686,-0.04,0.092,0.24
1.81,0.387,-0.537,0.689,-0.035,0.081,0.21
1.82,0.386,-0.536,0.691,-0.031,0.07,0.184
1.83,0.386,-0.535,0.693,-0.027,0.062,0.161
1.84,0.386,-0.535,0.695,-0.024,0.054,0.14
1.85,0.385,-0.534,0.697,-0.021,0.047,0.272
1.86,0.385,-0.533,0.702,-0.018,0.043,0.538
1.87,0.384,-0.532,0.708,-0.092,0.132,0.475
1.8800000000000001,0.383,-0.531,0.714,-0.08,0.116,0.416
1.8900000000000001,0.382,-0.529,0.72,-0.07,0.102,0.66
1.9000000000000001,0.381,-0.528,0.728,-0.061,0.149,0.591
1.9100000000000001,0.38,-0.526,0.735,-0.053,0.191,0.517
1.92,0.38,-0.524,0.741,-0.146,0.167,0.453
1.93,0.377,-0.522,0.747,-0.427,0.147,0.396
1.94,0.371,-0.52,0.752,-0.474,0.129,0.347
1.95,0.4,-0.475,0.752,3.646,5.027,0.035
1.96,0.442,-0.413,0.752,3.189,4.423,0.026
1.97,0.48,-0.36,0.751,2.792,3.885,0.014
1.98,0.513,-0.313,0.751,2.447,3.407,0.002
1.99,0.542,-0.272,0.751,2.145,2.984,-0.007
2.0,0.568,-0.237,0.75,1.881,2.611,-0.014
2.0100000000000002,0.59,-0.206,0.75,1.65,2.282,-0.017
2.02,0.61,-0.178,0.75,1.447,1.994,-0.019
2.0300000000000002,0.628,-0.155,0.75,1.269,1.742,-0.019
2.04,0.643,-0.134,0.75,1.113,1.522,-0.018
2.05,0.656,-0.116,0.75,0.976,1.329,-0.016
2.06,0.668,-0.1,0.75,0.855,1.161,-0.014
2.07,0.678,-0.086,0.749,0.75,1.014,-0.013
2.08,0.687,-0.074,0.749,0.657,0.886,-0.011
2.09,0.695,-0.063,0.749,0.576,0.774,-0.009
2.1,0.702,-0.054,0.749,0.505,0.676,-0.008
2.11,0.708,-0.046,0.749,0.443,0.591,-0.006
2.12,0.714,-0.039,0.749,0.388,0.516,-0.005
2.13,0.718,-0.033,0.749,0.34,0.451,-0.004
2.14,0.722,-0.028,0.749,0.298,0.395,-0.003
2.15,0.726,-0.023,0.749,0.261,0.345,-0.003
2.16,0.729,-0.019,0.749,0.228,0.302,-0.002
2.17,0.732,-0.015,0.749,0.2,0.264,-0.002
2.18,0.734,-0.012,0.749,0.175,0.231,-0.001
2.19,0.736,-0.009,0.749,0.154,0.202,-0.001
2.2,0.738,-0.007,0.749,0.134,0.176,-0.001
2.21,0.74,-0.005,0.749,0.118,0.154,-0.001
2.22,0.741,-0.003,0.749,0.103,0.135,-0.001
2.23,0.742,-0.001,0.749,0.09,0.118,-0.0
