0.01,-0.744,-0.007,0.748,0.297,-0.008,-0.002
0.02,-0.739,-0.007,0.748,0.56,-0.014,-0.002
0.03,-0.731,-0.008,0.747,0.79,-0.019,-0.002
0.04,-0.721,-0.008,0.747,0.992,-0.041,-0.0
0.05,-0.708,-0.008,0.747,1.073,-0.082,0.003
0.06,-0.694,-0.01,0.747,1.239,-0.181,0.007
0.07,-0.678,-0.012,0.747,1.384,-0.299,0.011
0.08,-0.66,-0.017,0.747,1.51,-0.469,0.016
0.09,-0.642,-0.022,0.747,1.425,-0.482,-0.003
0.1,-0.624,-0.029,0.746,1.546,-0.668,0.003
0.11,-0.604,-0.038,0.746,1.552,-0.781,-0.002
0.12,-0.585,-0.047,0.745,1.359,-0.683,-0.031
0.13,-0.569,-0.056,0.745,1.189,-0.597,-0.057
0.14,-0.555,-0.063,0.744,1.041,-0.522,-0.08
0.15,-0.542,-0.069,0.743,0.931,-0.457,-0.09
0.16,-0.531,-0.074,0.741,0.815,-0.4,-0.099
0.17,-0.521,-0.079,0.74,0.742,-0.389,-0.086
0.18,-0.512,-0.084,0.739,0.649,-0.34,-0.076
0.19,-0.505,-0.088,0.738,0.568,-0.298,-0.066
0.2,-0.498,-0.092,0.737,0.497,-0.261,-0.058
0.21,-0.492,-0.095,0.736,0.435,-0.228,-0.051
0.22,-0.487,-0.097,0.736,0.381,-0.2,-0.045
0.23,-0.482,-0.1,0.735,0.333,-0.175,-0.039
0.24,-0.478,-0.102,0.735,0.291,-0.153,-0.044
0.25,-0.474,-0.105,0.734,0.364,-0.429,-0.038
0.26,-0.469,-0.111,0.734,0.558,-0.674,-0.031
0.27,-0.461,-0.121,0.733,0.759,-0.889,-0.025
0.28,-0.451,-0.133,0.733,0.934,-1.076,-0.019
0.29,-0.438,-0.147,0.733,1.087,-1.24,-0.013
0.3,-0.424,-0.163,0.732,1.222,-1.383,-0.008
0.31,-0.408,-0.181,0.732,1.249,-1.41,-0.005
0.32,-0.393,-0.198,0.732,1.093,-1.236,-0.005
0.33,-0.38,-0.212,0.732,0.955,-1.083,-0.015
0.34,-0.369,-0.225,0.731,0.835,-0.949,-0.034
0.35000000000000003,-0.359,-0.237,0.731,0.73,-0.831,-0.04
0.36,-0.35,-0.247,0.729,0.639,-0.729,-0.301
0.37,-0.342,-0.255,0.724,0.561,-0.639,-0.563
0.38,-0.336,-0.263,0.716,0.493,-0.56,-0.791
0.39,-0.33,-0.27,0.705,0.403,-0.501,-0.892
0.4,-0.326,-0.276,0.694,0.15,-0.62,-0.792
0.41000000000000003,-0.325,-0.284,0.685,-0.169,-0.805,-0.694
0.42,-0.328,-0.295,0.677,-0.249,-0.806,-0.608
0.43,-0.331,-0.304,0.668,-0.217,-0.705,-0.827
0.44,-0.334,-0.313,0.657,-0.188,-0.617,-1.023
0.45,-0.336,-0.32,0.643,-0.162,-0.54,-1.194
0.46,-0.338,-0.327,0.628,-0.14,-0.472,-1.344
0.47000000000000003,-0.339,-0.332,0.61,-0.12,-0.414,-1.475
0.48,-0.341,-0.337,0.591,-0.102,-0.362,-1.589
0.49,-0.342,-0.341,0.571,-0.087,-0.318,-1.689
0.5,-0.343,-0.345,0.549,-0.074,-0.279,-1.777
0.51,-0.345,-0.348,0.528,-0.358,-0.367,-1.564
0.52,-0.351,-0.354,0.509,-0.619,-0.595,-1.372
0.53,-0.359,-0.362,0.493,-0.644,-0.622,-1.2
0.54,-0.367,-0.369,0.478,-0.564,-0.544,-1.059
0.55,-0.374,-0.375,0.465,-0.494,-0.476,-1.222
0.56,-0.379,-0.381,0.449,-0.431,-0.418,-1.368
0.5700000000000001,-0.385,-0.386,0.431,-0.359,-0.362,-1.375
0.58,-0.389,-0.39,0.415,-0.282,-0.309,-1.175
0.59,-0.392,-0.394,0.401,-0.237,-0.268,-1.043
0.6,-0.395,-0.397,0.388,-0.213,-0.236,-0.964
0.61,-0.397,-0.4,0.376,-0.205,-0.211,-0.911
0.62,-0.4,-0.402,0.365,-0.267,-0.291,-0.879
0.63,-0.404,-0.407,0.354,-0.434,-0.561,-0.977
0.64,-0.41,-0.414,0.341,-0.448,-0.596,-0.956
0.65,-0.416,-0.422,0.329,-0.631,-0.793,-1.071
0.66,-0.424,-0.432,0.316,-0.565,-0.701,-0.99
0.67,-0.43,-0.44,0.304,-0.5,-0.615,-0.908
0.68,-0.436,-0.447,0.292,-0.441,-0.54,-0.83
0.6900000000000001,-0.442,-0.454,0.282,-0.388,-0.474,-0.757
0.7000000000000001,-0.446,-0.459,0.273,-0.341,-0.415,-0.689
0.71,-0.451,-0.464,0.265,-0.299,-0.364,-0.625
0.72,-0.454,-0.469,0.257,-0.262,-0.319,-0.567
0.73,-0.457,-0.472,0.25,-0.229,-0.279,-0.513
0.74,-0.46,-0.476,0.244,-0.2,-0.245,-0.464
0.75,-0.462,-0.479,0.238,-0.174,-0.214,-0.419
0.76,-0.464,-0.481,0.233,-0.152,-0.187,-0.379
0.77,-0.466,-0.483,0.229,-0.132,-0.164,-0.342
0.78,-0.468,-0.485,0.225,-0.115,-0.144,-0.309
0.79,-0.469,-0.487,0.221,-0.1,-0.125,-0.279
0.8,-0.47,-0.488,0.218,-0.086,-0.11,-0.252
0.81,-0.471,-0.49,0.214,-0.075,-0.096,-0.228
0.8200000000000001,-0.472,-0.491,0.212,-0.064,-0.084,-0.206
0.8300000000000001,-0.473,-0.492,0.209,-0.055,-0.073,-0.187
0.84,-0.474,-0.493,0.207,-0.048,-0.064,-0.169
0.85,-0.474,-0.494,0.205,-0.041,-0.056,-0.154
0.86,-0.475,-0.494,0.203,-0.035,-0.048,-0.14
0.87,-0.475,-0.495,0.201,-0.03,-0.042,-0.127
0.88,-0.476,-0.495,0.2,-0.025,-0.037,-0.116
0.89,-0.476,-0.496,0.198,-0.021,-0.032,-0.106
0.9,-0.476,-0.496,0.197,0.147,-0.036,0.001
0.91,-0.473,-0.497,0.198,0.391,-0.045,0.147
0.92,-0.467,-0.497,0.2,0.608,-0.052,0.262
0.93,-0.459,-0.498,0.204,0.803,-0.057,0.345
0.9400000000000001,-0.448,-0.498,0.208,0.98,-0.06,0.399
0.9500000000000001,-0.435,-0.499,0.214,1.14,-0.061,0.426
0.96,-0.42,-0.5,0.219,1.286,-0.061,0.429
0.97,-0.403,-0.5,0.224,1.418,-0.06,0.412
0.98,-0.385,-0.501,0.229,1.538,-0.057,0.377
0.99,-0.365,-0.501,0.234,1.646,-0.055,0.33
1.0,-0.344,-0.501,0.237,1.744,-0.051,0.272
1.01,-0.322,-0.502,0.24,1.831,-0.048,0.207
1.02,-0.299,-0.502,0.243,1.909,-0.045,0.14
1.03,-0.274,-0.502,0.244,1.979,-0.042,0.071
1.04,-0.251,-0.502,0.244,1.756,-0.033,-0.038
1.05,-0.229,-0.502,0.243,1.548,-0.028,-0.125
1.06,-0.211,-0.503,0.241,1.363,-0.024,-0.189
1.07,-0.194,-0.503,0.239,1.199,-0.022,-0.236
1.08,-0.18,-0.503,0.236,1.057,-0.018,-0.26
1.09,-0.167,-0.503,0.232,1.028,-0.027,-0.276
1.1,-0.153,-0.504,0.229,1.204,-0.081,-0.283
1.11,-0.138,-0.505,0.225,1.362,-0.119,-0.288
1.12,-0.12,-0.506,0.222,1.4,-0.114,-0.286
1.1300000000000001,-0.103,-0.507,0.218,1.235,-0.098,-0.286
1.1400000000000001,-0.088,-0.508,0.214,1.089,-0.084,-0.28
1.1500000000000001,-0.075,-0.509,0.211,1.102,-0.1,-0.276
1.16,-0.061,-0.511,0.207,1.28,-0.167,-0.287
1.17,-0.044,-0.513,0.204,1.434,-0.198,-0.289
1.18,-0.026,-0.515,0.2,1.563,-0.169,-0.274
1.19,-0.006,-0.517,0.197,1.657,-0.142,-0.264
1.2,0.014,-0.519,0.194,1.489,-0.093,-0.128
1.21,0.032,-0.52,0.193,1.304,-0.083,0.186
1.22,0.048,-0.521,0.197,1.142,-0.074,0.463
1.23,0.062,-0.522,0.204,1.001,-0.066,0.705
1.24,0.073,-0.523,0.213,0.877,-0.058,0.917
1.25,0.084,-0.523,0.226,0.77,-0.051,1.102
1.26,0.093,-0.524,0.24,0.675,-0.045,1.265
1.27,0.101,-0.524,0.257,0.593,-0.039,1.407
1.28,0.108,-0.525,0.275,0.521,-0.034,1.531
1.29,0.114,-0.525,0.294,0.459,-0.03,1.64
1.3,0.12,-0.525,0.315,0.404,-0.026,1.736
1.31,0.124,-0.526,0.337,0.356,-0.022,1.82
1.32,0.128,-0.526,0.36,0.314,-0.019,1.893
1.33,0.132,-0.526,0.384,0.277,-0.016,1.958
1.34,0.135,-0.526,0.409,0.245,-0.013,2.014
1.35,0.138,-0.526,0.434,0.217,-0.01,2.064
1.36,0.14,-0.526,0.46,0.19,-0.009,2.006
1.37,0.142,-0.526,0.484,0.056,-0.012,1.755
1.3800000000000001,0.142,-0.526,0.505,-0.043,-0.013,1.534
1.3900000000000001,0.141,-0.527,0.523,-0.089,-0.013,1.342
1.4000000000000001,0.14,-0.527,0.539,-0.079,-0.013,1.174
1.41,0.139,-0.527,0.553,-0.07,-0.013,1.026
1.42,0.138,-0.527,0.566,-0.061,-0.012,0.898
1.43,0.137,-0.527,0.576,-0.104,0.079,0.785
1.44,0.136,-0.525,0.586,-0.093,0.367,0.685
1.45,0.135,-0.519,0.594,-0.08,0.62,0.599
1.46,0.134,-0.511,0.601,-0.069,0.842,0.523
1.47,0.133,-0.499,0.607,-0.059,0.936,0.458
1.48,0.132,-0.488,0.613,-0.052,0.819,0.402
1.49,0.132,-0.478,0.618,-0.046,0.717,0.352
1.5,0.131,-0.47,0.622,-0.04,0.627,0.308
1.51,0.13,-0.462,0.626,-0.036,0.549,0.27
1.52,0.13,-0.456,0.629,-0.031,0.48,0.237
1.53,0.13,-0.45,0.632,-0.027,0.42,0.207
1.54,0.129,-0.445,0.634,-0.024,0.368,0.182
1.55,0.129,-0.44,0.636,-0.021,0.322,0.159
1.56,0.129,-0.437,0.638,-0.019,0.281,0.139
1.57,0.128,-0.433,0.64,-0.016,0.246,0.122
1.58,0.128,-0.43,0.641,-0.014,0.215,0.107
1.59,0.128,-0.428,0.643,-0.013,0.189,0.093
1.6,0.128,-0.425,0.644,-0.011,0.165,0.082
1.61,0.128,-0.423,0.645,-0.01,0.144,0.072
1.62,0.128,-0.422,0.645,-0.008,0.126,0.063
1.6300000000000001,0.128,-0.42,0.646,-0.007,0.111,0.055
1.6400000000000001,0.127,-0.419,0.647,-0.006,0.097,0.048
1.6500000000000001,0.127,-0.418,0.647,-0.006,0.085,0.042
1.6600000000000001,0.127,-0.417,0.648,-0.005,0.074,0.037
1.67,0.127,-0.416,0.648,-0.004,0.065,0.032
1.68,0.127,-0.415,0.649,6.087,4.282,1.087
1.69,0.202,-0.36,0.66,5.588,4.005,0.991
1.7,0.269,-0.312,0.671,4.907,3.538,0.85
1.71,0.328,-0.27,0.681,4.307,3.098,0.722
1.72,0.38,-0.234,0.689,3.78,2.7,0.612
1.73,0.426,-0.202,0.697,3.319,2.347,0.519
1.74,0.466,-0.175,0.703,2.914,2.038,0.443
1.75,0.501,-0.151,0.709,2.558,1.771,0.38
1.76,0.532,-0.131,0.714,2.244,1.539,0.329
1.77,0.559,-0.113,0.718,1.969,1.338,0.286
1.78,0.583,-0.097,0.722,1.726,1.163,0.25
1.79,0.604,-0.084,0.725,1.513,1.012,0.219
1.8,0.622,-0.072,0.728,1.326,0.881,0.193
1.81,0.638,-0.062,0.731,1.162,0.768,0.17
1.82,0.652,-0.053,0.733,1.018,0.669,0.151
1.83,0.665,-0.045,0.735,0.892,0.583,0.133
1.84,0.675,-0.038,0.737,0.782,0.509,0.118
1.85,0.685,-0.032,0.738,0.685,0.444,0.104
1.86,0.693,-0.027,0.739,0.6,0.388,0.092
1.87,0.7,-0.022,0.741,0.526,0.338,0.081
1.8800000000000001,0.707,-0.018,0.742,0.46,0.296,0.072
1.8900000000000001,0.712,-0.014,0.743,0.403,0.258,0.063
1.9000000000000001,0.717,-0.011,0.743,0.353,0.226,0.056
1.9100000000000001,0.721,-0.009,0.744,0.309,0.197,0.049
1.92,0.725,-0.006,0.745,0.271,0.172,0.043
1.93,0.728,-0.004,0.745,0.237,0.151,0.038
1.94,0.731,-0.003,0.746,0.208,0.132,0.034
1.95,0.733,-0.001,0.746,0.182,0.115,0.03
1.96,0.736,0.0,0.746,0.159,0.101,0.026
1.97,0.738,0.002,0.747,0.14,0.088,0.023
1.98,0.739,0.003,0.747,0.122,0.077,0.02
1.99,0.741,0.004,0.747,0.107,0.067,0.018
2.0,0.742,0.004,0.747,0.094,0.059,0.015
2.0100000000000002,0.743,0.005,0.748,0.082,0.051,0.014
2.02,0.744,0.006,0.748,0.072,0.045,0.012
2.0300000000000002,0.745,0.006,0.748,0.063,0.039,0.01
