0.01,-0.744,-0.006,0.746,0.003,-0.003,-0.297
0.02,-0.744,-0.006,0.741,0.006,-0.003,-0.56
0.03,-0.744,-0.007,0.733,0.009,-0.003,-0.791
0.04,-0.744,-0.007,0.723,0.013,-0.003,-0.993
0.05,-0.744,-0.007,0.71,0.016,-0.003,-1.169
0.06,-0.744,-0.007,0.694,0.018,-0.004,-1.324
0.07,-0.744,-0.007,0.677,0.021,-0.004,-1.459
0.08,-0.744,-0.007,0.659,0.022,-0.004,-1.576
0.09,-0.744,-0.007,0.638,0.023,-0.005,-1.679
0.1,-0.744,-0.007,0.617,0.023,-0.005,-1.769
0.11,-0.744,-0.007,0.595,0.022,-0.005,-1.847
0.12,-0.744,-0.007,0.571,0.021,-0.005,-1.916
0.13,-0.744,-0.007,0.547,0.019,-0.005,-1.976
0.14,-0.744,-0.007,0.522,0.017,-0.005,-2.028
0.15,-0.744,-0.007,0.498,-0.064,-0.204,-1.779
0.16,-0.745,-0.011,0.476,-0.173,-0.479,-1.557
0.17,-0.747,-0.018,0.458,-0.185,-0.72,-1.362
0.18,-0.749,-0.028,0.442,-0.163,-0.93,-1.191
0.19,-0.751,-0.04,0.427,-0.144,-1.114,-1.041
0.2,-0.753,-0.055,0.415,-0.096,-1.275,-0.909
0.21,-0.754,-0.071,0.404,0.005,-1.416,-0.794
0.22,-0.753,-0.089,0.394,0.134,-1.539,-0.693
0.23,-0.75,-0.109,0.386,0.405,-1.647,-0.604
0.24,-0.744,-0.13,0.379,0.652,-1.741,-0.526
0.25,-0.735,-0.152,0.372,0.868,-1.824,-0.457
0.26,-0.723,-0.175,0.367,1.056,-1.897,-0.396
0.27,-0.709,-0.199,0.362,1.221,-1.942,-0.343
0.28,-0.693,-0.223,0.357,1.365,-1.951,-0.297
0.29,-0.675,-0.247,0.354,1.491,-1.949,-0.257
0.3,-0.656,-0.271,0.35,1.503,-1.867,-0.224
0.31,-0.637,-0.294,0.347,1.414,-1.715,-0.216
0.32,-0.618,-0.315,0.345,1.53,-1.719,-0.187
0.33,-0.6,-0.336,0.342,1.542,-1.539,-0.172
0.34,-0.58,-0.354,0.34,1.547,-1.349,-0.16
0.35000000000000003,-0.561,-0.37,0.338,1.355,-1.181,-0.171
0.36,-0.543,-0.384,0.336,1.474,-1.097,-0.032
0.37,-0.524,-0.397,0.336,1.581,-1.064,0.127
0.38,-0.504,-0.41,0.338,1.677,-1.025,0.231
0.39,-0.483,-0.423,0.341,1.757,-1.012,0.304
0.4,-0.461,-0.435,0.344,1.549,-0.881,0.211
0.41000000000000003,-0.443,-0.445,0.346,1.358,-0.771,0.128
0.42,-0.426,-0.454,0.347,1.185,-0.685,0.043
0.43,-0.412,-0.463,0.348,1.033,-0.611,-0.028
0.44,-0.4,-0.47,0.347,0.899,-0.548,-0.089
0.45,-0.389,-0.476,0.346,0.781,-0.494,-0.146
0.46,-0.38,-0.482,0.343,0.675,-0.449,-0.2
0.47000000000000003,-0.372,-0.488,0.341,0.58,-0.41,-0.254
0.48,-0.365,-0.493,0.337,0.493,-0.379,-0.309
0.49,-0.359,-0.497,0.333,0.423,-0.338,-0.319
0.5,-0.354,-0.501,0.329,0.362,-0.301,-0.328
0.51,-0.35,-0.505,0.325,0.308,-0.269,-0.334
0.52,-0.346,-0.508,0.321,0.261,-0.24,-0.339
0.53,-0.343,-0.511,0.317,0.22,-0.215,-0.343
0.54,-0.34,-0.514,0.312,0.185,-0.192,-0.345
0.55,-0.338,-0.516,0.308,0.154,-0.172,-0.347
0.56,-0.336,-0.518,0.304,0.127,-0.154,-0.348
0.5700000000000001,-0.335,-0.52,0.299,0.104,-0.138,-0.348
0.58,-0.334,-0.522,0.295,0.085,-0.123,-0.347
0.59,-0.333,-0.523,0.291,0.068,-0.11,-0.346
0.6,-0.332,-0.524,0.286,0.053,-0.098,-0.344
0.61,-0.331,-0.525,0.282,0.041,-0.088,-0.342
0.62,-0.331,-0.527,0.278,0.031,-0.078,-0.339
0.63,-0.33,-0.527,0.274,0.023,-0.069,-0.336
0.64,-0.33,-0.528,0.269,0.016,-0.061,-0.332
0.65,-0.33,-0.529,0.265,0.01,-0.054,-0.328
0.66,-0.33,-0.53,0.261,0.005,-0.047,-0.324
0.67,-0.33,-0.53,0.257,0.002,-0.041,-0.32
0.68,-0.33,-0.531,0.253,-0.001,-0.035,-0.315
0.6900000000000001,-0.33,-0.531,0.249,-0.003,-0.03,-0.31
0.7000000000000001,-0.33,-0.531,0.245,-0.005,-0.025,-0.305
0.71,-0.33,-0.532,0.242,-0.006,-0.021,-0.299
0.72,-0.33,-0.532,0.238,-0.006,-0.017,-0.294
0.73,-0.33,-0.532,0.234,-0.006,-0.013,-0.288
0.74,-0.33,-0.532,0.231,-0.006,-0.01,-0.282
0.75,-0.33,-0.532,0.227,-0.006,-0.007,-0.277
0.76,-0.33,-0.532,0.224,-0.005,-0.004,-0.271
0.77,-0.33,-0.533,0.22,-0.004,-0.002,-0.265
0.78,-0.331,-0.533,0.217,-0.003,0.0,-0.259
0.79,-0.331,-0.532,0.214,-0.002,0.002,-0.253
0.8,-0.331,-0.532,0.211,-0.001,0.004,-0.247
0.81,-0.331,-0.532,0.208,0.0,0.006,-0.241
0.8200000000000001,-0.331,-0.532,0.205,0.002,0.007,-0.236
0.8300000000000001,-0.331,-0.532,0.202,0.003,0.009,-0.23
0.84,-0.331,-0.532,0.199,0.004,0.01,-0.224
0.85,-0.33,-0.532,0.196,0.005,0.011,-0.218
0.86,-0.33,-0.532,0.193,0.007,0.012,-0.213
0.87,-0.33,-0.532,0.191,0.008,0.013,-0.207
0.88,-0.33,-0.531,0.188,0.009,0.014,-0.202
0.89,-0.33,-0.531,0.186,0.01,0.015,-0.197
0.9,-0.33,-0.531,0.183,0.011,0.015,-0.192
0.91,-0.33,-0.531,0.181,0.012,0.016,-0.186
0.92,-0.33,-0.531,0.179,0.013,0.016,-0.181
0.93,-0.329,-0.53,0.176,0.014,0.017,-0.177
0.9400000000000001,-0.329,-0.53,0.174,0.015,0.017,-0.172
0.9500000000000001,-0.329,-0.53,0.172,0.016,0.017,-0.167
0.96,-0.329,-0.53,0.17,0.016,0.018,-0.163
0.97,-0.329,-0.53,0.168,0.017,0.018,-0.158
0.98,-0.329,-0.529,0.166,0.018,0.018,-0.154
0.99,-0.328,-0.529,0.164,0.018,0.018,-0.149
1.0,-0.328,-0.529,0.162,0.019,0.018,-0.145
1.01,-0.328,-0.529,0.16,0.019,0.018,-0.141
1.02,-0.328,-0.528,0.159,0.02,0.018,-0.137
1.03,-0.327,-0.528,0.157,0.02,0.018,-0.133
1.04,-0.327,-0.528,0.155,0.02,0.018,-0.13
1.05,-0.327,-0.528,0.154,0.02,0.018,-0.126
1.06,-0.327,-0.528,0.152,0.021,0.018,-0.122
1.07,-0.326,-0.527,0.151,0.021,0.018,-0.119
1.08,-0.326,-0.527,0.149,0.021,0.018,-0.116
1.09,-0.326,-0.527,0.148,0.021,0.017,-0.112
1.1,-0.326,-0.527,0.146,0.021,0.017,-0.109
1.11,-0.325,-0.527,0.145,0.164,-0.01,-0.051
1.12,-0.322,-0.527,0.145,0.417,-0.054,0.045
1.1300000000000001,-0.316,-0.528,0.146,0.637,-0.068,0.138
1.1400000000000001,-0.307,-0.528,0.148,0.829,-0.044,0.229
1.1500000000000001,-0.296,-0.529,0.151,1.001,0.003,0.303
1.16,-0.283,-0.528,0.155,1.158,0.059,0.348
1.17,-0.267,-0.527,0.159,1.306,0.094,0.343
1.18,-0.251,-0.526,0.164,1.35,0.108,0.272
1.19,-0.234,-0.525,0.167,1.29,0.119,0.178
1.2,-0.217,-0.523,0.168,1.425,0.097,0.123
1.21,-0.199,-0.522,0.17,1.547,0.101,0.079
1.22,-0.179,-0.52,0.171,1.653,0.106,0.032
1.23,-0.158,-0.519,0.171,1.745,0.134,-0.005
1.24,-0.135,-0.516,0.171,1.824,0.199,-0.024
1.25,-0.112,-0.513,0.17,1.891,0.297,-0.03
1.26,-0.088,-0.509,0.17,1.948,0.456,-0.013
1.27,-0.064,-0.502,0.17,1.998,0.596,-0.016
1.28,-0.039,-0.494,0.169,2.039,0.692,-0.042
1.29,-0.013,-0.485,0.168,2.101,0.697,-0.092
1.3,0.013,-0.476,0.167,2.171,0.624,-0.157
1.31,0.041,-0.468,0.165,2.232,0.561,-0.207
1.32,0.069,-0.461,0.162,2.286,0.51,-0.244
1.33,0.098,-0.455,0.159,2.334,0.468,-0.273
1.34,0.127,-0.449,0.155,2.375,0.438,-0.297
1.35,0.157,-0.444,0.151,2.41,0.417,-0.318
1.36,0.187,-0.439,0.147,2.437,0.405,-0.339
1.37,0.217,-0.434,0.143,2.457,0.401,-0.36
1.3800000000000001,0.248,-0.429,0.138,2.469,0.404,-0.384
1.3900000000000001,0.279,-0.424,0.133,2.463,0.367,-0.342
1.4000000000000001,0.31,-0.42,0.129,2.456,0.329,-0.295
1.41,0.34,-0.417,0.125,2.448,0.295,-0.253
1.42,0.371,-0.414,0.122,2.441,0.266,-0.217
1.43,0.401,-0.411,0.119,2.435,0.241,-0.185
1.44,0.432,-0.409,0.117,2.428,0.249,-0.157
1.45,0.462,-0.406,0.115,2.419,0.373,-0.135
1.46,0.492,-0.401,0.113,2.41,0.601,-0.116
1.47,0.522,-0.393,0.111,2.216,0.721,-0.002
1.48,0.549,-0.385,0.112,1.943,0.622,0.297
1.49,0.572,-0.378,0.117,1.703,0.538,0.558
1.5,0.593,-0.372,0.125,1.492,0.466,0.786
1.51,0.611,-0.366,0.136,1.308,0.404,0.986
1.52,0.626,-0.362,0.149,1.146,0.351,1.161
1.53,0.64,-0.357,0.164,1.005,0.306,1.315
1.54,0.652,-0.354,0.181,0.881,0.267,1.449
1.55,0.662,-0.351,0.199,0.772,0.233,1.567
1.56,0.671,-0.348,0.219,0.677,0.204,1.671
1.57,0.679,-0.346,0.239,0.542,0.176,1.466
1.58,0.685,-0.343,0.257,0.187,0.249,1.279
1.59,0.686,-0.34,0.272,-0.136,0.396,1.118
1.6,0.683,-0.335,0.286,-0.219,0.388,1.087
1.61,0.68,-0.33,0.3,-0.191,0.34,1.251
1.62,0.678,-0.326,0.316,-0.166,0.298,1.295
1.6300000000000001,0.676,-0.322,0.332,-0.145,0.26,1.134
1.6400000000000001,0.674,-0.319,0.347,-0.126,0.229,1.288
1.6500000000000001,0.673,-0.316,0.363,-0.109,0.201,1.328
1.6600000000000001,0.671,-0.314,0.379,-0.095,0.175,1.162
1.67,0.67,-0.312,0.393,-0.083,0.152,1.017
1.68,0.669,-0.31,0.405,-0.073,0.133,0.89
1.69,0.668,-0.309,0.416,-0.063,0.116,0.779
1.7,0.667,-0.307,0.425,-0.055,0.101,0.682
1.71,0.667,-0.306,0.433,-0.048,0.088,0.596
1.72,0.666,-0.305,0.441,-0.042,0.077,0.522
1.73,0.666,-0.304,0.447,-0.037,0.067,0.457
1.74,0.665,-0.303,0.452,-0.032,0.059,0.399
1.75,0.665,-0.303,0.457,-0.028,0.051,0.35
1.76,0.664,-0.302,0.461,-0.025,0.045,0.306
1.77,0.664,-0.301,0.465,-0.022,0.039,0.268
1.78,0.664,-0.301,0.468,-0.019,0.034,0.234
1.79,0.664,-0.301,0.471,-0.017,0.03,0.205
1.8,0.663,-0.3,0.473,-0.014,0.026,0.179
1.81,0.663,-0.3,0.475,-0.013,0.023,0.157
1.82,0.663,-0.3,0.477,-0.031,0.02,0.137
1.83,0.661,-0.299,0.479,-0.324,0.019,0.12
1.84,0.657,-0.299,0.48,-0.288,0.016,0.105
1.85,0.654,-0.299,0.482,-0.252,0.014,0.092
1.86,0.651,-0.299,0.483,-0.22,0.012,0.08
1.87,0.648,-0.299,0.484,-0.193,0.011,0.07
1.8800000000000001,0.646,-0.299,0.485,-0.169,0.009,0.062
1.8900000000000001,0.644,-0.298,0.485,-0.147,0.008,0.054
1.9000000000000001,0.642,-0.298,0.486,-0.129,0.007,0.047
1.9100000000000001,0.641,-0.298,0.487,-0.113,0.006,0.041
1.92,0.639,-0.298,0.487,-0.099,0.005,0.036
1.93,0.638,-0.298,0.487,-0.086,0.005,0.032
1.94,0.637,-0.298,0.488,1.12,3.104,2.612
1.95,0.651,-0.26,0.52,1.022,2.85,2.394
1.96,0.663,-0.226,0.549,0.893,2.493,2.093
1.97,0.673,-0.196,0.574,0.781,2.179,1.83
1.98,0.683,-0.17,0.596,0.685,1.904,1.599
1.99,0.691,-0.148,0.615,0.601,1.664,1.397
2.0,0.698,-0.128,0.632,0.528,1.454,1.221
2.0100000000000002,0.705,-0.111,0.646,0.464,1.271,1.068
2.02,0.71,-0.095,0.659,0.408,1.111,0.934
2.0300000000000002,0.715,-0.082,0.67,0.359,0.971,0.817
2.04,0.72,-0.071,0.68,0.315,0.849,0.714
2.05,0.724,-0.061,0.689,0.277,0.742,0.625
2.06,0.727,-0.052,0.696,0.244,0.649,0.547
2.07,0.73,-0.044,0.703,0.214,0.567,0.478
2.08,0.733,-0.037,0.709,0.188,0.496,0.419
2.09,0.735,-0.031,0.714,0.165,0.434,0.366
2.1,0.737,-0.026,0.718,0.145,0.379,0.321
2.11,0.739,-0.022,0.722,0.127,0.332,0.281
2.12,0.74,-0.018,0.725,0.112,0.29,0.246
2.13,0.741,-0.014,0.728,0.098,0.254,0.215
2.14,0.743,-0.011,0.731,0.086,0.222,0.188
2.15,0.744,-0.009,0.733,0.076,0.194,0.165
2.16,0.745,-0.006,0.735,0.066,0.17,0.144
2.17,0.745,-0.004,0.737,0.058,0.149,0.126
2.18,0.746,-0.002,0.738,0.051,0.13,0.11
