0.01,-0.743,-0.007,0.748,0.297,-0.007,-0.002
0.02,-0.738,-0.007,0.747,0.56,-0.01,-0.002
0.03,-0.73,-0.007,0.747,0.789,-0.014,-0.001
0.04,-0.719,-0.007,0.747,0.99,-0.019,0.0
0.05,-0.706,-0.007,0.747,1.165,-0.024,0.002
0.06,-0.691,-0.007,0.747,1.318,-0.029,0.004
0.07,-0.674,-0.008,0.747,1.452,-0.092,0.01
0.08,-0.655,-0.009,0.746,1.47,-0.154,0.015
0.09,-0.637,-0.012,0.746,1.58,-0.283,0.02
0.1,-0.616,-0.016,0.746,1.681,-0.407,0.024
0.11,-0.595,-0.021,0.746,1.77,-0.535,0.029
0.12,-0.574,-0.027,0.746,1.555,-0.469,-0.004
0.13,-0.555,-0.033,0.745,1.362,-0.409,-0.033
0.14,-0.539,-0.038,0.745,1.193,-0.356,-0.058
0.15,-0.523,-0.043,0.744,1.339,-0.487,-0.047
0.16,-0.506,-0.049,0.743,1.471,-0.604,-0.036
0.17,-0.487,-0.057,0.742,1.586,-0.705,-0.026
0.18,-0.466,-0.066,0.741,1.687,-0.793,-0.018
0.19,-0.445,-0.076,0.741,1.775,-0.873,-0.012
0.2,-0.422,-0.088,0.74,1.852,-0.942,-0.007
0.21,-0.399,-0.1,0.74,1.919,-0.973,-0.003
0.22,-0.375,-0.111,0.739,1.779,-0.854,-0.021
0.23,-0.353,-0.121,0.739,1.558,-0.749,-0.048
0.24,-0.335,-0.13,0.738,1.364,-0.657,-0.072
0.25,-0.318,-0.138,0.737,1.194,-0.576,-0.093
0.26,-0.304,-0.145,0.735,1.045,-0.505,-0.111
0.27,-0.292,-0.151,0.734,0.944,-0.443,-0.097
0.28,-0.28,-0.156,0.733,0.827,-0.389,-0.114
0.29,-0.27,-0.161,0.731,0.724,-0.341,-0.12
0.3,-0.262,-0.165,0.73,0.743,-0.298,-0.105
0.31,-0.251,-0.169,0.728,0.949,-0.26,-0.091
0.32,-0.239,-0.172,0.727,1.129,-0.227,-0.079
0.33,-0.224,-0.174,0.726,1.286,-0.198,-0.068
0.34,-0.207,-0.177,0.725,1.424,-0.172,-0.058
0.35000000000000003,-0.189,-0.179,0.724,1.544,-0.159,-0.05
0.36,-0.169,-0.181,0.724,1.652,-0.353,-0.042
0.37,-0.148,-0.187,0.723,1.746,-0.483,-0.035
0.38,-0.126,-0.193,0.722,1.728,-0.472,-0.03
0.39,-0.105,-0.198,0.722,1.514,-0.416,-0.035
0.4,-0.087,-0.203,0.72,1.323,-0.367,-0.324
0.41000000000000003,-0.071,-0.208,0.715,1.158,-0.323,-0.581
0.42,-0.057,-0.212,0.706,1.014,-0.283,-0.807
0.43,-0.045,-0.215,0.695,0.889,-0.248,-1.004
0.44,-0.035,-0.218,0.682,0.78,-0.216,-1.178
0.45,-0.025,-0.221,0.667,0.686,-0.187,-1.329
0.46,-0.017,-0.223,0.649,0.603,-0.162,-1.461
0.47000000000000003,-0.01,-0.225,0.63,0.53,-0.139,-1.577
0.48,-0.004,-0.227,0.61,0.43,-0.188,-1.593
0.49,0.001,-0.23,0.591,0.287,-0.378,-1.449
0.5,0.004,-0.235,0.573,0.195,-0.525,-1.382
0.51,0.006,-0.242,0.556,0.133,-0.636,-1.38
0.52,0.007,-0.25,0.538,0.092,-0.714,-1.43
0.53,0.008,-0.26,0.52,0.066,-0.758,-1.522
0.54,0.008,-0.269,0.501,0.052,-0.768,-1.649
0.55,0.009,-0.278,0.479,0.048,-0.741,-1.801
0.56,0.009,-0.287,0.456,0.054,-0.674,-1.97
0.5700000000000001,0.01,-0.295,0.431,0.07,-0.563,-2.143
0.58,0.011,-0.302,0.403,0.094,-0.408,-2.308
0.59,0.012,-0.306,0.374,0.126,-0.211,-2.45
0.6,0.013,-0.307,0.343,0.16,0.02,-2.373
0.61,0.015,-0.306,0.314,0.185,0.216,-2.234
0.62,0.017,-0.302,0.286,0.215,0.42,-2.283
0.63,0.02,-0.296,0.257,0.242,0.613,-2.289
0.64,0.022,-0.289,0.229,0.209,0.536,-2.108
0.65,0.025,-0.282,0.204,0.197,0.315,-1.851
0.66,0.027,-0.28,0.182,0.218,-0.026,-1.625
0.67,0.03,-0.282,0.163,0.219,-0.324,-1.424
0.68,0.032,-0.287,0.146,0.212,-0.486,-1.245
0.6900000000000001,0.035,-0.293,0.131,0.185,-0.428,-1.087
0.7000000000000001,0.037,-0.298,0.118,0.162,-0.595,-0.95
0.71,0.039,-0.306,0.106,0.142,-0.592,-0.83
0.72,0.04,-0.314,0.097,0.124,-0.519,-0.726
0.73,0.042,-0.32,0.088,0.109,-0.455,-0.634
0.74,0.043,-0.325,0.08,0.095,-0.399,-0.554
0.75,0.044,-0.33,0.074,0.083,-0.35,-0.485
0.76,0.045,-0.334,0.068,0.073,-0.306,-0.424
0.77,0.046,-0.338,0.063,0.064,-0.269,-0.371
0.78,0.047,-0.341,0.058,0.076,-0.232,-0.291
0.79,0.049,-0.344,0.057,0.166,-0.22,-0.031
0.8,0.051,-0.347,0.057,0.164,-0.175,0.001
0.81,0.053,-0.349,0.057,0.171,-0.13,0.042
0.8200000000000001,0.055,-0.35,0.057,0.163,-0.118,0.063
0.8300000000000001,0.057,-0.352,0.058,0.158,-0.108,0.086
0.84,0.059,-0.353,0.059,0.151,-0.1,0.105
0.85,0.061,-0.354,0.061,0.143,-0.096,0.121
0.86,0.062,-0.355,0.062,0.137,-0.091,0.111
0.87,0.064,-0.357,0.064,0.13,-0.087,0.122
0.88,0.066,-0.358,0.065,0.122,-0.084,0.133
0.89,0.067,-0.359,0.067,0.114,-0.082,0.142
0.9,0.068,-0.36,0.069,0.106,-0.074,0.153
0.91,0.07,-0.361,0.071,0.095,-0.073,0.157
0.92,0.071,-0.362,0.073,0.081,-0.075,0.158
0.93,0.072,-0.363,0.075,0.065,-0.081,0.155
0.9400000000000001,0.073,-0.364,0.077,0.141,-0.118,0.22
0.9500000000000001,0.074,-0.366,0.079,0.119,-0.383,0.166
0.96,0.076,-0.372,0.081,0.082,-0.644,0.116
0.97,0.076,-0.381,0.082,0.05,-0.876,0.065
0.98,0.077,-0.393,0.083,0.012,-1.077,-0.017
0.99,0.077,-0.407,0.082,-0.01,-1.252,-0.057
1.0,0.076,-0.423,0.081,-0.023,-1.306,-0.076
1.01,0.076,-0.439,0.08,-0.007,-1.177,-0.058
1.02,0.076,-0.453,0.08,0.076,-1.076,-0.032
1.03,0.077,-0.467,0.079,0.301,-0.996,-0.04
1.04,0.081,-0.479,0.079,0.268,-0.883,-0.02
1.05,0.084,-0.489,0.079,0.233,-0.781,-0.001
1.06,0.087,-0.499,0.079,0.371,-0.891,-0.02
1.07,0.092,-0.511,0.078,0.593,-1.05,-0.045
1.08,0.101,-0.525,0.078,0.799,-1.154,-0.065
1.09,0.111,-0.54,0.077,0.985,-1.213,-0.082
1.1,0.124,-0.555,0.076,1.149,-1.213,-0.095
1.11,0.139,-0.571,0.074,1.299,-1.236,-0.114
1.12,0.155,-0.586,0.073,1.428,-1.19,-0.128
1.1300000000000001,0.173,-0.602,0.071,1.448,-1.128,-0.132
1.1400000000000001,0.19,-0.615,0.07,1.267,-0.88,-0.108
1.1500000000000001,0.205,-0.626,0.069,1.107,-0.775,0.201
1.16,0.219,-0.635,0.073,0.968,-0.683,0.475
1.17,0.23,-0.643,0.08,0.847,-0.601,0.715
1.18,0.24,-0.651,0.09,0.741,-0.528,0.925
1.19,0.249,-0.657,0.102,0.648,-0.464,1.108
1.2,0.257,-0.662,0.117,0.568,-0.407,1.269
1.21,0.263,-0.667,0.133,0.498,-0.356,1.409
1.22,0.269,-0.672,0.151,0.437,-0.312,1.533
1.23,0.274,-0.675,0.171,0.383,-0.273,1.641
1.24,0.279,-0.678,0.192,0.337,-0.239,1.735
1.25,0.283,-0.681,0.214,0.296,-0.21,1.818
1.26,0.286,-0.684,0.237,0.261,-0.184,1.891
1.27,0.289,-0.686,0.261,0.23,-0.161,1.954
1.28,0.292,-0.688,0.286,0.204,-0.141,2.01
1.29,0.294,-0.689,0.311,0.18,-0.124,2.059
1.3,0.296,-0.691,0.337,0.16,-0.109,2.102
1.31,0.298,-0.692,0.363,0.142,-0.096,2.14
1.32,0.299,-0.693,0.39,0.126,-0.084,2.173
1.33,0.301,-0.694,0.418,0.112,-0.073,2.202
1.34,0.302,-0.695,0.445,0.1,-0.064,2.227
1.35,0.303,-0.695,0.473,0.09,-0.056,2.249
1.36,0.304,-0.696,0.501,0.081,-0.048,2.268
1.37,0.304,-0.697,0.53,0.072,-0.041,2.285
1.3800000000000001,0.305,-0.697,0.558,0.062,-0.038,2.071
1.3900000000000001,0.306,-0.697,0.582,0.043,-0.035,1.812
1.4000000000000001,0.305,-0.698,0.604,-0.258,-0.035,1.585
1.41,0.3,-0.698,0.623,-0.526,-0.034,1.387
1.42,0.293,-0.699,0.639,-0.76,0.019,1.214
1.43,0.282,-0.698,0.654,-0.963,0.208,1.06
1.44,0.27,-0.694,0.667,-0.982,0.486,0.925
1.45,0.258,-0.687,0.678,-0.917,0.728,0.806
1.46,0.247,-0.677,0.687,-0.565,0.844,0.706
1.47,0.242,-0.667,0.696,-0.197,0.716,0.621
1.48,0.241,-0.659,0.703,0.125,0.574,0.545
1.49,0.244,-0.652,0.71,0.298,0.432,0.378
1.5,0.247,-0.647,0.713,0.262,0.378,0.031
1.51,0.25,-0.643,0.712,0.13,0.361,-0.173
1.52,0.25,-0.638,0.71,-0.185,0.438,-0.153
1.53,0.247,-0.632,0.708,-0.46,0.607,-0.136
1.54,0.241,-0.624,0.707,-0.406,0.631,-0.119
1.55,0.237,-0.616,0.705,-0.138,0.549,-0.103
1.56,0.236,-0.61,0.704,-0.021,0.479,-0.089
1.57,0.236,-0.604,0.703,-0.018,0.419,-0.088
1.58,0.236,-0.599,0.701,-0.016,0.367,-0.256
1.59,0.235,-0.595,0.697,-0.013,0.323,-0.524
1.6,0.236,-0.591,0.69,0.189,0.361,-0.558
1.61,0.239,-0.586,0.683,0.466,0.484,-0.487
1.62,0.245,-0.579,0.677,0.47,0.522,-0.426
1.6300000000000001,0.251,-0.573,0.672,0.412,0.457,-0.582
1.6400000000000001,0.256,-0.567,0.663,0.362,0.401,-0.808
1.6500000000000001,0.26,-0.562,0.652,0.319,0.352,-1.007
1.6600000000000001,0.264,-0.558,0.64,0.279,0.307,-0.886
1.67,0.267,-0.554,0.63,0.244,0.268,-0.775
1.68,0.27,-0.551,0.62,0.213,0.234,-0.679
1.69,0.272,-0.548,0.612,0.186,0.205,-0.594
1.7,0.275,-0.546,0.605,0.163,0.179,-0.52
1.71,0.277,-0.544,0.599,0.143,0.156,-0.455
1.72,0.278,-0.542,0.594,0.125,0.137,-0.398
1.73,0.28,-0.54,0.589,0.109,0.12,-0.348
1.74,0.318,-0.493,0.6,4.481,5.216,1.582
1.75,0.371,-0.429,0.618,3.924,4.605,1.393
1.76,0.417,-0.373,0.635,3.436,4.055,1.216
1.77,0.458,-0.324,0.649,3.01,3.559,1.055
1.78,0.494,-0.282,0.662,2.637,3.116,0.913
1.79,0.525,-0.245,0.673,2.311,2.724,0.79
1.8,0.553,-0.212,0.682,2.027,2.378,0.684
1.81,0.577,-0.184,0.691,1.777,2.075,0.593
1.82,0.599,-0.16,0.698,1.559,1.811,0.516
1.83,0.618,-0.138,0.704,1.367,1.58,0.45
1.84,0.634,-0.12,0.71,1.199,1.379,0.392
1.85,0.649,-0.103,0.715,1.052,1.203,0.343
1.86,0.661,-0.089,0.719,0.922,1.05,0.3
1.87,0.672,-0.077,0.723,0.809,0.917,0.263
1.8800000000000001,0.682,-0.066,0.726,0.709,0.8,0.231
1.8900000000000001,0.691,-0.056,0.729,0.622,0.699,0.203
1.9000000000000001,0.698,-0.048,0.731,0.545,0.611,0.178
1.9100000000000001,0.705,-0.041,0.734,0.478,0.533,0.156
1.92,0.711,-0.034,0.735,0.418,0.466,0.137
1.93,0.716,-0.029,0.737,0.367,0.407,0.12
1.94,0.72,-0.024,0.739,0.321,0.356,0.106
1.95,0.724,-0.02,0.74,0.282,0.311,0.093
1.96,0.727,-0.016,0.741,0.247,0.272,0.081
1.97,0.73,-0.013,0.742,0.216,0.238,0.071
1.98,0.733,-0.01,0.743,0.189,0.208,0.063
