0.01,-0.744,-0.007,0.748,0.297,-0.008,-0.002
0.02,-0.739,-0.007,0.747,0.56,-0.013,-0.002
0.03,-0.731,-0.007,0.747,0.79,-0.018,-0.002
0.04,-0.72,-0.008,0.747,0.992,-0.023,-0.001
0.05,-0.707,-0.008,0.747,1.168,-0.053,0.002
0.06,-0.692,-0.009,0.747,1.322,-0.168,0.009
0.07,-0.675,-0.012,0.747,1.456,-0.297,0.013
0.08,-0.656,-0.016,0.747,1.573,-0.488,0.018
0.09,-0.636,-0.023,0.746,1.675,-0.722,0.024
0.1,-0.614,-0.033,0.746,1.665,-0.828,0.026
0.11,-0.594,-0.042,0.746,1.457,-0.724,0.023
0.12,-0.577,-0.051,0.746,1.275,-0.633,0.02
0.13,-0.562,-0.059,0.746,1.116,-0.553,0.018
0.14,-0.548,-0.065,0.746,0.977,-0.484,0.016
0.15,-0.536,-0.071,0.746,1.054,-0.455,0.015
0.16,-0.523,-0.076,0.747,1.073,-0.4,0.014
0.17,-0.509,-0.081,0.747,1.098,-0.352,0.013
0.18,-0.495,-0.085,0.747,1.14,-0.31,0.012
0.19,-0.481,-0.089,0.747,1.177,-0.274,0.012
0.2,-0.466,-0.092,0.747,1.081,-0.23,0.011
0.21,-0.454,-0.095,0.747,0.947,-0.392,0.012
0.22,-0.442,-0.101,0.747,0.83,-0.641,0.012
0.23,-0.432,-0.11,0.747,0.727,-0.86,0.011
0.24,-0.423,-0.122,0.747,0.728,-1.052,0.012
0.25,-0.414,-0.136,0.747,0.838,-1.219,0.012
0.26,-0.403,-0.152,0.747,0.954,-1.365,0.014
0.27,-0.39,-0.169,0.747,1.096,-1.492,0.015
0.28,-0.376,-0.188,0.747,1.259,-1.573,0.016
0.29,-0.36,-0.208,0.747,1.401,-1.565,0.017
0.3,-0.341,-0.227,0.747,1.524,-1.468,0.017
0.31,-0.323,-0.245,0.747,1.337,-1.288,0.004
0.32,-0.307,-0.26,0.745,1.169,-1.131,-0.291
0.33,-0.293,-0.274,0.741,1.024,-0.993,-0.553
0.34,-0.281,-0.286,0.733,0.897,-0.871,-0.783
0.35000000000000003,-0.27,-0.296,0.722,0.788,-0.764,-0.984
0.36,-0.261,-0.305,0.709,0.692,-0.669,-1.16
0.37,-0.253,-0.313,0.695,0.584,-0.636,-1.02
0.38,-0.246,-0.321,0.682,0.392,-0.607,-0.994
0.39,-0.241,-0.329,0.67,0.338,-0.532,-0.87
0.4,-0.237,-0.335,0.659,0.297,-0.466,-0.97
0.41000000000000003,-0.234,-0.341,0.646,0.26,-0.488,-0.949
0.42,-0.231,-0.346,0.634,0.227,-0.43,-0.926
0.43,-0.228,-0.351,0.623,0.198,-0.376,-0.81
0.44,-0.226,-0.356,0.613,0.163,-0.397,-0.71
0.45,-0.224,-0.362,0.605,0.132,-0.586,-0.621
0.46,-0.222,-0.37,0.597,0.106,-0.614,-0.544
0.47000000000000003,-0.221,-0.377,0.591,0.092,-0.537,-0.476
0.48,-0.22,-0.384,0.585,0.08,-0.47,-0.416
0.49,-0.219,-0.389,0.58,0.069,-0.411,-0.364
0.5,-0.218,-0.394,0.576,0.06,-0.36,-0.318
0.51,-0.218,-0.398,0.572,0.053,-0.315,-0.278
0.52,-0.217,-0.402,0.569,0.046,-0.275,-0.244
0.53,-0.216,-0.405,0.566,0.04,-0.241,-0.213
0.54,-0.216,-0.408,0.563,0.035,-0.211,-0.186
0.55,-0.216,-0.411,0.561,0.03,-0.185,-0.163
0.56,-0.215,-0.413,0.559,0.027,-0.161,-0.143
0.5700000000000001,-0.215,-0.415,0.557,0.023,-0.141,-0.125
0.58,-0.215,-0.417,0.556,0.02,-0.124,-0.109
0.59,-0.214,-0.418,0.555,0.018,-0.108,-0.096
0.6,-0.214,-0.419,0.553,0.015,-0.095,-0.084
0.61,-0.214,-0.421,0.552,0.014,-0.083,-0.073
0.62,-0.214,-0.422,0.552,0.012,-0.072,-0.064
0.63,-0.214,-0.422,0.551,0.01,-0.063,-0.056
0.64,-0.214,-0.423,0.55,0.009,-0.055,-0.049
0.65,-0.213,-0.424,0.55,0.008,-0.049,-0.043
0.66,-0.213,-0.424,0.549,0.007,-0.042,-0.037
0.67,-0.213,-0.425,0.549,0.006,-0.037,-0.033
0.68,-0.213,-0.425,0.548,0.005,-0.033,-0.029
0.6900000000000001,-0.213,-0.426,0.548,0.015,-0.028,-0.025
0.7000000000000001,-0.212,-0.426,0.548,0.242,-0.025,-0.022
0.71,-0.208,-0.426,0.547,0.511,0.038,-0.018
0.72,-0.201,-0.425,0.547,0.746,0.152,-0.015
0.73,-0.19,-0.422,0.547,0.943,0.419,-0.013
0.74,-0.178,-0.416,0.547,1.026,0.664,-0.011
0.75,-0.166,-0.407,0.546,0.941,0.879,-0.01
0.76,-0.155,-0.395,0.546,0.768,1.068,-0.009
0.77,-0.146,-0.381,0.546,0.577,1.035,-0.008
0.78,-0.14,-0.368,0.546,0.504,0.906,0.004
0.79,-0.134,-0.358,0.547,0.441,0.792,0.298
0.8,-0.128,-0.348,0.552,0.387,0.693,0.561
0.81,-0.124,-0.34,0.56,0.34,0.607,0.792
0.8200000000000001,-0.12,-0.332,0.57,0.299,0.532,0.865
0.8300000000000001,-0.116,-0.325,0.581,0.262,0.759,0.756
0.84,-0.113,-0.316,0.59,0.228,0.668,0.662
0.85,-0.11,-0.308,0.598,0.201,0.586,0.78
0.86,-0.108,-0.3,0.609,0.177,0.514,0.884
0.87,-0.106,-0.294,0.619,0.154,0.449,0.774
0.88,-0.104,-0.289,0.629,0.134,0.392,0.678
0.89,-0.103,-0.284,0.637,0.117,0.343,0.593
0.9,-0.101,-0.28,0.644,0.102,0.3,0.519
0.91,-0.1,-0.276,0.65,0.088,0.262,0.454
0.92,-0.099,-0.273,0.655,0.077,0.229,0.398
0.93,-0.098,-0.271,0.66,0.067,0.2,0.348
0.9400000000000001,-0.097,-0.268,0.664,0.059,0.175,0.305
0.9500000000000001,-0.097,-0.266,0.668,0.051,0.153,0.267
0.96,-0.096,-0.264,0.671,0.045,0.134,0.233
0.97,-0.095,-0.263,0.674,0.039,0.117,0.204
0.98,-0.095,-0.261,0.676,0.034,0.102,0.179
0.99,-0.095,-0.26,0.678,0.03,0.09,0.156
1.0,-0.094,-0.259,0.68,0.026,0.078,0.137
1.01,-0.094,-0.258,0.682,0.023,0.069,0.12
1.02,-0.094,-0.257,0.683,0.02,0.06,0.105
1.03,-0.093,-0.256,0.685,0.017,0.052,0.092
1.04,-0.093,-0.256,0.686,0.015,0.046,0.08
1.05,-0.093,-0.255,0.687,0.013,0.04,0.07
1.06,-0.093,-0.255,0.688,0.012,0.035,0.061
1.07,-0.093,-0.254,0.688,0.01,0.031,0.054
1.08,-0.093,-0.254,0.689,-0.021,-0.163,0.047
1.09,-0.093,-0.258,0.689,-0.077,-0.443,0.041
1.1,-0.094,-0.264,0.69,-0.156,-0.689,0.035
1.11,-0.096,-0.272,0.69,-0.139,-0.607,0.031
1.12,-0.098,-0.28,0.691,-0.122,-0.531,0.027
1.1300000000000001,-0.099,-0.286,0.691,-0.107,-0.464,0.024
1.1400000000000001,-0.101,-0.292,0.691,-0.094,-0.406,0.021
1.1500000000000001,-0.102,-0.296,0.692,-0.082,-0.355,0.019
1.16,-0.103,-0.301,0.692,-0.072,-0.311,0.017
1.17,-0.034,-0.274,0.694,7.945,3.134,0.594
1.18,0.062,-0.235,0.698,7.008,2.867,0.527
1.19,0.147,-0.201,0.703,6.145,2.545,0.454
1.2,0.221,-0.173,0.708,5.356,2.203,0.408
1.21,0.287,-0.148,0.713,4.657,1.886,0.391
1.22,0.343,-0.127,0.718,4.043,1.613,0.391
1.23,0.393,-0.109,0.722,3.503,1.382,0.399
1.24,0.436,-0.094,0.727,3.035,1.186,0.394
1.25,0.474,-0.08,0.731,2.726,1.031,0.223
1.26,0.508,-0.068,0.733,2.661,0.903,-0.193
1.27,0.539,-0.058,0.734,2.339,0.761,-0.141
1.28,0.566,-0.049,0.735,2.005,0.65,-0.044
1.29,0.589,-0.041,0.736,1.73,0.559,0.008
1.3,0.61,-0.034,0.737,1.5,0.484,0.034
1.31,0.628,-0.029,0.738,1.304,0.419,0.048
1.32,0.643,-0.024,0.739,1.137,0.364,0.054
1.33,0.657,-0.019,0.74,0.992,0.317,0.055
1.34,0.668,-0.016,0.741,0.866,0.275,0.055
1.35,0.679,-0.012,0.742,0.757,0.24,0.052
1.36,0.688,-0.01,0.743,0.661,0.209,0.049
1.37,0.696,-0.007,0.743,0.578,0.182,0.045
1.3800000000000001,0.703,-0.005,0.744,0.506,0.159,0.042
1.3900000000000001,0.709,-0.003,0.745,0.442,0.139,0.038
1.4000000000000001,0.714,-0.001,0.745,0.387,0.121,0.034
1.41,0.719,-0.0,0.746,0.339,0.106,0.031
1.42,0.723,0.001,0.746,0.296,0.092,0.028
1.43,0.726,0.002,0.746,0.259,0.081,0.025
1.44,0.729,0.003,0.747,0.227,0.07,0.022
1.45,0.732,0.004,0.747,0.199,0.061,0.02
1.46,0.734,0.005,0.747,0.174,0.054,0.018
1.47,0.736,0.006,0.747,0.152,0.047,0.016
1.48,0.738,0.006,0.748,0.133,0.041,0.014
