0.01,-0.741,-0.005,0.749,0.299,-0.004,-0.0
0.02,-0.736,-0.005,0.749,0.562,-0.006,0.0
0.03,-0.728,-0.005,0.749,0.792,-0.008,0.002
0.04,-0.718,-0.005,0.749,0.993,-0.011,0.003
0.05,-0.705,-0.005,0.749,1.169,-0.014,0.005
0.06,-0.689,-0.005,0.748,1.323,-0.018,0.008
0.07,-0.672,-0.005,0.748,1.456,-0.024,0.01
0.08,-0.654,-0.005,0.748,1.57,-0.037,0.01
0.09,-0.634,-0.006,0.748,1.67,-0.049,0.01
0.1,-0.612,-0.006,0.748,1.757,-0.059,0.01
0.11,-0.59,-0.007,0.747,1.834,-0.083,0.012
0.12,-0.567,-0.008,0.747,1.905,-0.172,0.021
0.13,-0.543,-0.011,0.747,1.968,-0.249,0.029
0.14,-0.518,-0.014,0.747,2.022,-0.348,0.033
0.15,-0.492,-0.019,0.747,2.068,-0.47,0.035
0.16,-0.466,-0.025,0.747,2.109,-0.606,0.037
0.17,-0.439,-0.033,0.746,2.145,-0.732,0.038
0.18,-0.412,-0.043,0.746,2.178,-0.842,0.039
0.19,-0.385,-0.054,0.746,2.205,-0.939,0.039
0.2,-0.357,-0.066,0.746,2.229,-1.028,0.038
0.21,-0.329,-0.079,0.746,2.25,-1.105,0.037
0.22,-0.301,-0.093,0.746,2.268,-1.173,0.036
0.23,-0.272,-0.108,0.746,2.285,-1.203,0.035
0.24,-0.243,-0.122,0.746,2.299,-1.102,0.033
0.25,-0.215,-0.136,0.746,2.084,-0.967,0.03
0.26,-0.19,-0.147,0.746,1.826,-0.85,0.027
0.27,-0.168,-0.158,0.747,1.599,-0.747,0.025
0.28,-0.149,-0.167,0.747,1.399,-0.656,0.022
0.29,-0.132,-0.175,0.747,1.225,-0.576,0.02
0.3,-0.118,-0.181,0.747,1.072,-0.506,0.018
0.31,-0.105,-0.188,0.747,0.937,-0.444,0.016
0.32,-0.094,-0.193,0.747,0.82,-0.39,0.015
0.33,-0.084,-0.198,0.748,0.718,-0.342,0.013
0.34,-0.075,-0.202,0.748,0.628,-0.3,0.012
0.35000000000000003,-0.068,-0.205,0.748,0.549,-0.263,0.01
0.36,-0.061,-0.208,0.748,0.48,-0.231,0.009
0.37,-0.055,-0.211,0.748,0.42,-0.202,0.008
0.38,-0.05,-0.214,0.748,0.368,-0.177,0.007
0.39,-0.046,-0.216,0.748,0.322,-0.155,0.006
0.4,-0.042,-0.218,0.748,0.281,-0.136,0.006
0.41000000000000003,-0.039,-0.219,0.748,0.246,-0.119,0.005
0.42,-0.036,-0.221,0.748,0.215,-0.104,0.004
0.43,-0.033,-0.222,0.749,0.188,-0.091,0.004
0.44,-0.031,-0.223,0.749,0.165,-0.08,0.003
0.45,-0.029,-0.224,0.749,0.144,-0.07,0.003
0.46,-0.027,-0.226,0.749,0.127,-0.29,0.002
0.47000000000000003,-0.026,-0.23,0.749,0.112,-0.553,0.001
0.48,-0.025,-0.238,0.749,0.1,-0.784,-0.0
0.49,-0.023,-0.249,0.749,0.09,-0.986,-0.002
0.5,-0.022,-0.262,0.749,0.081,-1.163,-0.003
0.51,-0.021,-0.277,0.749,0.164,-1.316,-0.005
0.52,-0.018,-0.294,0.749,0.397,-1.446,-0.006
0.53,-0.013,-0.313,0.748,0.643,-1.559,-0.007
0.54,-0.004,-0.333,0.748,0.869,-1.656,-0.009
0.55,0.008,-0.354,0.748,1.067,-1.74,-0.011
0.56,0.021,-0.376,0.748,1.161,-1.817,-0.014
0.5700000000000001,0.035,-0.4,0.748,1.082,-1.889,-0.018
0.58,0.048,-0.424,0.748,0.953,-1.955,-0.023
0.59,0.059,-0.449,0.748,0.84,-2.012,-0.028
0.6,0.069,-0.474,0.748,0.798,-1.961,-0.029
0.61,0.078,-0.498,0.748,0.695,-1.719,-0.043
0.62,0.086,-0.519,0.747,0.604,-1.506,-0.214
0.63,0.093,-0.537,0.744,0.526,-1.32,-0.483
0.64,0.099,-0.553,0.737,0.459,-1.156,-0.719
0.65,0.105,-0.566,0.727,0.4,-1.013,-0.926
0.66,0.109,-0.579,0.715,0.348,-0.887,-0.89
0.67,0.114,-0.589,0.704,0.303,-0.777,-0.906
0.68,0.117,-0.598,0.692,0.266,-0.68,-1.09
0.6900000000000001,0.12,-0.607,0.678,0.232,-0.596,-1.053
0.7000000000000001,0.123,-0.613,0.666,0.26,-0.247,-0.918
0.71,0.127,-0.614,0.655,0.436,0.083,-0.801
0.72,0.133,-0.612,0.645,0.551,0.172,-0.701
0.73,0.14,-0.61,0.637,0.453,0.15,-0.614
0.74,0.144,-0.608,0.629,0.199,0.268,-0.537
0.75,0.146,-0.604,0.622,0.175,0.235,-0.67
0.76,0.148,-0.601,0.613,0.155,0.206,-0.885
0.77,0.15,-0.599,0.602,0.136,0.18,-0.875
0.78,0.152,-0.597,0.591,0.119,0.157,-0.766
0.79,0.153,-0.595,0.582,0.104,0.137,-0.67
0.8,0.154,-0.593,0.574,0.091,0.12,-0.587
0.81,0.155,-0.592,0.567,0.079,0.105,-0.513
0.8200000000000001,0.156,-0.591,0.561,0.069,0.091,-0.449
0.8300000000000001,0.157,-0.589,0.556,0.06,0.08,-0.393
0.84,0.158,-0.588,0.551,0.053,0.07,-0.344
0.85,0.158,-0.588,0.547,0.046,0.061,-0.301
0.86,0.159,-0.587,0.543,0.04,0.053,-0.263
0.87,0.159,-0.586,0.54,0.035,0.047,-0.231
0.88,0.207,-0.535,0.555,5.647,5.6,1.967
0.89,0.273,-0.465,0.579,4.959,4.947,1.762
0.9,0.331,-0.404,0.6,4.354,4.367,1.551
0.91,0.382,-0.351,0.618,3.818,3.843,1.35
0.92,0.427,-0.305,0.635,3.347,3.37,1.167
0.93,0.467,-0.265,0.649,2.934,2.948,1.006
0.9400000000000001,0.502,-0.23,0.662,2.572,2.574,0.868
0.9500000000000001,0.533,-0.199,0.673,2.255,2.245,0.75
0.96,0.56,-0.173,0.682,1.977,1.958,0.651
0.97,0.583,-0.149,0.691,1.733,1.707,0.567
0.98,0.604,-0.129,0.698,1.519,1.488,0.496
0.99,0.622,-0.112,0.704,1.331,1.298,0.435
1.0,0.638,-0.096,0.71,1.166,1.132,0.382
1.01,0.652,-0.083,0.715,1.022,0.988,0.335
1.02,0.665,-0.071,0.719,0.895,0.862,0.295
1.03,0.675,-0.061,0.723,0.784,0.752,0.26
1.04,0.685,-0.052,0.726,0.687,0.657,0.229
1.05,0.693,-0.044,0.729,0.602,0.574,0.201
1.06,0.7,-0.037,0.731,0.527,0.501,0.177
1.07,0.706,-0.032,0.733,0.462,0.438,0.156
1.08,0.712,-0.026,0.735,0.404,0.383,0.137
1.09,0.717,-0.022,0.737,0.354,0.334,0.121
1.1,0.721,-0.018,0.738,0.31,0.292,0.106
1.11,0.725,-0.014,0.74,0.272,0.255,0.093
1.12,0.728,-0.011,0.741,0.238,0.223,0.082
1.1300000000000001,0.731,-0.009,0.742,0.208,0.195,0.072
1.1400000000000001,0.733,-0.006,0.743,0.182,0.171,0.063
1.1500000000000001,0.736,-0.004,0.744,0.16,0.149,0.055
1.16,0.738,-0.002,0.744,0.14,0.131,0.049
1.17,0.739,-0.001,0.745,0.122,0.114,0.043
1.18,0.741,0.0,0.745,0.107,0.1,0.038
1.19,0.742,0.002,0.746,0.094,0.087,0.033
