0.01,-0.743,-0.006,0.748,0.297,-0.007,-0.002
0.02,-0.738,-0.006,0.748,0.56,-0.057,-0.001
0.03,-0.73,-0.008,0.747,0.79,-0.278,0.003
0.04,-0.719,-0.012,0.747,0.991,-0.482,0.007
0.05,-0.706,-0.019,0.747,1.165,-0.662,0.011
0.06,-0.691,-0.028,0.747,1.318,-0.82,0.016
0.07,-0.673,-0.039,0.747,1.451,-0.958,0.02
0.08,-0.655,-0.051,0.747,1.567,-1.079,0.025
0.09,-0.635,-0.065,0.747,1.669,-1.185,0.029
0.1,-0.613,-0.08,0.747,1.758,-1.277,0.032
0.11,-0.591,-0.096,0.746,1.836,-1.358,0.035
0.12,-0.567,-0.113,0.746,1.905,-1.428,0.037
0.13,-0.543,-0.131,0.746,1.966,-1.489,0.038
0.14,-0.518,-0.15,0.746,2.019,-1.542,0.039
0.15,-0.492,-0.169,0.746,2.065,-1.588,0.039
0.16,-0.466,-0.189,0.746,2.107,-1.629,0.039
0.17,-0.439,-0.209,0.746,2.143,-1.664,0.039
0.18,-0.412,-0.23,0.746,2.176,-1.694,0.038
0.19,-0.385,-0.251,0.746,2.205,-1.721,0.037
0.2,-0.357,-0.273,0.746,2.231,-1.743,0.036
0.21,-0.329,-0.295,0.746,2.255,-1.763,0.035
0.22,-0.301,-0.317,0.746,2.276,-1.78,0.033
0.23,-0.272,-0.339,0.746,2.295,-1.765,0.03
0.24,-0.243,-0.361,0.746,2.309,-1.673,0.028
0.25,-0.214,-0.381,0.746,2.318,-1.464,0.025
0.26,-0.185,-0.399,0.746,2.326,-1.281,0.023
0.27,-0.156,-0.414,0.746,2.336,-1.198,0.02
0.28,-0.127,-0.429,0.747,2.346,-1.165,0.018
0.29,-0.098,-0.444,0.747,2.352,-1.058,0.016
0.3,-0.069,-0.457,0.747,2.158,-0.938,0.012
0.31,-0.043,-0.468,0.747,1.887,-0.826,-0.001
0.32,-0.02,-0.478,0.747,1.649,-0.727,-0.052
0.33,-0.001,-0.487,0.745,1.442,-0.642,-0.342
0.34,0.016,-0.495,0.739,1.262,-0.566,-0.598
0.35000000000000003,0.032,-0.501,0.731,1.104,-0.497,-0.623
0.36,0.045,-0.508,0.724,0.966,-0.531,-0.546
0.37,0.056,-0.514,0.717,0.844,-0.466,-0.478
0.38,0.066,-0.52,0.711,0.738,-0.409,-0.418
0.39,0.075,-0.525,0.706,0.645,-0.358,-0.366
0.4,0.083,-0.529,0.702,0.564,-0.314,-0.32
0.41000000000000003,0.09,-0.533,0.698,0.493,-0.275,-0.28
0.42,0.095,-0.536,0.695,0.431,-0.241,-0.245
0.43,0.101,-0.539,0.692,0.377,-0.211,-0.214
0.44,0.105,-0.542,0.689,0.33,-0.185,-0.187
0.45,0.109,-0.544,0.687,0.288,-0.162,-0.164
0.46,0.112,-0.546,0.685,0.252,-0.142,-0.143
0.47000000000000003,0.115,-0.548,0.683,0.221,-0.124,-0.125
0.48,0.118,-0.549,0.682,0.193,-0.109,-0.11
0.49,0.12,-0.55,0.681,0.169,-0.095,-0.096
0.5,0.122,-0.552,0.679,0.148,-0.083,-0.084
0.51,0.124,-0.553,0.678,0.129,-0.073,-0.073
0.52,0.126,-0.553,0.678,0.113,-0.064,-0.064
0.53,0.127,-0.554,0.677,0.099,-0.056,-0.056
0.54,0.128,-0.555,0.676,0.086,-0.049,-0.049
0.55,0.129,-0.555,0.676,0.076,-0.043,-0.043
0.56,0.13,-0.556,0.675,0.136,-0.037,-0.037
0.5700000000000001,0.133,-0.556,0.675,0.418,0.027,-0.033
0.58,0.139,-0.556,0.674,0.665,0.085,-0.028
0.59,0.149,-0.554,0.674,0.882,0.135,-0.024
0.6,0.16,-0.552,0.674,1.072,0.209,-0.021
0.61,0.175,-0.549,0.673,1.237,0.294,-0.018
0.62,0.191,-0.545,0.673,1.382,0.407,-0.015
0.63,0.208,-0.54,0.673,1.509,0.517,-0.012
0.64,0.228,-0.533,0.673,1.62,0.633,-0.01
0.65,0.248,-0.524,0.673,1.716,0.793,-0.007
0.66,0.27,-0.513,0.672,1.801,0.934,-0.005
0.67,0.293,-0.501,0.672,1.875,1.058,-0.004
0.68,0.317,-0.487,0.672,1.94,1.157,-0.003
0.6900000000000001,0.341,-0.473,0.672,1.997,1.195,-0.003
0.7000000000000001,0.366,-0.458,0.672,2.047,1.19,-0.005
0.71,0.392,-0.443,0.672,2.09,1.079,-0.008
0.72,0.418,-0.43,0.672,2.128,1.07,-0.011
0.73,0.445,-0.416,0.672,2.12,1.237,-0.011
0.74,0.471,-0.4,0.672,2.043,1.382,-0.01
0.75,0.496,-0.383,0.672,1.877,1.505,-0.008
0.76,0.519,-0.363,0.672,1.683,1.612,-0.006
0.77,0.539,-0.343,0.672,1.474,1.706,-0.004
0.78,0.557,-0.321,0.672,1.291,1.789,-0.002
0.79,0.573,-0.299,0.672,1.199,1.864,-0.002
0.8,0.587,-0.276,0.671,1.053,1.635,-0.132
0.81,0.6,-0.257,0.669,0.925,1.429,-0.414
0.8200000000000001,0.611,-0.239,0.662,0.812,1.25,-0.662
0.8300000000000001,0.62,-0.225,0.653,0.812,0.995,-0.781
0.84,0.631,-0.213,0.644,1.007,0.861,-0.688
0.85,0.644,-0.203,0.636,0.981,0.713,-0.613
0.86,0.656,-0.195,0.628,0.928,0.534,-0.537
0.87,0.668,-0.188,0.622,0.951,0.468,-0.472
0.88,0.68,-0.183,0.616,0.9,0.41,-0.612
0.89,0.691,-0.178,0.607,0.789,0.358,-0.834
0.9,0.7,-0.174,0.596,0.692,0.313,-1.029
0.91,0.708,-0.17,0.582,0.607,0.274,-1.199
0.92,0.716,-0.167,0.567,0.532,0.24,-1.348
0.93,0.722,-0.164,0.551,0.664,0.211,-1.187
0.9400000000000001,0.732,-0.161,0.536,0.877,0.188,-1.042
0.9500000000000001,0.743,-0.159,0.524,1.063,0.169,-0.916
0.96,0.756,-0.157,0.513,0.935,0.146,-0.8
0.97,0.767,-0.156,0.504,0.819,0.126,-0.699
0.98,0.777,-0.154,0.495,0.717,0.109,-0.61
0.99,0.786,-0.153,0.488,0.628,0.095,-0.533
1.0,0.793,-0.152,0.482,0.55,0.082,-0.465
1.01,0.8,-0.151,0.476,0.482,0.071,-0.407
1.02,0.806,-0.15,0.471,0.422,0.062,-0.355
1.03,0.811,-0.149,0.467,0.37,0.054,-0.31
1.04,0.815,-0.149,0.463,0.324,0.047,-0.271
1.05,0.819,-0.148,0.46,0.284,0.041,-0.237
1.06,0.823,-0.148,0.457,0.248,0.036,-0.097
1.07,0.826,-0.147,0.457,0.217,0.031,0.215
1.08,0.828,-0.147,0.461,0.19,0.028,0.489
1.09,0.83,-0.147,0.468,0.167,0.025,0.728
1.1,0.832,-0.146,0.478,0.146,0.023,0.937
1.11,0.834,-0.146,0.491,0.128,0.021,1.12
1.12,0.836,-0.146,0.504,0.013,0.048,0.984
1.1300000000000001,0.834,-0.145,0.516,-0.287,0.132,0.86
1.1400000000000001,0.83,-0.143,0.526,-0.452,0.166,0.751
1.1500000000000001,0.824,-0.141,0.535,-0.395,0.145,0.658
1.16,0.82,-0.139,0.543,-0.346,0.126,0.576
1.17,0.815,-0.139,0.55,-0.424,-0.126,0.503
1.18,0.809,-0.142,0.556,-0.493,-0.41,0.439
1.19,0.803,-0.148,0.561,-0.541,-0.558,0.383
1.2,0.796,-0.154,0.566,-0.473,-0.489,0.336
1.21,0.791,-0.16,0.57,-0.413,-0.429,0.295
1.22,0.786,-0.165,0.574,-0.361,-0.375,0.258
1.23,0.782,-0.17,0.577,-0.316,-0.329,0.226
1.24,0.778,-0.174,0.579,-0.276,-0.288,0.198
1.25,0.775,-0.177,0.582,-0.241,-0.252,0.173
1.26,0.772,-0.18,0.584,-0.211,-0.221,0.152
1.27,0.769,-0.183,0.586,-0.185,-0.193,0.133
1.28,0.767,-0.185,0.587,-0.162,-0.169,0.116
1.29,0.765,-0.187,0.589,-0.141,-0.148,0.102
1.3,0.763,-0.189,0.59,-0.124,-0.129,0.089
1.31,0.762,-0.191,0.591,-0.108,-0.113,0.078
1.32,0.761,-0.192,0.592,-0.095,-0.099,0.068
1.33,0.759,-0.193,0.593,-0.083,-0.087,0.06
1.34,0.758,-0.194,0.593,-0.072,-0.076,0.052
1.35,0.758,-0.195,0.594,-0.063,-0.066,0.046
1.36,0.757,-0.196,0.595,-0.055,-0.058,0.04
1.37,0.756,-0.179,0.608,-0.053,1.978,1.476
1.3800000000000001,0.755,-0.155,0.625,-0.046,1.731,1.292
1.3900000000000001,0.754,-0.135,0.641,-0.04,1.514,1.13
1.4000000000000001,0.754,-0.117,0.654,-0.035,1.325,0.989
1.41,0.753,-0.101,0.666,-0.03,1.159,0.865
1.42,0.753,-0.087,0.676,-0.025,1.014,0.757
1.43,0.753,-0.075,0.686,-0.022,0.887,0.662
1.44,0.752,-0.064,0.693,-0.019,0.776,0.579
1.45,0.752,-0.055,0.7,-0.016,0.679,0.507
1.46,0.752,-0.047,0.706,-0.013,0.594,0.443
1.47,0.752,-0.04,0.712,-0.011,0.52,0.388
1.48,0.752,-0.033,0.716,-0.01,0.455,0.339
1.49,0.752,-0.028,0.721,-0.008,0.398,0.297
1.5,0.752,-0.023,0.724,-0.007,0.348,0.26
1.51,0.751,-0.019,0.727,-0.006,0.304,0.227
1.52,0.751,-0.015,0.73,-0.005,0.266,0.199
1.53,0.751,-0.012,0.732,-0.004,0.233,0.174
1.54,0.751,-0.009,0.734,-0.004,0.204,0.152
1.55,0.751,-0.007,0.736,-0.003,0.178,0.133
1.56,0.751,-0.005,0.738,-0.003,0.156,0.117
1.57,0.751,-0.003,0.739,-0.002,0.137,0.102
1.58,0.751,-0.001,0.74,-0.002,0.119,0.089
1.59,0.751,-0.0,0.741,-0.002,0.104,0.078
1.6,0.751,0.001,0.742,-0.001,0.091,0.068
1.61,0.751,0.002,0.743,-0.001,0.08,0.06
1.62,0.751,0.003,0.744,-0.001,0.07,0.052
