0.01,-0.741,-0.002,0.75,-0.084,-0.296,-0.0
0.02,-0.743,-0.007,0.75,-0.132,-0.559,-0.0
0.03,-0.744,-0.015,0.75,-0.115,-0.79,0.0
0.04,-0.746,-0.025,0.75,-0.08,-0.71,0.001
0.05,-0.746,-0.034,0.75,0.063,-0.671,0.001
0.06,-0.745,-0.042,0.75,0.247,-0.715,0.002
0.07,-0.741,-0.051,0.75,0.405,-0.767,0.002
0.08,-0.735,-0.061,0.75,0.539,-0.818,0.003
0.09,-0.728,-0.072,0.75,0.682,-0.887,0.004
0.1,-0.718,-0.083,0.75,0.854,-0.979,0.005
0.11,-0.707,-0.096,0.75,1.007,-1.053,0.006
0.12,-0.694,-0.109,0.75,1.132,-1.106,0.008
0.13,-0.679,-0.123,0.75,1.23,-1.14,0.009
0.14,-0.663,-0.137,0.75,1.313,-1.157,0.01
0.15,-0.646,-0.151,0.749,1.383,-1.16,0.01
0.16,-0.629,-0.166,0.749,1.456,-1.147,0.011
0.17,-0.61,-0.18,0.749,1.538,-1.116,0.012
0.18,-0.59,-0.193,0.749,1.642,-1.063,0.013
0.19,-0.57,-0.206,0.749,1.525,-1.004,-0.186
0.2,-0.551,-0.218,0.745,1.32,-0.96,-0.46
0.21,-0.536,-0.23,0.738,1.148,-0.924,-0.701
0.22,-0.522,-0.241,0.728,1.002,-0.89,-0.911
0.23,-0.51,-0.252,0.716,0.878,-0.855,-1.096
0.24,-0.499,-0.262,0.701,0.772,-0.82,-1.257
0.25,-0.49,-0.272,0.685,0.681,-0.782,-1.398
0.26,-0.482,-0.282,0.667,0.603,-0.743,-1.522
0.27,-0.475,-0.291,0.647,0.535,-0.703,-1.63
0.28,-0.47,-0.299,0.628,0.284,-0.609,-1.433
0.29,-0.467,-0.306,0.61,0.223,-0.526,-1.255
0.3,-0.464,-0.312,0.595,0.176,-0.458,-1.098
0.31,-0.463,-0.318,0.582,-0.164,-0.388,-0.962
0.32,-0.467,-0.322,0.571,-0.356,-0.332,-0.843
0.33,-0.471,-0.326,0.56,-0.299,-0.311,-0.847
0.34,-0.474,-0.33,0.549,-0.228,-0.325,-1.04
0.35000000000000003,-0.477,-0.334,0.535,-0.182,-0.316,-1.11
0.36,-0.481,-0.338,0.522,-0.532,-0.26,-0.973
0.37,-0.489,-0.341,0.51,-0.844,-0.201,-0.852
0.38,-0.499,-0.343,0.5,-0.744,-0.161,-0.745
0.39,-0.508,-0.345,0.491,-0.971,-0.11,-0.661
0.4,-0.521,-0.346,0.483,-1.004,-0.062,-0.578
0.41000000000000003,-0.533,-0.346,0.476,-0.82,-0.057,-0.505
0.42,-0.542,-0.347,0.47,-0.402,-0.102,-0.441
0.43,-0.545,-0.348,0.465,0.057,-0.166,-0.385
0.44,-0.542,-0.351,0.46,0.527,-0.228,-0.337
0.45,-0.535,-0.354,0.456,0.67,-0.236,-0.294
0.46,-0.527,-0.357,0.453,0.566,-0.202,-0.258
0.47000000000000003,-0.52,-0.359,0.45,0.48,-0.176,-0.225
0.48,-0.514,-0.361,0.447,0.408,-0.156,-0.197
0.49,-0.51,-0.363,0.445,0.348,-0.14,-0.173
0.5,-0.505,-0.365,0.443,0.298,-0.128,-0.151
0.51,-0.502,-0.366,0.441,0.256,-0.117,-0.132
0.52,-0.499,-0.368,0.439,0.22,-0.109,-0.116
0.53,-0.496,-0.369,0.438,0.19,-0.102,-0.101
0.54,-0.494,-0.37,0.437,0.165,-0.096,-0.089
0.55,-0.492,-0.371,0.435,0.144,-0.091,-0.077
0.56,-0.49,-0.372,0.435,0.126,-0.087,-0.068
0.5700000000000001,-0.489,-0.374,0.434,0.111,-0.083,-0.059
0.58,-0.487,-0.375,0.433,0.097,-0.079,-0.042
0.59,-0.486,-0.375,0.434,0.067,-0.051,0.26
0.6,-0.486,-0.376,0.438,0.046,-0.031,0.487
0.61,-0.485,-0.376,0.444,-0.174,-0.029,0.449
0.62,-0.489,-0.377,0.45,-0.469,-0.025,0.394
0.63,-0.495,-0.377,0.454,-0.625,-0.022,0.345
0.64,-0.504,-0.377,0.458,-0.755,-0.012,0.302
0.65,-0.513,-0.377,0.462,-0.635,-0.011,0.264
0.66,-0.519,-0.377,0.465,-0.303,-0.034,0.23
0.67,-0.522,-0.378,0.468,-0.02,-0.061,0.201
0.68,-0.521,-0.379,0.47,0.133,-0.077,0.175
0.6900000000000001,-0.52,-0.38,0.472,0.117,-0.075,0.153
0.7000000000000001,-0.518,-0.381,0.474,0.103,-0.074,0.134
0.71,-0.517,-0.382,0.476,0.092,-0.072,0.117
0.72,-0.516,-0.382,0.477,0.082,-0.071,0.103
0.73,-0.515,-0.383,0.478,0.073,-0.07,0.09
0.74,-0.514,-0.384,0.48,0.066,-0.069,0.079
0.75,-0.513,-0.385,0.48,0.059,-0.068,0.069
0.76,-0.512,-0.386,0.481,0.054,-0.066,0.06
0.77,-0.512,-0.387,0.482,0.05,-0.065,0.053
0.78,-0.511,-0.387,0.483,0.046,-0.064,0.046
0.79,-0.511,-0.388,0.483,0.042,-0.063,0.04
0.8,-0.51,-0.389,0.484,0.039,-0.062,0.035
0.81,-0.51,-0.39,0.484,0.037,-0.061,0.031
0.8200000000000001,-0.508,-0.391,0.484,0.219,-0.087,0.027
0.8300000000000001,-0.505,-0.392,0.485,0.189,-0.081,0.024
0.84,-0.503,-0.393,0.485,0.163,-0.076,0.021
0.85,-0.501,-0.394,0.485,0.141,-0.072,0.018
0.86,-0.5,-0.395,0.486,0.123,-0.069,0.016
0.87,-0.498,-0.396,0.486,0.107,-0.066,0.014
0.88,-0.497,-0.396,0.486,0.205,-0.077,0.012
0.89,-0.494,-0.397,0.486,0.429,-0.102,0.01
0.9,-0.487,-0.399,0.486,0.689,-0.124,0.008
0.91,-0.478,-0.4,0.486,0.899,-0.131,0.007
0.92,-0.466,-0.402,0.486,1.067,-0.123,0.006
0.93,-0.452,-0.403,0.486,1.196,-0.102,0.004
0.9400000000000001,-0.436,-0.404,0.486,1.292,-0.071,0.003
0.9500000000000001,-0.42,-0.405,0.486,1.322,-0.033,0.003
0.96,-0.404,-0.405,0.487,1.098,-0.009,0.003
0.97,-0.391,-0.405,0.487,0.915,0.0,0.003
0.98,-0.38,-0.405,0.487,0.766,0.002,0.003
0.99,-0.371,-0.405,0.487,0.644,-0.001,0.003
1.0,-0.364,-0.405,0.487,0.543,-0.006,0.003
1.01,-0.357,-0.405,0.487,0.46,-0.012,0.003
1.02,-0.352,-0.405,0.487,0.392,-0.019,0.003
1.03,-0.347,-0.406,0.487,0.334,-0.025,0.003
1.04,-0.343,-0.406,0.487,0.287,-0.03,0.002
1.05,-0.34,-0.406,0.487,0.247,-0.035,0.002
1.06,-0.337,-0.407,0.487,0.213,-0.039,0.002
1.07,-0.334,-0.407,0.487,0.185,-0.042,0.002
1.08,-0.332,-0.408,0.487,0.162,-0.045,0.002
1.09,-0.33,-0.408,0.487,0.142,-0.047,0.001
1.1,-0.329,-0.409,0.487,0.125,-0.049,0.001
1.11,-0.327,-0.41,0.487,0.11,-0.05,0.001
1.12,-0.326,-0.41,0.487,0.098,-0.051,0.001
1.1300000000000001,-0.325,-0.411,0.487,0.088,-0.052,0.001
1.1400000000000001,-0.324,-0.412,0.487,0.079,-0.052,0.001
1.1500000000000001,-0.323,-0.412,0.487,0.072,-0.052,0.001
1.16,-0.322,-0.413,0.487,0.066,-0.052,0.001
1.17,-0.321,-0.414,0.487,0.06,-0.052,0.001
1.18,-0.32,-0.414,0.487,0.056,-0.051,0.001
1.19,-0.319,-0.415,0.487,0.052,-0.051,0.0
1.2,-0.319,-0.415,0.487,0.048,-0.05,0.0
1.21,-0.318,-0.416,0.487,0.045,-0.05,0.0
1.22,-0.318,-0.417,0.487,0.043,-0.049,0.0
1.23,-0.317,-0.417,0.487,0.04,-0.048,0.0
1.24,-0.317,-0.418,0.487,0.039,-0.047,0.0
1.25,-0.316,-0.418,0.487,0.037,-0.047,0.0
1.26,-0.316,-0.419,0.487,0.035,-0.046,0.0
1.27,-0.315,-0.42,0.487,0.156,-0.026,0.0
1.28,-0.313,-0.42,0.487,0.253,-0.013,-0.0
1.29,-0.31,-0.42,0.487,0.216,-0.017,-0.03
1.3,-0.307,-0.42,0.486,0.183,-0.021,-0.046
1.31,-0.304,-0.42,0.486,0.246,-0.015,-0.04
1.32,-0.301,-0.421,0.485,0.286,-0.013,-0.035
1.33,-0.297,-0.421,0.485,0.346,-0.005,-0.031
1.34,-0.293,-0.421,0.485,0.42,0.009,-0.027
1.35,-0.287,-0.421,0.484,0.474,0.019,-0.024
1.36,-0.281,-0.42,0.484,0.512,0.027,-0.021
1.37,-0.275,-0.42,0.484,0.535,0.031,-0.019
1.3800000000000001,-0.268,-0.42,0.484,0.546,0.033,-0.017
1.3900000000000001,-0.261,-0.419,0.483,0.589,0.045,-0.015
1.4000000000000001,-0.253,-0.419,0.483,0.635,0.06,-0.013
1.41,-0.245,-0.418,0.483,0.695,0.081,-0.012
1.42,-0.236,-0.417,0.483,0.808,0.122,-0.011
1.43,-0.227,-0.415,0.483,0.666,0.053,0.19
1.44,-0.219,-0.415,0.487,0.576,-0.023,0.467
1.45,-0.212,-0.416,0.494,0.512,-0.093,0.709
1.46,-0.206,-0.417,0.503,0.468,-0.157,0.921
1.47,-0.2,-0.419,0.516,0.438,-0.214,1.106
1.48,-0.195,-0.422,0.53,0.419,-0.266,1.269
1.49,-0.189,-0.425,0.547,0.407,-0.312,1.411
1.5,-0.184,-0.429,0.565,0.402,-0.353,1.536
1.51,-0.179,-0.434,0.585,0.401,-0.389,1.644
1.52,-0.175,-0.438,0.605,0.401,-0.42,1.74
1.53,-0.17,-0.444,0.628,0.401,-0.445,1.823
1.54,-0.165,-0.449,0.651,0.397,-0.464,1.896
1.55,-0.16,-0.455,0.675,0.388,-0.474,1.96
1.56,-0.155,-0.46,0.699,0.361,-0.472,1.769
1.57,-0.151,-0.466,0.721,0.339,-0.467,1.845
1.58,-0.147,-0.472,0.744,0.306,-0.452,1.689
1.59,-0.143,-0.477,0.764,0.27,-0.431,1.482
1.6,-0.14,-0.482,0.781,0.224,-0.404,1.3
1.61,-0.137,-0.487,0.797,0.417,-0.327,1.136
1.62,-0.13,-0.491,0.81,1.002,-0.231,0.985
1.6300000000000001,-0.115,-0.493,0.822,1.519,-0.155,0.854
1.6400000000000001,-0.094,-0.495,0.832,1.957,-0.045,0.742
1.6500000000000001,-0.068,-0.494,0.841,2.262,0.123,0.649
1.6600000000000001,-0.04,-0.492,0.849,2.267,0.239,0.57
1.67,-0.012,-0.488,0.855,2.091,0.459,0.506
1.68,0.013,-0.481,0.862,1.771,0.67,0.45
1.69,0.034,-0.472,0.867,1.494,0.867,0.4
1.7,0.052,-0.46,0.872,1.421,1.035,0.351
1.71,0.069,-0.447,0.876,1.48,1.126,0.305
1.72,0.087,-0.432,0.879,1.331,1.22,0.267
1.73,0.103,-0.417,0.883,1.213,1.044,0.229
1.74,0.118,-0.405,0.885,1.111,0.897,0.198
1.75,0.131,-0.394,0.888,1.021,0.775,0.172
1.76,0.144,-0.385,0.89,0.941,0.674,0.15
1.77,0.155,-0.377,0.891,0.867,0.589,0.131
1.78,0.166,-0.37,0.893,0.799,0.518,0.115
1.79,0.175,-0.363,0.894,0.736,0.458,0.1
1.8,0.184,-0.358,0.896,0.678,0.406,0.088
1.81,0.192,-0.353,0.897,0.623,0.363,0.077
1.82,0.2,-0.349,0.898,0.572,0.325,0.068
1.83,0.207,-0.345,0.898,0.525,0.292,0.059
1.84,0.213,-0.341,0.899,0.481,0.263,0.052
1.85,0.219,-0.338,0.9,0.44,0.238,0.046
1.86,0.224,-0.335,0.9,0.402,0.216,0.04
1.87,0.229,-0.332,0.901,0.368,0.196,0.035
1.8800000000000001,0.234,-0.33,0.901,0.336,0.179,0.031
1.8900000000000001,0.238,-0.328,0.901,0.306,0.163,0.027
1.9000000000000001,0.242,-0.326,0.902,0.279,0.149,0.024
1.9100000000000001,0.245,-0.324,0.902,0.254,0.137,0.021
1.92,0.248,-0.322,0.902,0.232,0.125,0.018
1.93,0.251,-0.321,0.903,0.211,0.115,0.016
1.94,0.253,-0.319,0.903,0.192,0.105,0.014
1.95,0.256,-0.318,0.903,0.175,0.097,0.012
1.96,0.258,-0.317,0.903,0.159,0.089,0.011
1.97,0.26,-0.316,0.903,0.145,0.082,0.009
1.98,0.262,-0.315,0.903,0.132,0.075,0.008
1.99,0.263,-0.314,0.903,0.12,0.069,0.007
2.0,0.265,-0.313,0.903,0.109,0.064,0.006
2.0100000000000002,0.266,-0.312,0.904,0.099,0.059,0.006
2.02,0.281,-0.303,0.897,3.578,2.003,-1.597
2.0300000000000002,0.325,-0.279,0.877,3.369,1.69,-1.404
2.04,0.366,-0.258,0.86,3.141,1.457,-1.232
2.05,0.404,-0.24,0.846,2.824,1.138,-1.086
2.06,0.437,-0.227,0.833,2.479,0.794,-0.952
2.07,0.467,-0.218,0.821,2.18,0.546,-0.827
2.08,0.493,-0.212,0.811,1.92,0.367,-0.714
2.09,0.516,-0.208,0.803,1.693,0.241,-0.615
2.1,0.536,-0.205,0.796,1.494,0.153,-0.529
2.11,0.554,-0.203,0.79,1.32,0.094,-0.454
2.12,0.57,-0.202,0.784,1.167,0.054,-0.39
2.13,0.584,-0.202,0.78,1.033,0.029,-0.336
2.14,0.597,-0.202,0.776,0.915,0.013,-0.289
2.15,0.608,-0.201,0.772,0.811,0.004,-0.249
2.16,0.617,-0.201,0.77,0.719,-0.002,-0.215
2.17,0.626,-0.201,0.767,0.637,-0.004,-0.185
2.18,0.634,-0.201,0.765,0.566,-0.005,-0.16
2.19,0.64,-0.201,0.763,0.502,-0.004,-0.139
2.2,0.646,-0.202,0.761,0.446,-0.003,-0.12
2.21,0.652,-0.202,0.76,0.396,-0.002,-0.104
2.22,0.657,-0.202,0.759,0.352,-0.001,-0.091
2.23,0.661,-0.202,0.758,0.313,0.0,-0.079
2.24,0.665,-0.202,0.757,0.278,0.001,-0.069
2.25,0.668,-0.202,0.756,0.247,0.002,-0.06
2.2600000000000002,0.671,-0.202,0.755,0.22,0.003,-0.052
2.27,0.674,-0.201,0.755,0.196,0.004,-0.045
2.2800000000000002,0.676,-0.201,0.754,0.174,0.005,-0.04
2.29,0.678,-0.201,0.754,0.155,0.005,-0.035
2.3000000000000003,0.68,-0.201,0.753,0.138,0.006,-0.03
2.31,0.682,-0.201,0.753,0.123,0.006,-0.027
2.32,0.683,-0.201,0.752,0.11,0.006,-0.023
2.33,0.684,-0.201,0.752,0.098,0.006,-0.021
2.34,0.686,-0.201,0.752,0.088,0.007,-0.018
2.35,0.687,-0.201,0.752,0.079,0.007,-0.016
2.36,0.688,-0.201,0.752,0.07,0.007,-0.014
2.37,0.688,-0.201,0.751,0.063,0.007,-0.012
2.38,0.689,-0.201,0.751,0.057,0.007,-0.011
2.39,0.69,-0.201,0.751,0.051,0.007,-0.01
2.4,0.69,-0.2,0.751,0.046,0.007,-0.009
2.41,0.691,-0.2,0.751,0.041,0.007,-0.008
2.42,0.692,-0.2,0.751,0.037,0.008,-0.007
2.43,0.692,-0.2,0.751,0.034,0.008,-0.006
2.44,0.692,-0.2,0.751,0.03,0.008,-0.005
2.45,0.693,-0.2,0.751,0.028,0.008,-0.005
2.46,0.693,-0.2,0.75,0.025,0.008,-0.004
2.47,0.693,-0.2,0.75,0.023,0.008,-0.004
