0.01,-0.746,-0.008,0.747,0.003,-0.003,-0.296
0.02,-0.746,-0.008,0.742,0.005,-0.004,-0.56
0.03,-0.746,-0.008,0.734,0.007,-0.004,-0.79
0.04,-0.746,-0.008,0.723,0.01,-0.004,-0.991
0.05,-0.746,-0.008,0.71,0.013,-0.004,-1.168
0.06,-0.746,-0.008,0.695,0.015,-0.004,-1.322
0.07,-0.746,-0.008,0.678,0.017,-0.004,-1.456
0.08,-0.746,-0.008,0.659,0.018,-0.004,-1.573
0.09,-0.746,-0.008,0.639,0.018,-0.004,-1.676
0.1,-0.746,-0.008,0.618,0.013,-0.174,-1.566
0.11,-0.745,-0.01,0.599,0.008,-0.156,-1.38
0.12,-0.745,-0.012,0.583,0.004,-0.136,-1.208
0.13,-0.745,-0.014,0.568,0.002,-0.119,-1.057
0.14,-0.745,-0.015,0.556,0.132,-0.134,-0.924
0.15,-0.743,-0.017,0.544,0.317,-0.147,-0.807
0.16,-0.738,-0.019,0.535,0.53,-0.159,-0.704
0.17,-0.731,-0.021,0.526,0.767,-0.171,-0.613
0.18,-0.72,-0.023,0.519,0.974,-0.184,-0.534
0.19,-0.707,-0.025,0.512,1.154,-0.195,-0.464
0.2,-0.693,-0.028,0.507,1.231,-0.203,-0.404
0.21,-0.677,-0.03,0.502,1.232,-0.213,-0.167
0.22,-0.662,-0.033,0.501,1.102,-0.189,-0.022
0.23,-0.649,-0.035,0.501,0.982,-0.167,0.064
0.24,-0.637,-0.037,0.501,0.872,-0.147,0.111
0.25,-0.627,-0.039,0.503,0.774,-0.129,0.133
0.26,-0.617,-0.04,0.505,0.685,-0.114,0.139
0.27,-0.609,-0.042,0.506,0.603,-0.192,0.125
0.28,-0.602,-0.045,0.508,0.532,-0.168,0.116
0.29,-0.596,-0.047,0.509,0.469,-0.148,0.104
0.3,-0.59,-0.048,0.51,0.424,-0.13,0.097
0.31,-0.584,-0.05,0.512,0.484,-0.116,0.131
0.32,-0.578,-0.051,0.513,0.649,-0.107,0.201
0.33,-0.569,-0.053,0.516,0.859,-0.102,0.275
0.34,-0.557,-0.054,0.52,1.086,-0.098,0.336
0.35000000000000003,-0.544,-0.055,0.524,0.956,-0.085,0.257
0.36,-0.532,-0.056,0.526,0.836,-0.073,0.193
0.37,-0.521,-0.058,0.529,1.045,-0.327,0.2
0.38,-0.507,-0.063,0.531,1.232,-0.399,0.202
0.39,-0.492,-0.067,0.533,1.078,-0.349,0.127
0.4,-0.479,-0.072,0.534,0.938,-0.305,0.071
0.41000000000000003,-0.468,-0.075,0.535,0.816,-0.266,0.029
0.42,-0.458,-0.078,0.535,0.71,-0.232,-0.002
0.43,-0.45,-0.081,0.535,0.619,-0.172,-0.022
0.44,-0.442,-0.083,0.535,0.746,-0.15,-0.016
0.45,-0.432,-0.085,0.534,0.959,-0.133,-0.011
0.46,-0.419,-0.086,0.534,1.138,-0.147,-0.028
0.47000000000000003,-0.404,-0.089,0.533,1.282,-0.246,-0.071
0.48,-0.388,-0.092,0.532,1.396,-0.409,-0.136
0.49,-0.37,-0.098,0.53,1.395,-0.512,-0.2
0.5,-0.352,-0.105,0.527,1.39,-0.601,-0.259
0.51,-0.335,-0.112,0.523,1.292,-0.599,-0.297
0.52,-0.318,-0.12,0.519,1.38,-0.722,-0.354
0.53,-0.302,-0.129,0.514,1.197,-0.635,-0.352
0.54,-0.288,-0.137,0.51,1.034,-0.555,-0.336
0.55,-0.275,-0.143,0.506,0.886,-0.486,-0.313
0.56,-0.265,-0.149,0.502,0.767,-0.425,-0.29
0.5700000000000001,-0.256,-0.154,0.498,0.665,-0.373,-0.266
0.58,-0.248,-0.159,0.495,0.541,-0.326,-0.235
0.59,-0.242,-0.162,0.492,0.433,-0.286,-0.206
0.6,-0.236,-0.166,0.49,0.367,-0.25,-0.185
0.61,-0.232,-0.169,0.487,0.317,-0.219,-0.167
0.62,-0.228,-0.171,0.485,0.275,-0.192,-0.152
0.63,-0.225,-0.174,0.484,0.238,-0.168,-0.137
0.64,-0.222,-0.176,0.482,0.206,-0.147,-0.124
0.65,-0.22,-0.178,0.48,0.178,-0.129,-0.113
0.66,-0.218,-0.179,0.479,0.153,-0.113,-0.102
0.67,-0.216,-0.18,0.478,0.132,-0.099,-0.093
0.68,-0.214,-0.182,0.477,0.114,-0.086,-0.084
0.6900000000000001,-0.213,-0.183,0.476,0.098,-0.076,-0.077
0.7000000000000001,-0.212,-0.184,0.475,0.084,-0.066,-0.07
0.71,-0.21,-0.184,0.474,0.246,-0.12,-0.102
0.72,-0.207,-0.186,0.473,0.299,-0.216,-0.058
0.73,-0.203,-0.189,0.472,0.251,-0.202,-0.067
0.74,-0.2,-0.192,0.471,0.352,-0.336,-0.053
0.75,-0.195,-0.197,0.47,0.364,-0.378,-0.095
0.76,-0.19,-0.202,0.469,0.437,-0.439,-0.075
0.77,-0.185,-0.207,0.468,0.461,-0.442,-0.059
0.78,-0.178,-0.213,0.468,0.697,-0.638,-0.047
0.79,-0.169,-0.222,0.467,0.744,-0.639,-0.065
0.8,-0.159,-0.23,0.466,0.736,-0.614,-0.14
0.81,-0.15,-0.237,0.463,0.616,-0.591,-0.414
0.8200000000000001,-0.143,-0.245,0.457,0.523,-0.567,-0.65
0.8300000000000001,-0.136,-0.251,0.449,0.517,-0.52,-0.707
0.84,-0.13,-0.258,0.439,0.5,-0.475,-0.782
0.85,-0.124,-0.263,0.429,0.472,-0.429,-0.875
0.86,-0.118,-0.269,0.418,0.438,-0.382,-0.981
0.87,-0.113,-0.273,0.405,0.398,-0.33,-1.099
0.88,-0.108,-0.277,0.391,0.356,-0.271,-1.225
0.89,-0.104,-0.28,0.375,0.366,-0.22,-1.301
0.9,-0.1,-0.282,0.359,0.404,-0.171,-1.247
0.91,-0.095,-0.284,0.343,0.365,-0.097,-1.179
0.92,-0.091,-0.285,0.329,0.284,-0.02,-1.104
0.93,-0.087,-0.285,0.315,0.262,0.026,-1.031
0.9400000000000001,-0.084,-0.285,0.303,0.348,0.018,-0.938
0.9500000000000001,-0.08,-0.285,0.291,0.349,-0.112,-0.865
0.96,-0.075,-0.286,0.281,0.303,-0.1,-0.794
0.97,-0.072,-0.289,0.271,0.242,-0.223,-0.734
0.98,-0.069,-0.291,0.262,0.215,-0.194,-0.666
0.99,-0.067,-0.294,0.254,0.193,-0.169,-0.603
1.0,-0.064,-0.296,0.247,0.175,-0.148,-0.545
1.01,-0.062,-0.297,0.24,0.159,-0.128,-0.492
1.02,-0.06,-0.299,0.234,0.146,-0.111,-0.444
1.03,-0.059,-0.3,0.229,0.134,-0.096,-0.4
1.04,-0.057,-0.301,0.224,0.124,-0.083,-0.36
1.05,-0.055,-0.302,0.22,0.114,-0.071,-0.324
1.06,-0.054,-0.303,0.216,0.106,-0.061,-0.291
1.07,-0.053,-0.304,0.212,0.098,-0.052,-0.261
1.08,-0.052,-0.304,0.209,0.091,-0.045,-0.235
1.09,-0.05,-0.305,0.206,0.084,-0.038,-0.211
1.1,-0.049,-0.305,0.204,0.077,-0.032,-0.198
1.11,-0.049,-0.306,0.201,0.072,-0.027,-0.177
1.12,-0.048,-0.306,0.199,0.067,-0.023,-0.159
1.1300000000000001,-0.047,-0.306,0.197,0.062,-0.019,-0.143
1.1400000000000001,-0.046,-0.307,0.195,0.058,-0.016,-0.128
1.1500000000000001,-0.045,-0.307,0.194,0.054,-0.013,-0.115
1.16,-0.045,-0.307,0.192,0.05,-0.01,-0.104
1.17,-0.044,-0.307,0.191,0.046,-0.008,-0.093
1.18,-0.044,-0.307,0.19,0.043,-0.007,-0.084
1.19,-0.043,-0.307,0.189,0.084,-0.007,-0.07
1.2,-0.041,-0.307,0.188,0.312,-0.015,-0.037
1.21,-0.036,-0.308,0.188,0.541,-0.023,-0.008
1.22,-0.029,-0.308,0.188,0.745,-0.031,0.014
1.23,-0.018,-0.308,0.188,0.928,-0.038,0.031
1.24,-0.006,-0.309,0.189,1.092,-0.045,0.042
1.25,0.008,-0.309,0.189,1.241,-0.051,0.049
1.26,0.024,-0.31,0.19,1.375,-0.009,0.054
1.27,0.042,-0.31,0.191,1.496,0.029,0.055
1.28,0.061,-0.309,0.191,1.612,0.025,0.052
1.29,0.082,-0.309,0.192,1.723,-0.013,0.045
1.3,0.104,-0.31,0.193,1.832,-0.097,0.032
1.31,0.127,-0.312,0.193,1.932,-0.154,0.018
1.32,0.151,-0.314,0.193,2.017,-0.131,0.006
1.33,0.177,-0.315,0.193,2.091,-0.096,-0.009
1.34,0.203,-0.317,0.193,2.156,-0.058,-0.027
1.35,0.23,-0.318,0.193,2.21,-0.02,-0.048
1.36,0.258,-0.318,0.192,2.252,0.055,-0.069
1.37,0.286,-0.317,0.191,2.284,0.142,-0.092
1.3800000000000001,0.315,-0.316,0.19,2.305,0.21,-0.105
1.3900000000000001,0.344,-0.313,0.189,2.316,0.25,-0.089
1.4000000000000001,0.372,-0.31,0.188,2.325,0.285,-0.075
1.41,0.402,-0.307,0.187,2.332,0.365,-0.063
1.42,0.431,-0.302,0.186,2.336,0.593,-0.053
1.43,0.46,-0.294,0.185,2.339,0.823,-0.045
1.44,0.489,-0.283,0.184,2.341,1.026,-0.037
1.45,0.519,-0.27,0.184,2.344,1.094,-0.029
1.46,0.548,-0.258,0.184,2.347,0.986,-0.02
1.47,0.578,-0.246,0.183,2.349,0.891,-0.013
1.48,0.607,-0.236,0.183,2.349,0.878,-0.007
1.49,0.637,-0.225,0.183,2.336,1.074,-0.003
1.5,0.666,-0.213,0.182,2.2,0.944,-0.001
1.51,0.693,-0.202,0.182,2.109,0.909,0.001
1.52,0.72,-0.191,0.182,2.132,1.026,0.006
1.53,0.747,-0.178,0.182,1.952,0.995,0.005
1.54,0.77,-0.167,0.182,1.711,0.864,0.212
1.55,0.791,-0.157,0.186,1.502,0.751,0.484
1.56,0.809,-0.148,0.193,1.318,0.653,0.721
1.57,0.825,-0.141,0.203,1.157,0.568,0.929
1.58,0.839,-0.134,0.214,1.013,0.495,0.844
1.59,0.851,-0.128,0.225,0.889,0.431,0.946
1.6,0.862,-0.123,0.236,0.778,0.375,0.831
1.61,0.872,-0.119,0.246,0.681,0.327,0.726
1.62,0.88,-0.115,0.255,0.597,0.285,0.634
1.6300000000000001,0.887,-0.112,0.262,0.523,0.248,0.554
1.6400000000000001,0.893,-0.109,0.269,0.458,0.216,0.484
1.6500000000000001,0.899,-0.107,0.275,0.401,0.189,0.423
1.6600000000000001,0.904,-0.104,0.28,0.351,0.165,0.37
1.67,0.908,-0.102,0.284,0.279,0.073,0.323
1.68,0.911,-0.103,0.288,0.179,-0.235,0.282
1.69,0.913,-0.107,0.291,0.128,-0.507,0.247
1.7,0.914,-0.114,0.294,0.004,-0.744,0.216
1.71,0.914,-0.125,0.297,-0.106,-0.951,0.189
1.72,0.912,-0.137,0.299,-0.33,-1.11,0.166
1.73,0.906,-0.151,0.301,-0.487,-1.038,0.145
1.74,0.9,-0.164,0.303,-0.676,-0.891,0.128
1.75,0.892,-0.174,0.306,-0.591,-0.782,0.407
1.76,0.885,-0.184,0.312,-0.513,-0.685,0.655
1.77,0.879,-0.192,0.321,-0.447,-0.6,0.873
1.78,0.874,-0.199,0.332,-0.389,-0.456,0.814
1.79,0.869,-0.204,0.342,-0.338,-0.15,0.712
1.8,0.865,-0.204,0.35,-0.489,0.172,0.622
1.81,0.858,-0.201,0.358,-0.713,0.357,0.543
1.82,0.849,-0.197,0.364,-0.624,0.31,0.466
1.83,0.842,-0.193,0.37,-0.544,0.27,0.279
1.84,0.835,-0.19,0.372,-0.373,0.234,0.044
1.85,0.832,-0.187,0.372,-0.025,0.301,0.039
1.86,0.833,-0.183,0.373,0.275,0.415,0.034
1.87,0.837,-0.178,0.373,0.245,0.366,0.03
1.8800000000000001,0.839,-0.174,0.373,0.215,0.32,0.026
1.8900000000000001,0.842,-0.17,0.374,0.188,0.28,0.023
1.9000000000000001,0.844,-0.166,0.374,0.165,0.245,0.02
1.9100000000000001,0.846,-0.163,0.374,0.144,0.214,0.017
1.92,0.848,-0.161,0.374,0.126,0.187,0.015
1.93,0.85,-0.159,0.375,0.111,0.164,0.013
1.94,0.851,-0.157,0.375,0.097,0.143,0.012
1.95,0.852,-0.155,0.375,0.085,0.125,0.01
1.96,0.853,-0.153,0.375,0.074,0.109,0.009
1.97,0.854,-0.152,0.375,0.065,0.096,0.008
1.98,0.845,-0.138,0.406,-0.993,1.594,3.523
1.99,0.833,-0.119,0.448,-0.86,1.39,3.092
2.0,0.822,-0.103,0.485,-0.748,1.213,2.711
2.0100000000000002,0.813,-0.088,0.517,-0.653,1.059,2.375
2.02,0.805,-0.076,0.546,-0.57,0.925,2.08
2.0300000000000002,0.798,-0.065,0.571,-0.498,0.808,1.822
2.04,0.792,-0.055,0.592,-0.435,0.706,1.595
2.05,0.786,-0.047,0.611,-0.381,0.617,1.396
2.06,0.782,-0.039,0.628,-0.333,0.539,1.221
2.07,0.778,-0.033,0.643,-0.291,0.471,1.069
2.08,0.774,-0.027,0.656,-0.254,0.412,0.935
2.09,0.771,-0.022,0.667,-0.222,0.36,0.818
2.1,0.768,-0.018,0.676,-0.194,0.315,0.716
2.11,0.766,-0.014,0.685,-0.169,0.275,0.626
2.12,0.764,-0.011,0.693,-0.148,0.241,0.548
2.13,0.762,-0.008,0.699,-0.129,0.211,0.48
2.14,0.761,-0.006,0.705,-0.113,0.184,0.42
2.15,0.759,-0.003,0.71,-0.099,0.161,0.367
2.16,0.758,-0.001,0.714,-0.086,0.141,0.321
2.17,0.757,0.0,0.718,-0.075,0.123,0.281
2.18,0.756,0.002,0.721,-0.066,0.108,0.246
2.19,0.755,0.003,0.724,-0.058,0.094,0.215
2.2,0.755,0.004,0.727,-0.05,0.083,0.188
2.21,0.754,0.005,0.729,-0.044,0.072,0.165
2.22,0.754,0.006,0.731,-0.039,0.063,0.144
2.23,0.753,0.007,0.733,-0.034,0.055,0.126
2.24,0.753,0.007,0.734,-0.029,0.048,0.11
2.25,0.752,0.008,0.736,-0.026,0.042,0.097
