0.01,-0.746,-0.008,0.746,0.003,-0.003,-0.296
0.02,-0.746,-0.008,0.742,0.005,-0.003,-0.56
0.03,-0.746,-0.008,0.734,0.008,-0.003,-0.79
0.04,-0.746,-0.008,0.723,0.011,-0.003,-0.992
0.05,-0.746,-0.008,0.71,0.014,-0.004,-1.168
0.06,-0.746,-0.008,0.694,0.016,-0.004,-1.322
0.07,-0.746,-0.008,0.677,0.018,-0.004,-1.457
0.08,-0.746,-0.008,0.659,0.019,-0.004,-1.574
0.09,-0.745,-0.008,0.638,0.019,-0.005,-1.677
0.1,-0.745,-0.008,0.617,0.019,-0.005,-1.767
0.11,-0.745,-0.008,0.595,0.018,-0.005,-1.846
0.12,-0.745,-0.008,0.571,0.017,-0.005,-1.915
0.13,-0.745,-0.008,0.547,0.015,-0.005,-1.975
0.14,-0.745,-0.008,0.522,0.013,-0.004,-2.028
0.15,-0.745,-0.008,0.497,0.01,-0.004,-2.074
0.16,-0.745,-0.008,0.471,0.007,-0.004,-2.115
0.17,-0.745,-0.008,0.444,0.004,-0.004,-2.151
0.18,-0.745,-0.008,0.418,0.019,-0.005,-1.841
0.19,-0.745,-0.008,0.396,0.016,-0.004,-1.404
0.2,-0.744,-0.008,0.38,-0.004,-0.002,-1.091
0.21,-0.745,-0.008,0.367,-0.198,-0.0,-1.063
0.22,-0.748,-0.008,0.353,-0.333,0.001,-1.053
0.23,-0.752,-0.008,0.341,-0.299,0.002,-0.888
0.24,-0.756,-0.008,0.331,-0.268,0.002,-0.756
0.25,-0.759,-0.008,0.322,-0.24,0.003,-0.649
0.26,-0.762,-0.008,0.314,-0.214,0.003,-0.563
0.27,-0.764,-0.008,0.307,-0.191,0.003,-0.491
0.28,-0.767,-0.008,0.301,-0.171,0.003,-0.431
0.29,-0.769,-0.008,0.296,-0.152,0.003,-0.381
0.3,-0.771,-0.008,0.291,-0.135,0.003,-0.339
0.31,-0.772,-0.008,0.287,-0.12,0.003,-0.302
0.32,-0.774,-0.008,0.284,-0.106,0.003,-0.271
0.33,-0.775,-0.008,0.28,-0.094,0.002,-0.243
0.34,-0.776,-0.007,0.277,-0.083,0.002,-0.22
0.35000000000000003,-0.777,-0.007,0.275,-0.073,0.002,-0.199
0.36,-0.778,-0.007,0.272,-0.072,0.003,-0.203
0.37,-0.779,-0.007,0.27,-0.09,0.006,-0.264
0.38,-0.78,-0.007,0.266,-0.106,0.008,-0.325
0.39,-0.782,-0.008,0.262,-0.134,-0.19,-0.387
0.4,-0.784,-0.012,0.255,-0.357,-0.381,-0.814
0.41000000000000003,-0.789,-0.017,0.243,-0.575,-0.55,-0.998
0.42,-0.797,-0.024,0.231,-0.602,-0.561,-0.871
0.43,-0.804,-0.031,0.221,-0.528,-0.491,-0.782
0.44,-0.81,-0.037,0.211,-0.462,-0.429,-0.694
0.45,-0.816,-0.042,0.203,-0.405,-0.376,-0.637
0.46,-0.821,-0.046,0.195,-0.355,-0.329,-0.557
0.47000000000000003,-0.825,-0.05,0.188,-0.311,-0.288,-0.517
0.48,-0.828,-0.054,0.182,-0.273,-0.252,-0.572
0.49,-0.832,-0.057,0.174,-0.24,-0.18,-0.601
0.5,-0.835,-0.057,0.168,-0.296,0.255,-0.187
0.51,-0.839,-0.053,0.166,-0.312,0.51,-0.189
0.52,-0.842,-0.047,0.164,-0.272,0.448,-0.18
0.53,-0.846,-0.043,0.161,-0.415,0.046,-0.298
0.54,-0.851,-0.042,0.157,-0.363,0.023,-0.29
0.55,-0.856,-0.042,0.154,-0.337,0.026,-0.307
0.56,-0.86,-0.041,0.149,-0.354,0.058,-0.367
0.5700000000000001,-0.864,-0.041,0.145,-0.368,0.079,-0.435
0.58,-0.869,-0.04,0.139,-0.327,0.082,-0.435
0.59,-0.873,-0.039,0.134,-0.28,0.056,-0.418
0.6,-0.876,-0.038,0.128,-0.238,0.039,-0.401
0.61,-0.879,-0.038,0.124,-0.201,0.024,-0.388
0.62,-0.881,-0.037,0.119,-0.168,0.013,-0.372
0.63,-0.883,-0.037,0.114,-0.143,-0.014,-0.351
0.64,-0.885,-0.037,0.11,-0.123,-0.061,-0.31
0.65,-0.885,-0.038,0.107,0.083,-0.04,0.005
0.66,-0.884,-0.039,0.109,0.178,-0.025,0.294
0.67,-0.881,-0.039,0.114,0.37,-0.086,0.644
0.68,-0.875,-0.04,0.123,0.62,-0.13,1.015
0.6900000000000001,-0.866,-0.042,0.137,0.712,-0.016,1.541
0.7000000000000001,-0.857,-0.041,0.159,0.79,0.087,2.056
0.71,-0.845,-0.039,0.186,0.937,0.307,2.372
0.72,-0.832,-0.034,0.216,1.116,0.568,2.5
0.73,-0.816,-0.026,0.246,1.243,0.692,2.354
0.74,-0.8,-0.018,0.274,1.257,0.604,2.022
0.75,-0.784,-0.01,0.298,1.234,0.526,1.735
0.76,-0.768,-0.004,0.318,1.186,0.456,1.487
0.77,-0.753,0.002,0.335,1.12,0.393,1.271
0.78,-0.739,0.006,0.35,1.041,0.339,1.084
0.79,-0.726,0.01,0.363,0.954,0.292,0.922
0.8,-0.715,0.014,0.374,0.863,0.251,0.782
0.81,-0.704,0.017,0.383,0.77,0.214,0.662
0.8200000000000001,-0.695,0.019,0.391,0.683,0.186,0.558
0.8300000000000001,-0.686,0.02,0.397,0.61,-0.117,0.465
0.84,-0.679,0.018,0.403,0.617,-0.402,0.444
0.85,-0.671,0.012,0.408,0.706,-0.653,0.484
0.86,-0.661,0.003,0.415,0.943,-0.875,0.622
0.87,-0.648,-0.009,0.423,1.116,-1.069,0.671
0.88,-0.633,-0.023,0.431,1.29,-1.237,0.692
0.89,-0.616,-0.039,0.439,1.254,-1.184,0.568
0.9,-0.601,-0.053,0.445,1.084,-1.033,0.414
0.91,-0.588,-0.065,0.45,0.915,-0.899,0.301
0.92,-0.577,-0.076,0.453,0.814,-0.786,0.221
0.93,-0.567,-0.085,0.456,0.941,-0.638,0.267
0.9400000000000001,-0.554,-0.092,0.459,1.127,-0.275,0.36
0.9500000000000001,-0.54,-0.094,0.464,1.033,-0.092,0.299
0.96,-0.527,-0.095,0.467,0.91,-0.081,0.217
0.97,-0.516,-0.096,0.469,0.8,-0.072,0.151
0.98,-0.507,-0.097,0.471,0.702,-0.063,0.098
0.99,-0.498,-0.098,0.472,0.615,-0.056,0.055
1.0,-0.491,-0.098,0.472,0.537,-0.05,0.021
1.01,-0.485,-0.099,0.472,0.469,-0.044,-0.007
1.02,-0.479,-0.099,0.472,0.407,-0.039,-0.03
1.03,-0.474,-0.1,0.472,0.353,-0.034,-0.048
1.04,-0.47,-0.1,0.471,0.305,-0.03,-0.063
1.05,-0.466,-0.1,0.47,0.262,-0.027,-0.076
1.06,-0.463,-0.101,0.469,0.224,-0.024,-0.086
1.07,-0.461,-0.101,0.468,0.191,-0.021,-0.095
1.08,-0.458,-0.101,0.467,0.16,-0.023,-0.091
1.09,-0.456,-0.102,0.466,0.133,-0.029,-0.079
1.1,-0.455,-0.102,0.465,0.112,-0.032,-0.071
1.11,-0.454,-0.102,0.464,0.093,-0.032,-0.066
1.12,-0.452,-0.103,0.463,0.078,-0.032,-0.063
1.1300000000000001,-0.452,-0.103,0.462,0.065,-0.031,-0.061
1.1400000000000001,-0.451,-0.104,0.461,0.053,-0.029,-0.061
1.1500000000000001,-0.45,-0.104,0.461,0.043,-0.027,-0.061
1.16,-0.45,-0.104,0.46,0.035,-0.025,-0.062
1.17,-0.449,-0.105,0.459,0.027,-0.023,-0.063
1.18,-0.449,-0.105,0.458,0.02,-0.021,-0.065
1.19,-0.449,-0.105,0.457,0.014,-0.019,-0.066
1.2,-0.449,-0.105,0.457,0.009,-0.018,-0.068
1.21,-0.448,-0.106,0.456,0.004,-0.016,-0.069
1.22,-0.448,-0.106,0.455,0.0,-0.014,-0.071
1.23,-0.448,-0.106,0.454,-0.004,-0.013,-0.072
1.24,-0.449,-0.106,0.453,-0.007,-0.011,-0.074
1.25,-0.449,-0.106,0.452,-0.01,-0.01,-0.075
1.26,-0.449,-0.106,0.451,-0.012,-0.009,-0.077
1.27,-0.449,-0.106,0.45,-0.015,-0.008,-0.078
1.28,-0.449,-0.107,0.449,-0.017,-0.007,-0.079
1.29,-0.449,-0.107,0.448,-0.018,-0.006,-0.08
1.3,-0.45,-0.107,0.447,-0.02,-0.005,-0.082
1.31,-0.45,-0.107,0.446,-0.021,-0.004,-0.083
1.32,-0.45,-0.107,0.445,-0.023,-0.004,-0.084
1.33,-0.45,-0.107,0.444,-0.024,-0.003,-0.085
1.34,-0.451,-0.107,0.443,-0.025,-0.002,-0.085
1.35,-0.451,-0.107,0.442,-0.025,-0.002,-0.086
1.36,-0.451,-0.107,0.441,4.304,1.047,1.571
1.37,-0.401,-0.094,0.46,3.564,0.837,1.928
1.3800000000000001,-0.357,-0.083,0.486,3.318,0.61,2.71
1.3900000000000001,-0.313,-0.076,0.523,3.787,0.349,3.619
1.4000000000000001,-0.26,-0.072,0.57,4.935,-0.05,3.961
1.41,-0.191,-0.075,0.616,6.35,-0.696,3.262
1.42,-0.106,-0.084,0.65,7.476,-0.75,1.727
1.43,-0.01,-0.091,0.662,7.63,-0.109,0.252
1.44,0.082,-0.089,0.665,6.956,0.487,0.362
1.45,0.165,-0.082,0.671,6.184,0.788,0.398
1.46,0.239,-0.072,0.678,5.412,0.817,0.4
1.47,0.303,-0.062,0.685,4.717,0.749,0.39
1.48,0.359,-0.053,0.692,4.111,0.663,0.372
1.49,0.408,-0.045,0.698,3.585,0.58,0.348
1.5,0.45,-0.038,0.703,3.13,0.505,0.323
1.51,0.488,-0.032,0.708,2.734,0.438,0.296
1.52,0.52,-0.026,0.712,2.39,0.38,0.269
1.53,0.549,-0.022,0.716,2.09,0.33,0.244
1.54,0.574,-0.018,0.72,1.828,0.288,0.22
1.55,0.596,-0.014,0.723,1.6,0.252,0.197
1.56,0.615,-0.011,0.725,1.4,0.221,0.176
1.57,0.632,-0.008,0.728,1.226,0.195,0.157
1.58,0.647,-0.006,0.73,1.073,0.172,0.14
1.59,0.659,-0.004,0.732,0.94,0.152,0.124
1.6,0.671,-0.002,0.733,0.823,0.134,0.11
1.61,0.681,-0.001,0.735,0.721,0.119,0.098
1.62,0.689,0.001,0.736,0.631,0.105,0.086
1.6300000000000001,0.697,0.002,0.737,0.553,0.093,0.076
1.6400000000000001,0.703,0.003,0.738,0.484,0.083,0.067
1.6500000000000001,0.709,0.004,0.739,0.424,0.073,0.059
1.6600000000000001,0.714,0.005,0.74,0.371,0.065,0.052
1.67,0.719,0.006,0.74,0.325,0.057,0.046
1.68,0.723,0.007,0.741,0.285,0.051,0.04
1.69,0.726,0.007,0.741,0.249,0.045,0.026
