0.01,-0.742,-0.006,0.751,0.3,-0.007,0.002
0.02,-0.737,-0.006,0.751,0.564,-0.01,0.002
0.03,-0.729,-0.006,0.751,0.797,-0.011,0.001
0.04,-0.718,-0.007,0.751,1.0,-0.01,0.001
0.05,-0.705,-0.007,0.751,1.177,-0.009,0.001
0.06,-0.69,-0.007,0.751,1.332,-0.007,0.001
0.07,-0.673,-0.007,0.751,1.466,-0.003,0.001
0.08,-0.654,-0.008,0.751,1.583,0.001,0.001
0.09,-0.634,-0.008,0.751,1.684,0.007,0.001
0.1,-0.612,-0.008,0.75,1.772,0.015,0.002
0.11,-0.59,-0.008,0.75,1.848,0.025,0.002
0.12,-0.567,-0.008,0.75,1.914,0.034,0.002
0.13,-0.542,-0.008,0.75,1.973,0.031,0.005
0.14,-0.518,-0.007,0.75,2.025,0.028,0.007
0.15,-0.492,-0.007,0.75,2.07,0.025,0.009
0.16,-0.466,-0.007,0.75,2.109,0.023,0.011
0.17,-0.44,-0.007,0.749,1.944,0.018,0.013
0.18,-0.417,-0.007,0.749,1.702,0.013,0.014
0.19,-0.396,-0.007,0.749,1.489,0.01,-0.015
0.2,-0.378,-0.007,0.749,1.403,0.008,-0.012
0.21,-0.36,-0.006,0.749,1.522,0.047,-0.009
0.22,-0.34,-0.006,0.748,1.63,0.043,-0.006
0.23,-0.319,-0.005,0.748,1.724,0.039,-0.004
0.24,-0.297,-0.005,0.748,1.806,0.035,-0.001
0.25,-0.275,-0.005,0.748,1.879,0.032,0.002
0.26,-0.251,-0.004,0.747,1.942,0.03,0.004
0.27,-0.226,-0.004,0.747,1.997,0.027,0.007
0.28,-0.201,-0.004,0.747,2.047,0.016,0.009
0.29,-0.175,-0.004,0.747,1.991,-0.005,0.011
0.3,-0.151,-0.004,0.747,1.746,-0.006,0.012
0.31,-0.13,-0.004,0.747,1.53,-0.006,0.013
0.32,-0.112,-0.004,0.747,1.439,-0.005,0.013
0.33,-0.093,-0.004,0.747,1.41,-0.004,0.012
0.34,-0.077,-0.004,0.747,1.236,-0.004,0.111
0.35000000000000003,-0.062,-0.005,0.749,1.085,-0.002,0.396
0.36,-0.049,-0.005,0.755,0.95,-0.002,0.438
0.37,-0.037,-0.005,0.76,0.833,-0.0,0.582
0.38,-0.027,-0.005,0.769,0.731,0.003,0.808
0.39,-0.019,-0.005,0.78,0.641,0.006,1.006
0.4,-0.011,-0.005,0.793,0.562,0.007,1.11
0.41000000000000003,-0.004,-0.005,0.806,0.49,0.004,0.954
0.42,0.001,-0.005,0.816,0.427,0.0,0.64
0.43,0.007,-0.005,0.824,0.373,-0.0,0.54
0.44,0.011,-0.005,0.829,0.324,-0.002,0.178
0.45,0.015,-0.005,0.831,0.284,-0.002,0.104
0.46,0.018,-0.005,0.832,0.248,-0.002,-0.118
0.47000000000000003,0.021,-0.005,0.829,0.217,-0.002,-0.323
0.48,0.024,-0.005,0.825,0.19,-0.002,-0.293
0.49,0.026,-0.005,0.821,0.166,-0.001,-0.257
0.5,0.028,-0.005,0.818,0.145,-0.001,-0.225
0.51,0.03,-0.005,0.816,0.127,-0.001,-0.197
0.52,0.031,-0.005,0.813,0.111,-0.001,-0.172
0.53,0.033,-0.005,0.811,0.098,-0.001,-0.15
0.54,0.034,-0.005,0.809,0.085,-0.001,-0.132
0.55,0.035,-0.005,0.808,0.234,-0.001,-0.115
0.56,0.039,-0.005,0.806,0.505,-0.0,-0.101
0.5700000000000001,0.046,-0.005,0.805,0.742,0.001,-0.088
0.58,0.057,-0.005,0.804,0.95,0.002,-0.078
0.59,0.069,-0.005,0.803,1.131,-0.026,-0.068
0.6,0.084,-0.007,0.802,1.281,-0.317,-0.06
0.61,0.1,-0.012,0.802,1.342,-0.574,-0.052
0.62,0.117,-0.02,0.801,1.326,-0.801,-0.045
0.63,0.133,-0.032,0.8,1.272,-0.999,-0.039
0.64,0.149,-0.045,0.8,1.144,-1.173,-0.033
0.65,0.162,-0.06,0.799,1.003,-1.326,-0.028
0.66,0.174,-0.078,0.799,0.88,-1.459,-0.023
0.67,0.184,-0.097,0.798,0.772,-1.575,-0.019
0.68,0.193,-0.117,0.798,0.679,-1.677,-0.016
0.6900000000000001,0.201,-0.138,0.798,0.598,-1.765,-0.013
0.7000000000000001,0.208,-0.161,0.798,0.528,-1.842,-0.011
0.71,0.214,-0.184,0.798,0.467,-1.908,-0.008
0.72,0.219,-0.209,0.797,0.424,-1.966,-0.007
0.73,0.224,-0.234,0.797,0.429,-2.014,-0.005
0.74,0.229,-0.259,0.797,0.544,-2.051,-0.005
0.75,0.236,-0.285,0.797,0.658,-2.082,-0.005
0.76,0.244,-0.312,0.797,0.639,-2.114,-0.006
0.77,0.25,-0.339,0.797,0.543,-2.145,-0.01
0.78,0.255,-0.366,0.797,0.3,-2.16,-0.016
0.79,0.258,-0.393,0.797,0.273,-2.191,-0.028
0.8,0.26,-0.421,0.797,0.22,-2.024,-0.037
0.81,0.262,-0.445,0.797,0.192,-1.719,-0.039
0.8200000000000001,0.264,-0.465,0.797,0.163,-1.43,-0.033
0.8300000000000001,0.266,-0.482,0.797,0.139,-1.255,-0.078
0.84,0.267,-0.497,0.795,0.116,-1.1,-0.323
0.85,0.268,-0.51,0.79,0.098,-0.963,-0.479
0.86,0.269,-0.522,0.784,0.085,-0.842,-0.457
0.87,0.27,-0.532,0.778,0.113,-0.737,-0.594
0.88,0.271,-0.541,0.77,0.12,-0.645,-0.614
0.89,0.273,-0.548,0.763,0.106,-0.564,-0.536
0.9,0.275,-0.556,0.756,0.351,-0.712,-0.477
0.91,0.28,-0.566,0.751,0.5,-0.922,-0.43
0.92,0.286,-0.577,0.746,0.441,-0.887,-0.377
0.93,0.291,-0.588,0.741,0.305,-0.776,-0.325
0.9400000000000001,0.294,-0.597,0.737,0.147,-0.679,-0.28
0.9500000000000001,0.296,-0.605,0.734,0.128,-0.594,-0.253
0.96,0.297,-0.613,0.731,0.111,-0.52,-0.429
0.97,0.299,-0.619,0.724,0.097,-0.456,-0.673
0.98,0.3,-0.624,0.715,0.085,-0.399,-0.788
0.99,0.301,-0.629,0.706,0.075,-0.349,-0.689
1.0,0.302,-0.633,0.697,0.066,-0.305,-0.603
1.01,0.302,-0.637,0.69,0.058,-0.267,-0.527
1.02,0.303,-0.64,0.684,0.051,-0.234,-0.461
1.03,0.304,-0.643,0.678,0.045,-0.205,-0.403
1.04,0.304,-0.645,0.674,0.039,-0.179,-0.353
1.05,0.305,-0.647,0.669,0.034,-0.157,-0.308
1.06,0.305,-0.649,0.666,0.03,-0.137,-0.27
1.07,0.305,-0.651,0.662,0.026,-0.12,-0.236
1.08,0.306,-0.652,0.66,0.023,-0.105,-0.226
1.09,0.306,-0.654,0.656,0.02,-0.092,-0.494
1.1,0.306,-0.655,0.648,0.017,-0.081,-0.732
1.11,0.306,-0.656,0.638,0.015,-0.072,-0.941
1.12,0.307,-0.656,0.626,0.013,-0.064,-1.123
1.1300000000000001,0.307,-0.657,0.611,0.012,-0.057,-1.172
1.1400000000000001,0.307,-0.658,0.597,0.01,-0.1,-1.026
1.1500000000000001,0.307,-0.659,0.585,0.009,-0.087,-0.898
1.16,0.307,-0.66,0.574,0.008,-0.077,-0.786
1.17,0.307,-0.661,0.565,0.008,-0.067,-0.688
1.18,0.307,-0.662,0.556,0.007,-0.059,-0.602
1.19,0.307,-0.662,0.549,0.066,-0.051,-0.526
1.2,0.309,-0.663,0.543,0.178,-0.045,-0.461
1.21,0.311,-0.665,0.537,0.119,-0.334,-0.406
1.22,0.312,-0.67,0.533,0.104,-0.59,-0.361
1.23,0.313,-0.679,0.528,0.16,-0.813,-0.325
1.24,0.316,-0.69,0.524,0.239,-1.007,-0.296
1.25,0.319,-0.703,0.521,0.358,-1.174,-0.273
1.26,0.324,-0.718,0.518,0.481,-1.318,-0.256
1.27,0.33,-0.734,0.515,0.422,-1.158,-0.348
1.28,0.335,-0.748,0.51,0.368,-1.014,-0.559
1.29,0.339,-0.761,0.504,0.322,-0.888,-0.488
1.3,0.343,-0.77,0.498,0.285,-0.509,-0.412
1.31,0.347,-0.776,0.493,0.25,-0.348,-0.356
1.32,0.35,-0.78,0.489,0.219,-0.305,-0.311
1.33,0.352,-0.783,0.485,0.192,-0.267,-0.271
1.34,0.355,-0.787,0.482,0.168,-0.234,-0.237
1.35,0.357,-0.789,0.479,0.147,-0.205,-0.207
1.36,0.359,-0.792,0.477,0.129,-0.18,-0.181
1.37,0.36,-0.794,0.475,0.113,-0.158,-0.158
1.3800000000000001,0.361,-0.796,0.473,0.158,-0.138,-0.138
1.3900000000000001,0.365,-0.798,0.471,0.427,-0.119,-0.122
1.4000000000000001,0.371,-0.799,0.47,0.673,-0.082,-0.108
1.41,0.38,-0.8,0.469,0.889,0.027,-0.094
1.42,0.392,-0.798,0.467,1.019,0.298,-0.08
1.43,0.405,-0.793,0.466,0.963,0.559,-0.072
1.44,0.416,-0.785,0.466,0.852,0.791,-0.069
1.45,0.427,-0.775,0.465,0.744,0.997,-0.07
1.46,0.435,-0.761,0.464,0.649,1.177,-0.072
1.47,0.443,-0.746,0.464,0.567,1.335,-0.075
1.48,0.45,-0.729,0.463,0.555,1.47,-0.074
1.49,0.458,-0.71,0.462,0.785,1.532,-0.063
1.5,0.469,-0.691,0.462,0.99,1.496,-0.05
1.51,0.482,-0.673,0.462,1.169,1.405,-0.037
1.52,0.497,-0.655,0.461,1.154,1.448,-0.034
1.53,0.51,-0.637,0.461,1.02,1.568,-0.037
1.54,0.522,-0.617,0.461,2.233,6.378,2.399
1.55,0.549,-0.54,0.495,2.081,5.691,2.36
1.56,0.573,-0.472,0.527,1.863,4.943,2.171
1.57,0.594,-0.413,0.554,1.651,4.311,1.961
1.58,0.612,-0.361,0.579,1.456,3.768,1.75
1.59,0.629,-0.316,0.6,1.279,3.296,1.548
1.6,0.644,-0.276,0.619,1.123,2.884,1.363
1.61,0.656,-0.241,0.635,0.984,2.523,1.196
1.62,0.668,-0.211,0.65,0.862,2.208,1.047
1.6300000000000001,0.678,-0.185,0.662,0.756,1.932,0.916
1.6400000000000001,0.687,-0.161,0.673,0.662,1.69,0.801
1.6500000000000001,0.694,-0.141,0.683,0.58,1.478,0.701
1.6600000000000001,0.701,-0.123,0.691,0.508,1.293,0.613
1.67,0.707,-0.108,0.699,0.445,1.131,0.536
1.68,0.713,-0.094,0.705,0.39,0.989,0.469
1.69,0.717,-0.083,0.711,0.342,0.865,0.41
1.7,0.721,-0.072,0.716,0.299,0.757,0.359
1.71,0.725,-0.063,0.72,0.262,0.662,0.314
1.72,0.728,-0.055,0.724,0.23,0.579,0.275
1.73,0.731,-0.048,0.727,0.201,0.506,0.24
1.74,0.733,-0.042,0.73,0.176,0.443,0.21
1.75,0.735,-0.037,0.732,0.154,0.387,0.184
