0.01,-0.742,-0.005,0.749,0.004,-0.297,-0.0
0.02,-0.742,-0.01,0.749,0.133,-0.56,0.001
0.03,-0.739,-0.018,0.749,0.415,-0.781,0.003
0.04,-0.733,-0.028,0.749,0.662,-0.904,0.005
0.05,-0.723,-0.04,0.749,0.879,-0.962,0.008
0.06,-0.712,-0.052,0.749,1.068,-0.963,0.01
0.07,-0.697,-0.063,0.749,1.234,-0.845,0.013
0.08,-0.681,-0.073,0.749,1.379,-0.741,0.015
0.09,-0.663,-0.082,0.749,1.506,-0.65,0.018
0.1,-0.644,-0.09,0.748,1.616,-0.57,0.02
0.11,-0.623,-0.097,0.748,1.713,-0.501,0.023
0.12,-0.602,-0.102,0.748,1.798,-0.44,0.025
0.13,-0.579,-0.108,0.748,1.872,-0.386,0.027
0.14,-0.555,-0.112,0.748,1.937,-0.34,0.028
0.15,-0.531,-0.116,0.748,1.993,-0.386,0.03
0.16,-0.505,-0.121,0.748,2.042,-0.448,0.031
0.17,-0.48,-0.127,0.748,2.085,-0.512,0.031
0.18,-0.453,-0.133,0.748,2.122,-0.538,0.031
0.19,-0.426,-0.14,0.748,2.155,-0.473,0.031
0.2,-0.399,-0.145,0.747,2.184,-0.415,0.03
0.21,-0.372,-0.15,0.747,2.209,-0.363,0.029
0.22,-0.344,-0.154,0.747,2.133,-0.318,0.027
0.23,-0.318,-0.158,0.747,1.868,-0.279,0.025
0.24,-0.296,-0.161,0.747,1.636,-0.245,0.022
0.25,-0.276,-0.164,0.747,1.433,-0.215,0.02
0.26,-0.259,-0.167,0.748,1.284,-0.189,0.018
0.27,-0.242,-0.169,0.748,1.419,-0.165,0.017
0.28,-0.224,-0.171,0.748,1.511,-0.144,0.016
0.29,-0.205,-0.173,0.748,1.392,-0.126,-0.074
0.3,-0.189,-0.174,0.745,1.219,-0.112,-0.361
0.31,-0.174,-0.175,0.74,1.069,-0.098,-0.614
0.32,-0.161,-0.176,0.731,0.939,-0.086,-0.836
0.33,-0.15,-0.177,0.72,0.826,-0.075,-1.03
0.34,-0.14,-0.178,0.706,0.685,-0.085,-1.101
0.35000000000000003,-0.133,-0.18,0.693,0.382,-0.195,-0.964
0.36,-0.129,-0.182,0.681,0.33,-0.173,-0.844
0.37,-0.125,-0.184,0.671,0.289,-0.152,-0.778
0.38,-0.122,-0.186,0.661,0.255,-0.132,-0.89
0.39,-0.119,-0.188,0.649,0.227,-0.114,-1.078
0.4,-0.116,-0.189,0.635,0.203,-0.098,-1.242
0.41000000000000003,-0.114,-0.19,0.619,0.183,-0.084,-1.385
0.42,-0.112,-0.191,0.601,0.032,-0.177,-1.372
0.43,-0.112,-0.194,0.584,-0.159,-0.322,-1.305
0.44,-0.115,-0.199,0.568,-0.292,-0.434,-1.298
0.45,-0.119,-0.204,0.551,-0.382,-0.517,-1.343
0.46,-0.124,-0.211,0.534,-0.438,-0.573,-1.431
0.47000000000000003,-0.13,-0.218,0.516,-0.431,-0.568,-1.48
0.48,-0.135,-0.225,0.497,-0.357,-0.536,-1.467
0.49,-0.14,-0.231,0.479,-0.276,-0.514,-1.479
0.5,-0.142,-0.238,0.461,-0.1,-0.5,-1.404
0.51,-0.143,-0.244,0.444,-0.042,-0.398,-1.262
0.52,-0.144,-0.248,0.428,0.009,-0.32,-1.122
0.53,-0.143,-0.252,0.415,0.044,-0.256,-0.994
0.54,-0.143,-0.255,0.403,0.064,-0.204,-0.879
0.55,-0.142,-0.257,0.392,0.075,-0.162,-0.775
0.56,-0.141,-0.259,0.383,0.08,-0.128,-0.683
0.5700000000000001,-0.14,-0.26,0.375,0.079,-0.101,-0.601
0.58,-0.139,-0.262,0.368,0.076,-0.079,-0.529
0.59,-0.138,-0.262,0.361,0.071,-0.061,-0.465
0.6,-0.137,-0.263,0.356,0.065,-0.047,-0.409
0.61,-0.137,-0.264,0.351,0.059,-0.036,-0.359
0.62,-0.136,-0.264,0.347,0.052,-0.027,-0.316
0.63,-0.135,-0.264,0.343,0.046,-0.02,-0.277
0.64,-0.135,-0.265,0.339,0.04,-0.015,-0.244
0.65,-0.134,-0.265,0.337,0.034,-0.01,-0.215
0.66,-0.134,-0.265,0.334,0.029,-0.007,-0.189
0.67,-0.133,-0.265,0.332,0.025,-0.004,-0.166
0.68,-0.133,-0.265,0.33,0.021,-0.002,-0.146
0.6900000000000001,-0.133,-0.265,0.328,0.017,-0.001,-0.129
0.7000000000000001,-0.133,-0.265,0.326,0.014,0.001,-0.113
0.71,-0.133,-0.265,0.325,0.011,0.002,-0.1
0.72,-0.132,-0.265,0.324,0.009,0.002,-0.086
0.73,-0.132,-0.265,0.323,0.006,0.002,-0.071
0.74,-0.132,-0.265,0.322,0.004,0.003,-0.059
0.75,-0.132,-0.265,0.321,0.002,0.003,-0.05
0.76,-0.132,-0.265,0.321,0.007,-0.0,-0.044
0.77,-0.131,-0.265,0.32,0.178,-0.08,-0.06
0.78,-0.128,-0.266,0.319,0.27,-0.119,-0.066
0.79,-0.125,-0.268,0.318,0.297,-0.125,-0.071
0.8,-0.12,-0.27,0.317,0.406,-0.165,-0.082
0.81,-0.115,-0.272,0.316,0.366,-0.139,-0.099
0.8200000000000001,-0.111,-0.274,0.315,0.33,-0.115,-0.128
0.8300000000000001,-0.107,-0.275,0.313,0.297,-0.094,-0.156
0.84,-0.103,-0.276,0.311,0.267,-0.076,-0.177
0.85,-0.1,-0.277,0.309,0.242,-0.062,-0.169
0.86,-0.097,-0.278,0.307,0.298,-0.077,-0.174
0.87,-0.093,-0.279,0.305,0.27,-0.062,-0.173
0.88,-0.089,-0.28,0.303,0.321,-0.074,-0.164
0.89,-0.084,-0.281,0.301,0.609,-0.159,-0.153
0.9,-0.076,-0.283,0.299,0.85,-0.207,-0.144
0.91,-0.064,-0.286,0.297,1.042,-0.217,-0.138
0.92,-0.05,-0.288,0.295,1.24,-0.206,-0.125
0.93,-0.034,-0.291,0.294,1.448,-0.172,-0.101
0.9400000000000001,-0.015,-0.293,0.293,1.62,-0.102,-0.078
0.9500000000000001,0.006,-0.293,0.292,1.755,-0.001,-0.056
0.96,0.028,-0.293,0.291,1.868,0.118,-0.032
0.97,0.051,-0.291,0.291,1.74,0.105,-0.033
0.98,0.073,-0.29,0.291,1.626,0.092,-0.034
0.99,0.092,-0.289,0.29,1.526,0.081,-0.035
1.0,0.112,-0.288,0.29,1.638,0.076,-0.033
1.01,0.132,-0.287,0.289,1.735,0.072,-0.029
1.02,0.154,-0.287,0.289,1.82,0.068,-0.025
1.03,0.178,-0.286,0.289,1.894,0.065,-0.021
1.04,0.201,-0.285,0.289,1.959,0.062,-0.017
1.05,0.226,-0.285,0.288,2.015,0.06,-0.014
1.06,0.251,-0.284,0.288,2.064,0.058,-0.01
1.07,0.277,-0.284,0.288,2.106,0.057,-0.007
1.08,0.304,-0.283,0.288,2.142,0.056,-0.003
1.09,0.331,-0.283,0.288,2.174,0.055,-0.0
1.1,0.358,-0.283,0.288,2.201,0.054,0.002
1.11,0.385,-0.283,0.288,2.224,0.053,0.005
1.12,0.413,-0.282,0.288,2.244,0.053,0.007
1.1300000000000001,0.441,-0.282,0.288,2.161,0.048,0.007
1.1400000000000001,0.467,-0.282,0.287,1.99,0.009,-0.004
1.1500000000000001,0.492,-0.283,0.287,2.041,-0.193,-0.0
1.16,0.518,-0.286,0.287,2.083,-0.165,0.002
1.17,0.544,-0.289,0.287,2.12,-0.136,0.004
1.18,0.571,-0.291,0.287,2.052,-0.116,0.004
1.19,0.595,-0.293,0.287,1.795,-0.107,0.002
1.2,0.618,-0.294,0.287,1.863,-0.085,0.004
1.21,0.641,-0.296,0.287,1.728,-0.075,-0.077
1.22,0.662,-0.297,0.284,1.512,-0.07,-0.37
1.23,0.68,-0.298,0.279,1.323,-0.065,-0.626
1.24,0.696,-0.299,0.271,1.257,-0.145,-0.551
1.25,0.713,-0.303,0.264,1.396,-0.395,-0.479
1.26,0.731,-0.309,0.259,1.418,-0.537,-0.416
1.27,0.748,-0.316,0.252,1.24,-0.472,-0.561
1.28,0.762,-0.322,0.246,1.086,-0.414,-0.491
1.29,0.776,-0.327,0.24,0.95,-0.363,-0.429
1.3,0.787,-0.332,0.234,0.832,-0.318,-0.375
1.31,0.797,-0.336,0.23,0.729,-0.279,-0.328
1.32,0.806,-0.339,0.226,0.638,-0.245,-0.287
1.33,0.813,-0.342,0.223,0.558,-0.215,-0.252
1.34,0.82,-0.345,0.219,0.489,-0.188,-0.22
1.35,0.826,-0.347,0.217,0.428,-0.165,-0.193
1.36,0.831,-0.349,0.214,0.375,-0.144,-0.169
1.37,0.836,-0.351,0.212,0.328,-0.126,-0.148
1.3800000000000001,0.84,-0.353,0.211,0.287,-0.111,-0.129
1.3900000000000001,0.843,-0.354,0.209,0.251,-0.097,-0.113
1.4000000000000001,0.846,-0.355,0.208,0.219,-0.085,-0.099
1.41,0.849,-0.356,0.207,0.191,-0.074,-0.086
1.42,0.851,-0.357,0.206,0.166,-0.064,-0.075
1.43,0.853,-0.358,0.205,0.144,-0.056,-0.066
1.44,0.855,-0.359,0.204,0.124,-0.048,-0.057
1.45,0.856,-0.359,0.203,0.105,-0.04,-0.049
1.46,0.858,-0.36,0.203,0.086,-0.033,-0.042
1.47,0.859,-0.36,0.202,0.064,-0.024,-0.034
1.48,0.86,-0.361,0.202,0.033,-0.011,-0.026
1.49,0.86,-0.361,0.201,0.005,0.0,-0.019
1.5,0.86,-0.361,0.201,-0.001,0.002,-0.016
1.51,0.86,-0.361,0.201,-0.002,0.002,-0.014
1.52,0.86,-0.361,0.201,-0.001,0.002,-0.012
1.53,0.868,-0.35,0.221,0.154,3.471,5.533
1.54,0.849,-0.32,0.282,-1.193,3.644,4.853
1.55,0.835,-0.278,0.339,-0.888,3.079,4.205
1.56,0.823,-0.242,0.389,-0.746,2.672,3.685
1.57,0.813,-0.21,0.433,-0.644,2.331,3.232
1.58,0.805,-0.182,0.472,-0.561,2.037,2.835
1.59,0.798,-0.158,0.506,-0.49,1.781,2.485
1.6,0.791,-0.136,0.536,-0.429,1.557,2.177
1.61,0.786,-0.118,0.562,-0.375,1.361,1.906
1.62,0.781,-0.102,0.584,-0.328,1.191,1.669
1.6300000000000001,0.777,-0.087,0.604,-0.287,1.041,1.46
1.6400000000000001,0.774,-0.075,0.622,-0.25,0.911,1.278
1.6500000000000001,0.771,-0.064,0.637,-0.219,0.796,1.118
1.6600000000000001,0.768,-0.054,0.65,-0.191,0.696,0.978
1.67,0.766,-0.046,0.662,-0.166,0.609,0.856
1.68,0.764,-0.039,0.672,-0.145,0.533,0.749
1.69,0.762,-0.032,0.681,-0.127,0.466,0.655
1.7,0.76,-0.027,0.689,-0.111,0.408,0.573
1.71,0.759,-0.022,0.696,-0.097,0.356,0.502
1.72,0.758,-0.018,0.702,-0.084,0.312,0.439
1.73,0.757,-0.014,0.707,-0.073,0.273,0.384
1.74,0.756,-0.011,0.712,-0.064,0.239,0.336
1.75,0.755,-0.008,0.716,-0.056,0.209,0.294
1.76,0.755,-0.005,0.719,-0.049,0.183,0.257
1.77,0.754,-0.003,0.722,-0.043,0.16,0.225
1.78,0.754,-0.001,0.725,-0.037,0.14,0.197
1.79,0.753,0.0,0.728,-0.033,0.122,0.172
1.8,0.753,0.002,0.73,-0.028,0.107,0.151
1.81,0.752,0.003,0.731,-0.025,0.094,0.132
