0.01,-0.741,-0.004,0.751,0.3,-0.007,0.002
0.02,-0.736,-0.004,0.751,0.565,-0.009,0.003
0.03,-0.728,-0.004,0.751,0.797,-0.011,0.002
0.04,-0.717,-0.004,0.751,1.0,-0.02,0.002
0.05,-0.704,-0.005,0.751,1.176,-0.149,-0.005
0.06,-0.689,-0.008,0.751,1.33,-0.246,-0.009
0.07,-0.672,-0.011,0.751,1.464,-0.251,-0.008
0.08,-0.653,-0.014,0.75,1.48,-0.218,-0.005
0.09,-0.635,-0.017,0.75,1.293,-0.194,-0.011
0.1,-0.62,-0.02,0.75,1.132,-0.17,-0.137
0.11,-0.606,-0.022,0.747,0.994,-0.146,-0.419
0.12,-0.594,-0.024,0.741,0.874,-0.133,-0.665
0.13,-0.584,-0.025,0.731,0.771,-0.132,-0.878
0.14,-0.575,-0.027,0.72,0.681,-0.129,-1.064
0.15,-0.568,-0.029,0.707,0.493,-0.168,-0.94
0.16,-0.562,-0.031,0.696,0.43,-0.148,-0.852
0.17,-0.557,-0.033,0.684,0.381,-0.144,-1.039
0.18,-0.552,-0.035,0.67,0.339,-0.139,-1.206
0.19,-0.549,-0.037,0.655,0.117,-0.278,-1.164
0.2,-0.548,-0.041,0.641,-0.106,-0.25,-1.018
0.21,-0.55,-0.044,0.629,-0.225,-0.22,-0.891
0.22,-0.553,-0.047,0.618,-0.197,-0.333,-0.78
0.23,-0.556,-0.052,0.609,-0.272,-0.592,-0.682
0.24,-0.559,-0.06,0.601,-0.259,-0.819,-0.596
0.25,-0.562,-0.07,0.594,-0.227,-0.721,-0.521
0.26,-0.565,-0.079,0.587,-0.169,-0.631,-0.456
0.27,-0.566,-0.086,0.582,-0.138,-0.552,-0.399
0.28,-0.568,-0.093,0.577,-0.121,-0.482,-0.459
0.29,-0.57,-0.099,0.57,-0.106,-0.421,-0.702
0.3,-0.571,-0.104,0.561,-0.092,-0.368,-0.814
0.31,-0.572,-0.108,0.551,-0.081,-0.322,-0.713
0.32,-0.573,-0.112,0.542,-0.071,-0.282,-0.623
0.33,-0.574,-0.115,0.535,-0.063,-0.247,-0.545
0.34,-0.574,-0.118,0.528,-0.055,-0.216,-0.477
0.35000000000000003,-0.575,-0.121,0.523,-0.048,-0.189,-0.418
0.36,-0.576,-0.123,0.518,-0.043,-0.165,-0.365
0.37,-0.576,-0.125,0.513,-0.037,-0.145,-0.32
0.38,-0.577,-0.127,0.509,-0.033,-0.127,-0.28
0.39,-0.577,-0.128,0.506,-0.029,-0.111,-0.345
0.4,-0.577,-0.13,0.501,-0.025,-0.096,-0.601
0.41000000000000003,-0.578,-0.131,0.492,-0.021,-0.083,-0.826
0.42,-0.578,-0.132,0.481,-0.019,-0.072,-0.973
0.43,-0.579,-0.133,0.469,-0.266,-0.085,-0.854
0.44,-0.583,-0.134,0.459,-0.535,-0.193,-0.748
0.45,-0.591,-0.137,0.45,-0.669,-0.278,-0.654
0.46,-0.599,-0.142,0.442,-0.754,-0.54,-0.57
0.47000000000000003,-0.609,-0.149,0.435,-0.821,-0.672,-0.597
0.48,-0.619,-0.157,0.427,-0.721,-0.59,-0.823
0.49,-0.628,-0.164,0.416,-0.632,-0.517,-1.02
0.5,-0.635,-0.171,0.403,-0.413,-0.453,-0.906
0.51,-0.64,-0.176,0.392,-0.357,-0.396,-0.792
0.52,-0.644,-0.181,0.383,-0.313,-0.347,-0.693
0.53,-0.648,-0.185,0.375,-0.274,-0.303,-0.606
0.54,-0.651,-0.189,0.367,-0.24,-0.265,-0.53
0.55,-0.654,-0.192,0.361,-0.21,-0.232,-0.463
0.56,-0.656,-0.194,0.355,-0.184,-0.203,-0.405
0.5700000000000001,-0.658,-0.197,0.351,-0.161,-0.178,-0.364
0.58,-0.66,-0.199,0.346,-0.141,-0.156,-0.319
0.59,-0.662,-0.201,0.342,-0.123,-0.136,-0.279
0.6,-0.663,-0.203,0.339,-0.108,-0.119,-0.244
0.61,-0.665,-0.204,0.336,-0.124,-0.104,-0.214
0.62,-0.666,-0.205,0.334,-0.119,-0.091,-0.187
0.63,-0.668,-0.206,0.331,-0.104,-0.08,-0.164
0.64,-0.669,-0.207,0.329,-0.091,-0.07,-0.143
0.65,-0.67,-0.208,0.328,-0.08,-0.061,-0.125
0.66,-0.671,-0.209,0.326,-0.07,-0.053,-0.11
0.67,-0.672,-0.209,0.325,-0.061,-0.047,-0.096
0.68,-0.673,-0.21,0.324,-0.053,-0.041,-0.084
0.6900000000000001,-0.673,-0.21,0.323,-0.047,-0.036,-0.073
0.7000000000000001,-0.674,-0.211,0.322,-0.041,-0.031,-0.064
0.71,-0.674,-0.211,0.321,-0.036,-0.027,-0.056
0.72,-0.675,-0.212,0.32,-0.031,-0.024,-0.049
0.73,-0.675,-0.212,0.32,-0.027,-0.181,-0.043
0.74,-0.676,-0.216,0.319,-0.054,-0.458,-0.037
0.75,-0.676,-0.222,0.319,-0.108,-0.701,-0.031
0.76,-0.678,-0.232,0.318,-0.136,-0.913,-0.025
0.77,-0.68,-0.244,0.318,-0.131,-1.098,-0.021
0.78,-0.681,-0.259,0.318,-0.086,-1.261,-0.016
0.79,-0.681,-0.275,0.318,0.072,-1.405,-0.013
0.8,-0.679,-0.293,0.317,0.333,-1.501,-0.011
0.81,-0.674,-0.312,0.317,0.592,-1.543,-0.009
0.8200000000000001,-0.665,-0.331,0.317,0.819,-1.47,-0.009
0.8300000000000001,-0.654,-0.349,0.317,1.019,-1.374,-0.008
0.84,-0.641,-0.366,0.317,1.193,-1.29,-0.007
0.85,-0.625,-0.382,0.316,1.345,-1.216,-0.006
0.86,-0.608,-0.397,0.317,1.465,-1.18,0.233
0.87,-0.589,-0.411,0.321,1.572,-1.157,0.405
0.88,-0.569,-0.426,0.326,1.672,-1.155,0.498
0.89,-0.548,-0.44,0.333,1.763,-1.16,0.533
0.9,-0.525,-0.455,0.339,1.845,-1.193,0.512
0.91,-0.502,-0.47,0.346,1.819,-1.163,0.431
0.92,-0.479,-0.484,0.351,1.79,-1.143,0.345
0.93,-0.458,-0.498,0.354,1.573,-1.004,0.226
0.9400000000000001,-0.437,-0.51,0.357,1.673,-1.055,0.192
0.9500000000000001,-0.416,-0.524,0.359,1.764,-1.103,0.141
0.96,-0.394,-0.538,0.36,1.844,-1.136,0.084
0.97,-0.37,-0.552,0.361,1.913,-1.085,0.074
0.98,-0.346,-0.565,0.362,1.973,-0.95,0.118
0.99,-0.321,-0.576,0.364,2.026,-0.83,0.144
1.0,-0.295,-0.586,0.365,2.073,-0.726,0.153
1.01,-0.269,-0.594,0.367,2.113,-0.635,0.147
1.02,-0.243,-0.602,0.369,1.95,-0.557,0.073
1.03,-0.22,-0.608,0.369,1.706,-0.489,-0.007
1.04,-0.199,-0.614,0.369,1.492,-0.43,-0.061
1.05,-0.181,-0.619,0.368,1.305,-0.379,-0.098
1.06,-0.166,-0.623,0.367,1.141,-0.333,-0.121
1.07,-0.151,-0.628,0.365,1.145,-0.323,-0.135
1.08,-0.137,-0.631,0.363,1.061,-0.295,-0.145
1.09,-0.124,-0.635,0.361,0.928,-0.26,-0.151
1.1,-0.113,-0.638,0.359,0.811,-0.229,-0.152
1.11,-0.103,-0.641,0.357,0.728,-0.202,-0.148
1.12,-0.093,-0.643,0.356,0.932,-0.178,-0.121
1.1300000000000001,-0.081,-0.645,0.354,1.115,-0.157,-0.106
1.1400000000000001,-0.066,-0.647,0.353,1.276,-0.139,-0.104
1.1500000000000001,-0.05,-0.649,0.352,1.416,-0.123,-0.114
1.16,-0.032,-0.65,0.35,1.54,-0.169,-0.182
1.17,-0.012,-0.653,0.346,1.58,-0.444,-0.439
1.18,0.007,-0.66,0.341,1.473,-0.69,-0.425
1.19,0.025,-0.669,0.335,1.285,-0.903,-0.366
1.2,0.041,-0.681,0.331,1.119,-1.089,-0.314
1.21,0.054,-0.695,0.327,0.973,-1.251,-0.268
1.22,0.066,-0.711,0.323,0.938,-1.215,-0.232
1.23,0.078,-0.726,0.32,1.04,-1.096,-0.201
1.24,0.092,-0.74,0.317,1.203,-1.215,-0.166
1.25,0.107,-0.754,0.315,1.218,-1.071,-0.145
1.26,0.122,-0.767,0.313,1.209,-0.939,-0.127
1.27,0.137,-0.778,0.311,1.126,-0.921,-0.11
1.28,0.151,-0.789,0.309,0.986,-0.808,-0.118
1.29,0.163,-0.799,0.307,0.864,-0.711,-0.372
1.3,0.173,-0.807,0.301,0.758,-0.626,-0.627
1.31,0.182,-0.815,0.292,0.664,-0.551,-0.85
1.32,0.19,-0.821,0.28,0.58,-0.584,-0.944
1.33,0.198,-0.829,0.269,0.638,-0.807,-0.821
1.34,0.206,-0.838,0.259,0.657,-0.71,-0.727
1.35,0.214,-0.847,0.249,0.576,-0.625,-0.932
1.36,0.221,-0.854,0.236,0.504,-0.55,-1.116
1.37,0.227,-0.86,0.223,0.441,-0.48,-1.0
1.3800000000000001,0.233,-0.866,0.21,0.386,-0.42,-1.034
1.3900000000000001,0.237,-0.871,0.197,0.336,-0.366,-1.034
1.4000000000000001,0.241,-0.875,0.184,0.292,-0.316,-1.142
1.41,0.245,-0.878,0.17,0.352,-0.265,-1.0
1.42,0.249,-0.881,0.158,0.305,-0.207,-0.867
1.43,0.253,-0.884,0.148,0.436,-0.05,-0.731
1.44,0.259,-0.883,0.139,0.369,0.344,-0.55
1.45,0.264,-0.879,0.132,0.324,0.325,-0.671
1.46,0.268,-0.876,0.125,0.164,0.523,-0.506
1.47,0.272,-0.874,0.12,0.311,0.34,-0.692
1.48,0.275,-0.87,0.112,0.259,0.295,-0.628
1.49,0.279,-0.867,0.104,0.234,0.27,-0.537
1.5,0.281,-0.864,0.097,0.188,0.245,-0.464
1.51,0.284,-0.861,0.091,0.242,0.23,-0.434
1.52,0.288,-0.859,0.086,0.391,0.278,-0.46
1.53,0.293,-0.855,0.08,0.479,0.318,-0.476
1.54,0.299,-0.85,0.074,0.411,0.738,-0.323
1.55,0.304,-0.84,0.07,0.316,1.095,-0.247
1.56,0.307,-0.826,0.067,0.292,1.198,-0.099
1.57,0.311,-0.812,0.069,0.316,1.127,0.537
1.58,0.314,-0.798,0.077,0.336,1.113,0.963
1.59,0.319,-0.784,0.09,0.507,1.177,1.117
1.6,0.326,-0.769,0.104,0.695,1.275,1.15
1.61,0.335,-0.753,0.118,0.901,1.395,1.088
1.62,0.347,-0.735,0.131,1.053,1.476,0.928
1.6300000000000001,0.36,-0.716,0.142,1.18,1.572,0.79
1.6400000000000001,0.375,-0.695,0.152,1.205,1.674,0.711
1.6500000000000001,0.39,-0.674,0.16,1.207,1.77,0.612
1.6600000000000001,0.404,-0.651,0.168,1.063,1.84,0.571
1.67,0.416,-0.628,0.175,0.932,1.828,0.432
1.68,0.427,-0.606,0.179,0.817,1.649,0.189
1.69,0.436,-0.586,0.18,0.716,1.48,0.008
1.7,0.463,-0.53,0.227,3.044,5.502,5.36
1.71,0.497,-0.462,0.291,2.684,4.818,4.75
1.72,0.527,-0.403,0.348,2.355,4.233,4.199
1.73,0.554,-0.351,0.398,2.057,3.717,3.697
1.74,0.578,-0.307,0.442,1.794,3.257,3.242
1.75,0.598,-0.268,0.481,1.565,2.849,2.836
1.76,0.617,-0.234,0.515,1.367,2.489,2.478
1.77,0.633,-0.204,0.544,1.195,2.173,2.163
1.78,0.647,-0.178,0.57,1.047,1.896,1.888
1.79,0.66,-0.156,0.593,0.917,1.654,1.638
1.8,0.671,-0.136,0.612,0.805,1.444,1.43
1.81,0.681,-0.119,0.63,0.706,1.26,1.249
1.82,0.689,-0.104,0.645,0.62,1.1,1.091
1.83,0.697,-0.091,0.658,0.544,0.961,0.954
1.84,0.703,-0.08,0.669,0.478,0.839,0.834
1.85,0.709,-0.07,0.679,0.42,0.733,0.729
1.86,0.714,-0.061,0.688,0.369,0.641,0.638
1.87,0.718,-0.053,0.695,0.324,0.56,0.558
1.8800000000000001,0.722,-0.047,0.702,0.284,0.489,0.488
1.8900000000000001,0.726,-0.041,0.708,0.249,0.428,0.427
1.9000000000000001,0.729,-0.036,0.713,0.219,0.374,0.374
1.9100000000000001,0.731,-0.031,0.718,0.192,0.327,0.327
1.92,0.734,-0.027,0.722,0.168,0.286,0.286
1.93,0.736,-0.024,0.725,0.148,0.25,0.25
1.94,0.737,-0.021,0.728,0.129,0.219,0.219
1.95,0.739,-0.018,0.731,0.113,0.191,0.192
