0.01,-0.747,-0.008,0.747,0.001,-0.003,-0.001
0.02,-0.747,-0.008,0.747,0.001,-0.053,-0.001
0.03,-0.747,-0.01,0.747,0.001,-0.286,-0.001
0.04,-0.747,-0.014,0.747,0.001,-0.55,-0.0
0.05,-0.747,-0.022,0.747,0.08,-0.782,0.001
0.06,-0.745,-0.033,0.747,0.229,-0.984,0.002
0.07,-0.741,-0.046,0.747,0.39,-1.162,0.004
0.08,-0.736,-0.061,0.747,0.62,-1.238,0.006
0.09,-0.727,-0.076,0.747,0.842,-1.214,0.008
0.1,-0.715,-0.091,0.747,1.037,-1.174,0.009
0.11,-0.702,-0.106,0.747,1.207,-1.118,0.011
0.12,-0.686,-0.119,0.747,1.356,-1.08,0.013
0.13,-0.668,-0.133,0.747,1.385,-1.025,0.013
0.14,-0.65,-0.145,0.747,1.507,-0.987,0.015
0.15,-0.632,-0.157,0.747,1.522,-0.906,0.006
0.16,-0.612,-0.168,0.747,1.631,-0.883,0.008
0.17,-0.591,-0.179,0.746,1.726,-0.883,0.011
0.18,-0.569,-0.19,0.746,1.808,-0.893,0.013
0.19,-0.547,-0.201,0.746,1.785,-0.884,0.004
0.2,-0.525,-0.212,0.746,1.86,-0.923,0.007
0.21,-0.501,-0.223,0.746,1.926,-0.938,0.01
0.22,-0.477,-0.235,0.745,1.983,-0.941,0.012
0.23,-0.451,-0.247,0.745,2.034,-0.943,0.014
0.24,-0.426,-0.258,0.745,2.078,-0.945,0.015
0.25,-0.399,-0.27,0.745,2.117,-0.947,0.017
0.26,-0.373,-0.282,0.745,2.052,-0.909,0.007
0.27,-0.347,-0.293,0.745,2.095,-0.993,0.01
0.28,-0.321,-0.306,0.744,2.133,-1.048,0.012
0.29,-0.294,-0.319,0.744,2.165,-0.987,0.013
0.3,-0.267,-0.33,0.744,2.093,-0.758,0.013
0.31,-0.241,-0.339,0.744,1.833,-0.664,0.18
0.32,-0.219,-0.347,0.748,1.606,-0.581,0.455
0.33,-0.2,-0.354,0.754,1.409,-0.507,0.697
0.34,-0.183,-0.36,0.764,1.237,-0.443,0.909
0.35000000000000003,-0.169,-0.365,0.776,1.086,-0.386,1.094
0.36,-0.156,-0.37,0.79,0.954,-0.335,1.256
0.37,-0.144,-0.374,0.807,0.837,-0.293,1.298
0.38,-0.134,-0.377,0.822,0.729,-0.259,1.136
0.39,-0.126,-0.381,0.836,0.64,-0.225,1.212
0.4,-0.118,-0.383,0.852,0.56,-0.198,1.16
0.41000000000000003,-0.112,-0.386,0.866,0.488,-0.175,1.015
0.42,-0.106,-0.388,0.878,0.426,-0.154,0.888
0.43,-0.101,-0.39,0.889,0.382,-0.136,0.777
0.44,-0.096,-0.392,0.898,0.334,-0.12,0.68
0.45,-0.092,-0.393,0.906,0.281,-0.007,0.596
0.46,-0.089,-0.392,0.913,0.265,0.292,0.522
0.47000000000000003,-0.085,-0.387,0.919,0.421,0.514,0.457
0.48,-0.08,-0.38,0.925,0.468,0.51,0.4
0.49,-0.074,-0.374,0.93,0.41,0.426,0.35
0.5,-0.069,-0.369,0.934,0.358,0.343,0.276
0.51,-0.066,-0.366,0.937,0.047,0.164,0.241
0.52,-0.065,-0.364,0.94,0.037,0.143,0.011
0.53,-0.065,-0.363,0.939,0.032,0.125,-0.09
0.54,-0.064,-0.361,0.938,0.028,0.109,-0.079
0.55,-0.064,-0.36,0.937,0.024,0.096,-0.069
0.56,-0.064,-0.359,0.936,0.021,0.084,-0.06
0.5700000000000001,-0.064,-0.358,0.935,0.069,0.073,-0.053
0.58,-0.061,-0.357,0.935,0.357,0.064,-0.046
0.59,-0.056,-0.356,0.934,0.612,0.057,-0.04
0.6,-0.047,-0.355,0.934,0.835,0.09,-0.034
0.61,-0.036,-0.354,0.933,1.03,0.14,-0.028
0.62,-0.022,-0.352,0.933,1.2,0.184,-0.024
0.63,-0.007,-0.349,0.932,1.349,0.223,-0.019
0.64,0.009,-0.347,0.932,1.186,0.195,-0.027
0.65,0.024,-0.344,0.932,1.137,0.19,-0.043
0.66,0.039,-0.342,0.931,1.19,0.207,-0.047
0.67,0.054,-0.339,0.93,1.241,0.193,-0.05
0.68,0.069,-0.337,0.93,1.087,0.167,-0.074
0.6900000000000001,0.082,-0.335,0.928,0.951,0.145,-0.095
0.7000000000000001,0.093,-0.333,0.927,0.833,0.126,-0.113
0.71,0.103,-0.332,0.926,0.729,0.11,-0.129
0.72,0.113,-0.33,0.924,0.833,0.156,-0.122
0.73,0.124,-0.328,0.923,0.819,0.157,-0.107
0.74,0.135,-0.326,0.921,1.011,0.238,-0.092
0.75,0.148,-0.323,0.92,1.182,0.223,-0.08
0.76,0.164,-0.32,0.919,1.332,0.2,-0.068
0.77,0.181,-0.318,0.918,1.463,0.18,-0.058
0.78,0.198,-0.316,0.917,1.286,0.156,-0.08
0.79,0.214,-0.314,0.916,1.224,0.156,-0.07
0.8,0.229,-0.312,0.915,1.279,0.16,-0.06
0.81,0.246,-0.31,0.915,1.415,0.206,-0.05
0.8200000000000001,0.264,-0.308,0.914,1.416,0.184,-0.043
0.8300000000000001,0.282,-0.305,0.913,1.52,0.266,-0.035
0.84,0.302,-0.302,0.913,1.459,0.265,-0.03
0.85,0.319,-0.299,0.912,1.28,0.227,-0.117
0.86,0.335,-0.297,0.91,1.124,0.192,-0.402
0.87,0.348,-0.294,0.903,0.987,0.164,-0.573
0.88,0.36,-0.292,0.897,0.865,0.143,-0.503
0.89,0.37,-0.291,0.891,0.758,0.006,-0.441
0.9,0.379,-0.291,0.885,0.664,0.052,-0.386
0.91,0.387,-0.29,0.881,0.581,0.045,-0.338
0.92,0.394,-0.29,0.876,0.51,0.038,-0.406
0.93,0.4,-0.289,0.871,0.446,0.033,-0.455
0.9400000000000001,0.406,-0.289,0.865,0.391,0.028,-0.398
0.9500000000000001,0.411,-0.29,0.861,0.411,-0.269,-0.35
0.96,0.416,-0.293,0.856,0.36,-0.212,-0.306
0.97,0.42,-0.296,0.852,0.316,-0.186,-0.544
0.98,0.424,-0.298,0.844,0.277,-0.163,-0.775
0.99,0.427,-0.3,0.834,0.313,-0.341,-0.684
1.0,0.432,-0.306,0.826,0.417,-0.597,-0.602
1.01,0.437,-0.314,0.819,0.579,-0.819,-0.534
1.02,0.444,-0.324,0.813,0.662,-0.7,-0.469
1.03,0.453,-0.332,0.807,0.881,-0.499,-0.416
1.04,0.465,-0.337,0.802,0.749,-0.312,-0.359
1.05,0.472,-0.34,0.798,0.451,-0.138,-0.307
1.06,0.477,-0.342,0.795,0.317,-0.122,-0.267
1.07,0.481,-0.343,0.791,0.277,-0.107,-0.243
1.08,0.484,-0.345,0.788,0.243,-0.093,-0.422
1.09,0.487,-0.346,0.783,0.212,-0.082,-0.373
1.1,0.489,-0.347,0.778,0.076,-0.073,-0.326
1.11,0.489,-0.347,0.774,-0.202,-0.064,-0.286
1.12,0.487,-0.348,0.771,-0.181,-0.056,-0.25
1.1300000000000001,0.484,-0.349,0.768,-0.158,-0.049,-0.219
1.1400000000000001,0.482,-0.349,0.765,-0.138,-0.042,-0.301
1.1500000000000001,0.481,-0.35,0.761,-0.121,-0.037,-0.364
1.16,0.479,-0.35,0.757,-0.066,-0.033,-0.318
1.17,0.479,-0.351,0.753,0.04,-0.028,-0.278
1.18,0.48,-0.351,0.749,0.035,-0.025,-0.373
1.19,0.48,-0.351,0.744,0.031,-0.021,-0.626
1.2,0.481,-0.352,0.735,0.228,-0.018,-0.648
1.21,0.484,-0.352,0.727,0.23,-0.016,-0.567
1.22,0.487,-0.352,0.721,0.201,-0.014,-0.496
1.23,0.489,-0.353,0.715,0.176,-0.16,-0.435
1.24,0.492,-0.355,0.71,0.264,-0.14,-0.381
1.25,0.496,-0.357,0.705,0.37,-0.122,-0.335
1.26,0.501,-0.358,0.701,0.622,-0.104,-0.298
1.27,0.509,-0.359,0.697,0.549,-0.092,-0.369
1.28,0.515,-0.361,0.692,0.48,-0.081,-0.542
1.29,0.521,-0.362,0.685,0.41,-0.071,-0.474
1.3,0.526,-0.362,0.68,0.358,-0.063,-0.414
1.31,0.53,-0.364,0.675,0.254,-0.255,-0.362
1.32,0.532,-0.368,0.67,0.013,-0.525,-0.316
1.33,0.532,-0.374,0.667,-0.021,-0.483,-0.276
1.34,0.532,-0.38,0.663,-0.018,-0.422,-0.242
1.35,0.533,-0.385,0.66,0.232,-0.269,-0.213
1.36,0.537,-0.387,0.658,0.503,0.065,-0.188
1.37,0.544,-0.385,0.656,0.74,0.359,-0.167
1.3800000000000001,0.554,-0.379,0.654,0.948,0.615,-0.149
1.3900000000000001,0.567,-0.371,0.652,1.13,0.84,-0.134
1.4000000000000001,0.581,-0.359,0.65,1.288,1.018,-0.123
1.41,0.6,-0.325,0.658,1.559,3.401,0.939
1.42,0.618,-0.284,0.67,1.368,2.978,0.817
1.43,0.635,-0.249,0.679,1.2,2.607,0.711
1.44,0.649,-0.217,0.688,1.053,2.281,0.619
1.45,0.661,-0.19,0.696,0.923,1.996,0.539
1.46,0.672,-0.166,0.702,0.809,1.745,0.471
1.47,0.682,-0.145,0.708,0.709,1.526,0.412
1.48,0.69,-0.127,0.713,0.622,1.335,0.36
1.49,0.697,-0.111,0.718,0.545,1.167,0.316
1.5,0.704,-0.097,0.722,0.478,1.021,0.277
1.51,0.71,-0.085,0.725,0.418,0.892,0.243
1.52,0.715,-0.074,0.728,0.367,0.78,0.213
1.53,0.719,-0.065,0.731,0.321,0.682,0.187
1.54,0.723,-0.057,0.733,0.281,0.597,0.164
1.55,0.726,-0.05,0.735,0.247,0.522,0.144
1.56,0.729,-0.044,0.737,0.216,0.456,0.126
1.57,0.732,-0.038,0.738,0.189,0.399,0.111
1.58,0.734,-0.033,0.74,0.166,0.349,0.097
1.59,0.736,-0.029,0.741,0.145,0.305,0.085
1.6,0.738,-0.026,0.742,0.127,0.267,0.075
1.61,0.739,-0.022,0.743,0.111,0.234,0.065
1.62,0.741,-0.02,0.743,0.097,0.204,0.057
1.6300000000000001,0.742,-0.017,0.744,0.085,0.179,0.05
1.6400000000000001,0.743,-0.015,0.745,0.075,0.156,0.044
1.6500000000000001,0.744,-0.013,0.745,0.065,0.137,0.039
1.6600000000000001,0.744,-0.011,0.746,0.057,0.12,0.034
1.67,0.745,-0.01,0.746,0.05,0.105,0.03
1.68,0.746,-0.009,0.746,0.044,0.092,0.026
1.69,0.746,-0.008,0.747,0.038,0.08,0.023
