0.01,-0.744,-0.006,0.748,0.003,-0.002,-0.001
0.02,-0.743,-0.006,0.748,0.172,-0.004,-0.001
0.03,-0.74,-0.006,0.748,0.451,-0.007,-0.001
0.04,-0.733,-0.006,0.748,0.696,-0.01,0.0
0.05,-0.724,-0.007,0.748,0.909,-0.018,0.0
0.06,-0.712,-0.007,0.748,1.095,-0.026,0.0
0.07,-0.697,-0.007,0.747,1.258,-0.049,0.002
0.08,-0.681,-0.008,0.747,1.402,-0.138,0.01
0.09,-0.663,-0.01,0.747,1.526,-0.261,0.013
0.1,-0.643,-0.014,0.747,1.634,-0.378,0.017
0.11,-0.623,-0.019,0.747,1.729,-0.481,0.02
0.12,-0.601,-0.025,0.747,1.811,-0.57,0.023
0.13,-0.578,-0.032,0.747,1.883,-0.648,0.025
0.14,-0.554,-0.041,0.747,1.946,-0.715,0.028
0.15,-0.529,-0.05,0.746,2.002,-0.773,0.03
0.16,-0.504,-0.06,0.746,2.05,-0.823,0.031
0.17,-0.478,-0.07,0.746,2.092,-0.866,0.033
0.18,-0.452,-0.081,0.746,2.129,-0.906,0.033
0.19,-0.425,-0.092,0.746,2.161,-0.942,0.033
0.2,-0.397,-0.104,0.746,2.09,-0.924,0.031
0.21,-0.372,-0.115,0.746,1.83,-0.81,-0.002
0.22,-0.349,-0.125,0.746,1.896,-0.855,0.001
0.23,-0.326,-0.136,0.745,1.863,-0.869,-0.006
0.24,-0.302,-0.147,0.745,1.93,-0.947,-0.002
0.25,-0.278,-0.159,0.745,1.989,-1.035,0.001
0.26,-0.253,-0.173,0.744,2.042,-1.161,0.005
0.27,-0.227,-0.188,0.744,2.089,-1.28,0.007
0.28,-0.201,-0.203,0.744,2.035,-1.302,-0.001
0.29,-0.176,-0.22,0.743,2.085,-1.403,0.001
0.3,-0.15,-0.238,0.743,1.925,-1.32,-0.018
0.31,-0.127,-0.254,0.743,1.785,-1.247,-0.035
0.32,-0.104,-0.27,0.742,1.866,-1.354,-0.03
0.33,-0.08,-0.288,0.741,1.938,-1.448,-0.026
0.34,-0.056,-0.306,0.741,2.0,-1.511,-0.023
0.35000000000000003,-0.032,-0.325,0.741,1.854,-1.407,-0.021
0.36,-0.009,-0.342,0.74,1.724,-1.421,-0.02
0.37,0.011,-0.36,0.74,1.506,-1.253,-0.037
0.38,0.029,-0.375,0.74,1.315,-1.101,-0.032
0.39,0.045,-0.388,0.739,1.17,-1.006,-0.028
0.4,0.059,-0.401,0.739,1.062,-0.901,-0.025
0.41000000000000003,0.071,-0.412,0.739,0.928,-0.791,-0.041
0.42,0.082,-0.421,0.737,0.811,-0.695,-0.255
0.43,0.092,-0.429,0.733,0.709,-0.61,-0.522
0.44,0.101,-0.437,0.726,0.621,-0.575,-0.557
0.45,0.108,-0.445,0.719,0.575,-0.741,-0.489
0.46,0.115,-0.454,0.713,0.504,-0.654,-0.427
0.47000000000000003,0.121,-0.461,0.708,0.44,-0.573,-0.373
0.48,0.126,-0.468,0.704,0.384,-0.501,-0.326
0.49,0.131,-0.474,0.7,0.336,-0.439,-0.285
0.5,0.135,-0.48,0.697,0.294,-0.385,-0.249
0.51,0.138,-0.484,0.694,0.257,-0.337,-0.218
0.52,0.141,-0.488,0.691,0.224,-0.295,-0.191
0.53,0.144,-0.492,0.689,0.196,-0.258,-0.167
0.54,0.146,-0.495,0.687,0.171,-0.226,-0.146
0.55,0.148,-0.497,0.685,0.15,-0.198,-0.127
0.56,0.15,-0.5,0.683,0.131,-0.173,-0.131
0.5700000000000001,0.152,-0.502,0.681,0.115,-0.151,-0.411
0.58,0.153,-0.504,0.674,0.102,-0.132,-0.659
0.59,0.154,-0.505,0.665,0.091,-0.115,-0.876
0.6,0.155,-0.507,0.653,0.082,-0.1,-1.066
0.61,0.156,-0.508,0.639,0.074,-0.087,-1.233
0.62,0.157,-0.509,0.623,0.067,-0.075,-1.378
0.63,0.158,-0.51,0.606,0.061,-0.066,-1.505
0.64,0.158,-0.51,0.586,0.057,-0.057,-1.617
0.65,0.159,-0.511,0.566,0.052,-0.05,-1.714
0.66,0.159,-0.512,0.544,0.049,-0.044,-1.8
0.67,0.16,-0.512,0.521,0.104,-0.039,-1.775
0.68,0.162,-0.513,0.5,0.388,-0.174,-1.556
0.6900000000000001,0.168,-0.516,0.481,0.639,-0.331,-1.365
0.7000000000000001,0.177,-0.521,0.465,0.862,-0.584,-1.201
0.71,0.188,-0.529,0.45,0.845,-0.68,-1.053
0.72,0.198,-0.537,0.438,0.738,-0.726,-0.921
0.73,0.206,-0.547,0.427,0.637,-0.844,-0.807
0.74,0.214,-0.558,0.417,0.556,-0.74,-0.804
0.75,0.221,-0.567,0.406,0.487,-0.648,-1.003
0.76,0.226,-0.574,0.393,0.427,-0.567,-1.177
0.77,0.231,-0.581,0.379,0.373,-0.497,-1.033
0.78,0.236,-0.587,0.367,0.325,-0.436,-0.943
0.79,0.24,-0.592,0.355,0.284,-0.383,-0.825
0.8,0.243,-0.597,0.345,0.248,-0.335,-0.721
0.81,0.246,-0.601,0.337,0.217,-0.294,-0.63
0.8200000000000001,0.248,-0.605,0.329,0.19,-0.258,-0.551
0.8300000000000001,0.251,-0.608,0.323,0.166,-0.226,-0.482
0.84,0.253,-0.61,0.317,0.145,-0.198,-0.421
0.85,0.254,-0.613,0.312,0.127,-0.174,-0.368
0.86,0.256,-0.615,0.308,0.111,-0.152,-0.322
0.87,0.257,-0.617,0.304,0.097,-0.133,-0.311
0.88,0.258,-0.618,0.3,-0.092,-0.117,-0.272
0.89,0.256,-0.62,0.297,-0.131,-0.103,-0.238
0.9,0.254,-0.621,0.294,-0.134,-0.19,-0.209
0.91,0.253,-0.624,0.291,-0.137,-0.266,-0.183
0.92,0.251,-0.627,0.289,-0.12,-0.233,-0.16
0.93,0.25,-0.631,0.287,-0.105,-0.432,-0.14
0.9400000000000001,0.248,-0.637,0.286,-0.091,-0.677,-0.124
0.9500000000000001,0.247,-0.646,0.284,-0.078,-0.792,-0.109
0.96,0.246,-0.656,0.282,-0.068,-0.692,-0.255
0.97,0.245,-0.664,0.279,-0.06,-0.606,-0.324
0.98,0.245,-0.672,0.275,-0.072,-0.66,-0.283
0.99,0.244,-0.68,0.271,-0.063,-0.582,-0.248
1.0,0.243,-0.688,0.268,-0.054,-0.802,-0.218
1.01,0.242,-0.698,0.266,-0.047,-0.802,-0.191
1.02,0.242,-0.708,0.264,-0.041,-0.702,-0.167
1.03,0.241,-0.716,0.262,-0.035,-0.615,-0.146
1.04,0.241,-0.724,0.26,-0.031,-0.538,-0.127
1.05,0.24,-0.73,0.258,-0.027,-0.471,-0.111
1.06,0.24,-0.736,0.257,-0.023,-0.413,-0.097
1.07,0.239,-0.741,0.256,-0.02,-0.361,-0.085
1.08,0.239,-0.745,0.255,-0.018,-0.316,-0.074
1.09,0.239,-0.749,0.254,0.114,-0.276,-0.065
1.1,0.242,-0.752,0.253,0.4,-0.239,-0.057
1.11,0.248,-0.755,0.253,0.651,-0.206,-0.051
1.12,0.257,-0.757,0.252,0.869,-0.129,-0.045
1.1300000000000001,0.269,-0.759,0.251,1.06,-0.002,-0.04
1.1400000000000001,0.283,-0.758,0.251,1.228,0.168,-0.035
1.1500000000000001,0.299,-0.755,0.251,1.374,0.346,-0.031
1.16,0.316,-0.75,0.25,1.492,0.598,-0.027
1.17,0.335,-0.741,0.25,1.576,0.819,-0.024
1.18,0.355,-0.73,0.25,1.65,1.014,-0.021
1.19,0.376,-0.717,0.249,1.715,1.184,-0.019
1.2,0.398,-0.701,0.249,1.782,1.334,-0.018
1.21,0.42,-0.684,0.249,1.86,1.465,-0.016
1.22,0.444,-0.665,0.249,1.928,1.552,-0.015
1.23,0.468,-0.645,0.249,1.988,1.628,-0.014
1.24,0.493,-0.624,0.249,2.039,1.696,-0.013
1.25,0.518,-0.602,0.249,2.084,1.756,-0.012
1.26,0.544,-0.58,0.249,2.123,1.81,-0.012
1.27,0.571,-0.557,0.248,2.155,1.858,-0.012
1.28,0.598,-0.534,0.248,2.183,1.901,-0.011
1.29,0.625,-0.51,0.248,2.009,1.795,-0.01
1.3,0.649,-0.489,0.248,1.748,1.569,-0.008
1.31,0.669,-0.47,0.248,1.357,1.365,-0.006
1.32,0.685,-0.454,0.248,1.188,1.194,-0.015
1.33,0.699,-0.439,0.247,1.039,1.044,-0.271
1.34,0.712,-0.427,0.244,0.909,0.913,-0.241
1.35,0.723,-0.416,0.241,0.972,0.803,-0.211
1.36,0.736,-0.407,0.238,0.949,0.705,-0.185
1.37,0.747,-0.398,0.236,0.831,0.694,-0.162
1.3800000000000001,0.757,-0.389,0.234,0.729,0.705,-0.141
1.3900000000000001,0.766,-0.381,0.233,0.638,0.616,-0.233
1.4000000000000001,0.773,-0.373,0.229,0.557,0.54,-0.504
1.41,0.78,-0.367,0.222,0.487,0.472,-0.541
1.42,0.786,-0.361,0.215,0.437,0.472,-0.473
1.43,0.792,-0.355,0.209,0.472,0.711,-0.414
1.44,0.798,-0.345,0.205,0.523,0.922,-0.362
1.45,0.804,-0.332,0.2,0.577,1.107,-0.317
1.46,0.812,-0.319,0.196,0.727,0.979,-0.276
1.47,0.821,-0.308,0.193,0.641,0.856,-0.242
1.48,0.829,-0.297,0.19,0.561,0.749,-0.221
1.49,0.835,-0.288,0.187,0.489,0.655,-0.422
1.5,0.841,-0.281,0.181,0.424,0.575,-0.669
1.51,0.847,-0.274,0.172,0.37,0.503,-0.685
1.52,0.851,-0.268,0.163,0.322,0.441,-0.748
1.53,0.855,-0.263,0.154,0.282,0.385,-0.659
1.54,0.858,-0.258,0.146,0.247,0.337,-0.576
1.55,0.862,-0.254,0.139,0.216,0.295,-0.503
1.56,0.864,-0.251,0.133,0.19,0.258,-0.44
1.57,0.867,-0.248,0.128,0.166,0.225,-0.385
1.58,0.869,-0.245,0.123,0.145,0.197,-0.337
1.59,0.87,-0.243,0.119,0.127,0.173,-0.294
1.6,0.872,-0.241,0.116,0.111,0.151,-0.257
1.61,0.873,-0.239,0.113,0.097,0.132,-0.225
1.62,0.874,-0.237,0.11,0.084,0.116,-0.197
1.6300000000000001,0.876,-0.236,0.108,0.073,0.101,-0.172
1.6400000000000001,0.876,-0.235,0.106,0.063,0.089,-0.15
1.6500000000000001,0.877,-0.234,0.104,0.054,0.078,-0.131
1.6600000000000001,0.878,-0.233,0.102,0.045,0.069,-0.113
1.67,0.878,-0.231,0.101,0.058,0.287,-0.103
1.68,0.879,-0.226,0.1,0.114,0.55,-0.091
1.69,0.881,-0.219,0.098,0.138,0.78,-0.082
1.7,0.883,-0.208,0.098,0.171,0.982,-0.072
1.71,0.863,-0.252,0.134,-2.452,2.614,6.616
1.72,0.843,-0.223,0.212,-1.136,2.469,5.539
1.73,0.83,-0.195,0.278,-0.877,2.111,4.862
1.74,0.819,-0.17,0.337,-0.728,1.829,4.272
1.75,0.809,-0.149,0.388,-0.62,1.59,3.751
1.76,0.802,-0.13,0.433,-0.536,1.385,3.29
1.77,0.795,-0.113,0.472,-0.465,1.207,2.884
1.78,0.789,-0.099,0.507,-0.405,1.052,2.526
1.79,0.784,-0.087,0.537,-0.353,0.918,2.212
1.8,0.779,-0.076,0.564,-0.308,0.801,1.936
1.81,0.776,-0.066,0.587,-0.268,0.699,1.695
1.82,0.772,-0.058,0.607,-0.234,0.611,1.483
1.83,0.769,-0.051,0.625,-0.204,0.533,1.298
1.84,0.767,-0.044,0.64,-0.178,0.466,1.135
1.85,0.765,-0.039,0.654,-0.156,0.407,0.993
1.86,0.763,-0.034,0.666,-0.136,0.356,0.869
1.87,0.761,-0.03,0.676,-0.118,0.311,0.76
1.8800000000000001,0.76,-0.026,0.685,-0.103,0.272,0.665
1.8900000000000001,0.759,-0.023,0.693,-0.09,0.238,0.582
1.9000000000000001,0.757,-0.02,0.7,-0.079,0.208,0.509
1.9100000000000001,0.757,-0.017,0.706,-0.069,0.182,0.446
1.92,0.756,-0.015,0.712,-0.06,0.159,0.39
1.93,0.755,-0.013,0.716,-0.052,0.139,0.341
1.94,0.754,-0.012,0.72,-0.046,0.122,0.299
1.95,0.754,-0.01,0.724,-0.04,0.106,0.261
1.96,0.753,-0.009,0.727,-0.035,0.093,0.229
1.97,0.753,-0.008,0.73,-0.03,0.081,0.2
