0.01,-0.748,-0.009,0.748,-0.175,-0.299,-0.001
0.02,-0.75,-0.014,0.748,-0.331,-0.561,-0.0
0.03,-0.755,-0.022,0.748,-0.427,-0.791,0.0
0.04,-0.76,-0.033,0.748,-0.374,-0.992,0.001
0.05,-0.764,-0.046,0.748,-0.121,-1.168,0.002
0.06,-0.764,-0.062,0.748,0.192,-1.322,0.004
0.07,-0.761,-0.078,0.748,0.467,-1.378,0.005
0.08,-0.754,-0.096,0.748,0.708,-1.377,0.007
0.09,-0.744,-0.113,0.748,0.92,-1.306,0.008
0.1,-0.732,-0.129,0.747,1.105,-1.243,0.01
0.11,-0.717,-0.144,0.747,1.267,-1.209,0.012
0.12,-0.701,-0.159,0.747,1.409,-1.178,0.014
0.13,-0.682,-0.173,0.747,1.532,-1.152,0.016
0.14,-0.663,-0.188,0.747,1.639,-1.158,0.017
0.15,-0.642,-0.202,0.747,1.733,-1.164,0.019
0.16,-0.62,-0.216,0.747,1.814,-1.169,0.02
0.17,-0.597,-0.231,0.747,1.886,-1.154,0.021
0.18,-0.573,-0.245,0.747,1.948,-1.13,0.022
0.19,-0.548,-0.259,0.747,2.003,-1.099,0.023
0.2,-0.523,-0.272,0.747,2.05,-1.053,0.023
0.21,-0.497,-0.285,0.747,2.092,-0.983,0.023
0.22,-0.47,-0.297,0.747,2.129,-0.901,0.023
0.23,-0.443,-0.307,0.747,2.161,-0.79,0.023
0.24,-0.416,-0.317,0.747,2.189,-0.692,0.023
0.25,-0.389,-0.325,0.747,2.214,-0.607,0.023
0.26,-0.361,-0.332,0.747,2.235,-0.532,0.023
0.27,-0.333,-0.338,0.747,2.254,-0.466,0.023
0.28,-0.304,-0.344,0.747,2.271,-0.409,0.023
0.29,-0.276,-0.348,0.746,2.286,-0.358,0.023
0.3,-0.247,-0.353,0.746,2.299,-0.313,0.023
0.31,-0.218,-0.356,0.746,2.311,-0.274,0.023
0.32,-0.189,-0.359,0.746,2.321,-0.24,0.023
0.33,-0.16,-0.362,0.746,2.33,-0.209,0.023
0.34,-0.131,-0.365,0.746,2.339,-0.182,0.023
0.35000000000000003,-0.102,-0.367,0.746,2.346,-0.158,0.023
0.36,-0.072,-0.368,0.746,2.353,-0.136,0.023
0.37,-0.043,-0.37,0.747,2.359,-0.117,0.023
0.38,-0.013,-0.371,0.747,2.364,-0.1,0.022
0.39,0.017,-0.373,0.747,2.369,-0.084,0.022
0.4,0.046,-0.374,0.747,2.373,-0.07,0.021
0.41000000000000003,0.076,-0.375,0.747,2.376,-0.058,0.02
0.42,0.106,-0.375,0.747,2.379,0.002,0.019
0.43,0.135,-0.375,0.747,2.379,0.143,0.019
0.44,0.165,-0.373,0.747,2.281,0.225,0.018
0.45,0.193,-0.37,0.747,2.106,0.196,0.015
0.46,0.219,-0.368,0.747,2.103,0.175,0.013
0.47000000000000003,0.244,-0.366,0.747,1.844,0.148,0.01
0.48,0.266,-0.364,0.747,1.614,0.125,-0.012
0.49,0.286,-0.363,0.746,1.413,0.105,-0.181
0.5,0.303,-0.362,0.743,1.238,0.087,-0.457
0.51,0.317,-0.361,0.736,1.085,0.074,-0.7
0.52,0.33,-0.36,0.726,0.951,0.064,-0.912
0.53,0.342,-0.359,0.714,0.834,0.055,-1.097
0.54,0.352,-0.358,0.7,0.732,0.049,-1.26
0.55,0.36,-0.358,0.683,0.642,0.043,-1.401
0.56,0.368,-0.357,0.665,0.564,0.039,-1.526
0.5700000000000001,0.374,-0.357,0.646,0.494,-0.037,-1.436
0.58,0.38,-0.358,0.629,0.462,-0.034,-1.256
0.59,0.386,-0.358,0.614,0.464,-0.03,-1.1
0.6,0.393,-0.358,0.601,0.704,-0.005,-0.963
0.61,0.401,-0.358,0.589,0.62,-0.005,-0.843
0.62,0.409,-0.359,0.579,0.542,-0.005,-0.737
0.63,0.415,-0.359,0.57,0.475,-0.005,-0.784
0.64,0.421,-0.359,0.559,0.417,-0.003,-0.985
0.65,0.426,-0.359,0.546,0.366,-0.002,-1.161
0.66,0.43,-0.358,0.531,0.38,0.197,-1.106
0.67,0.435,-0.355,0.518,0.353,0.272,-0.967
0.68,0.439,-0.352,0.507,0.309,0.267,-0.846
0.6900000000000001,0.442,-0.348,0.496,0.27,0.291,-0.74
0.7000000000000001,0.445,-0.345,0.488,0.208,0.254,-0.648
0.71,0.448,-0.342,0.48,0.182,0.222,-0.567
0.72,0.45,-0.339,0.473,0.029,0.214,-0.496
0.73,0.449,-0.336,0.467,-0.174,0.316,-0.434
0.74,0.447,-0.332,0.462,-0.152,0.277,-0.429
0.75,0.445,-0.329,0.456,-0.133,0.243,-0.662
0.76,0.443,-0.326,0.446,-0.115,0.214,-0.869
0.77,0.442,-0.323,0.435,-0.1,0.188,-0.961
0.78,0.441,-0.321,0.423,-0.087,0.184,-0.841
0.79,0.44,-0.317,0.413,-0.076,0.456,-0.735
0.8,0.439,-0.311,0.404,-0.066,0.648,-0.643
0.81,0.438,-0.303,0.397,-0.157,0.57,-0.563
0.8200000000000001,0.435,-0.296,0.39,-0.337,0.529,-0.493
0.8300000000000001,0.431,-0.29,0.384,-0.414,0.464,-0.432
0.84,0.425,-0.284,0.379,-0.367,0.405,-0.378
0.85,0.421,-0.279,0.374,-0.321,0.354,-0.331
0.86,0.417,-0.275,0.37,-0.281,0.31,-0.29
0.87,0.414,-0.271,0.367,-0.246,0.271,-0.254
0.88,0.411,-0.268,0.364,-0.215,0.237,-0.222
0.89,0.408,-0.265,0.361,-0.188,0.207,-0.194
0.9,0.406,-0.263,0.359,-0.165,0.181,-0.17
0.91,0.404,-0.261,0.357,-0.144,0.159,-0.149
0.92,0.402,-0.259,0.355,-0.126,0.139,-0.13
0.93,0.401,-0.257,0.354,-0.11,0.121,-0.114
0.9400000000000001,0.4,-0.256,0.352,-0.156,0.106,-0.1
0.9500000000000001,0.396,-0.254,0.351,-0.435,0.095,-0.088
0.96,0.391,-0.253,0.35,-0.385,0.083,-0.097
0.97,0.387,-0.252,0.348,-0.336,0.072,-0.332
0.98,0.382,-0.251,0.343,-0.294,0.064,-0.59
0.99,0.379,-0.251,0.334,-0.257,0.057,-0.816
1.0,0.376,-0.25,0.324,-0.224,0.05,-0.815
1.01,0.373,-0.249,0.314,-0.196,0.043,-0.713
1.02,0.371,-0.249,0.305,-0.172,0.037,-0.624
1.03,0.369,-0.248,0.298,-0.15,0.032,-0.546
1.04,0.367,-0.248,0.291,-0.131,0.028,-0.478
1.05,0.365,-0.248,0.286,-0.115,0.024,-0.418
1.06,0.364,-0.247,0.281,-0.1,0.021,-0.366
1.07,0.363,-0.247,0.276,-0.088,0.018,-0.32
1.08,0.362,-0.247,0.272,-0.077,0.016,-0.28
1.09,0.361,-0.247,0.269,-0.067,0.014,-0.245
1.1,0.36,-0.247,0.266,-0.059,0.012,-0.215
1.11,0.359,-0.246,0.264,-0.051,0.01,-0.188
1.12,0.359,-0.246,0.261,-0.045,0.009,-0.164
1.1300000000000001,0.358,-0.246,0.259,-0.039,0.008,-0.144
1.1400000000000001,0.358,-0.246,0.258,-0.034,0.007,-0.126
1.1500000000000001,0.357,-0.246,0.256,0.13,0.006,-0.11
1.16,0.36,-0.246,0.255,0.413,0.007,-0.097
1.17,0.366,-0.246,0.254,0.662,0.009,-0.087
1.18,0.376,-0.246,0.253,0.779,0.01,-0.077
1.19,0.385,-0.246,0.252,0.682,0.008,-0.067
1.2,0.393,-0.246,0.251,0.596,0.006,-0.088
1.21,0.4,-0.246,0.25,0.522,0.005,-0.107
1.22,0.407,-0.246,0.248,0.457,0.004,-0.103
1.23,0.412,-0.246,0.247,0.609,0.015,-0.091
1.24,0.421,-0.245,0.246,0.832,0.017,-0.081
1.25,0.432,-0.245,0.245,1.028,0.019,-0.073
1.26,0.446,-0.245,0.244,1.198,0.022,-0.066
1.27,0.462,-0.245,0.244,1.348,0.025,-0.06
1.28,0.479,-0.245,0.243,1.478,0.027,-0.055
1.29,0.498,-0.245,0.242,1.591,0.03,-0.05
1.3,0.518,-0.245,0.242,1.69,0.012,-0.046
1.31,0.54,-0.245,0.241,1.777,-0.042,-0.043
1.32,0.562,-0.246,0.241,1.853,-0.149,-0.04
1.33,0.586,-0.25,0.241,1.792,-0.427,-0.036
1.34,0.607,-0.256,0.241,1.63,-0.675,-0.031
1.35,0.627,-0.266,0.24,1.418,-0.894,-0.027
1.36,0.644,-0.278,0.24,1.232,-0.884,-0.023
1.37,0.658,-0.289,0.24,1.079,-0.775,-0.02
1.3800000000000001,0.671,-0.298,0.24,0.945,-0.679,-0.017
1.3900000000000001,0.683,-0.306,0.24,0.828,-0.595,-0.014
1.4000000000000001,0.693,-0.314,0.239,0.725,-0.521,-0.012
1.41,0.701,-0.32,0.239,0.635,-0.457,-0.011
1.42,0.709,-0.326,0.239,0.556,-0.4,-0.009
1.43,0.715,-0.33,0.239,0.487,-0.351,-0.008
1.44,0.721,-0.335,0.239,0.426,-0.307,-0.007
1.45,0.726,-0.338,0.239,0.373,-0.269,-0.006
1.46,0.731,-0.342,0.239,0.317,-0.296,-0.005
1.47,0.734,-0.347,0.239,0.228,-0.557,-0.005
1.48,0.737,-0.354,0.239,0.18,-0.587,-0.064
1.49,0.739,-0.361,0.237,0.157,-0.514,-0.255
1.5,0.741,-0.367,0.234,0.138,-0.45,-0.023
1.51,0.743,-0.373,0.235,0.122,-0.394,0.281
1.52,0.744,-0.377,0.24,0.108,-0.345,0.546
1.53,0.745,-0.382,0.247,0.094,-0.302,0.491
1.54,0.746,-0.385,0.252,0.082,-0.264,0.43
1.55,0.747,-0.388,0.258,0.072,-0.231,0.472
1.56,0.748,-0.391,0.264,0.063,-0.202,0.413
1.57,0.749,-0.394,0.269,0.055,-0.177,0.361
1.58,0.75,-0.396,0.273,0.049,-0.155,0.316
1.59,0.75,-0.397,0.277,0.042,-0.136,0.276
1.6,0.751,-0.399,0.28,0.037,-0.119,0.242
1.61,0.751,-0.401,0.283,0.033,-0.104,0.212
1.62,0.752,-0.402,0.286,0.029,-0.091,0.185
1.6300000000000001,0.752,-0.403,0.288,0.025,-0.08,0.162
1.6400000000000001,0.752,-0.404,0.29,0.022,-0.07,0.142
1.6500000000000001,0.753,-0.405,0.292,0.178,-0.06,0.124
1.6600000000000001,0.756,-0.405,0.293,0.452,0.05,0.107
1.67,0.763,-0.403,0.295,0.692,0.317,0.093
1.68,0.772,-0.398,0.296,0.89,0.583,0.08
1.69,0.784,-0.39,0.297,1.043,0.816,0.068
1.7,0.798,-0.379,0.297,1.127,1.018,0.059
1.71,0.812,-0.366,0.298,1.169,1.195,0.051
1.72,0.827,-0.351,0.299,1.103,1.344,0.045
1.73,0.832,-0.325,0.318,-0.95,3.528,4.401
1.74,0.82,-0.284,0.371,-0.752,3.028,3.894
1.75,0.811,-0.248,0.418,-0.632,2.628,3.428
1.76,0.803,-0.217,0.459,-0.543,2.289,3.012
1.77,0.796,-0.189,0.495,-0.471,1.997,2.643
1.78,0.79,-0.166,0.527,-0.41,1.743,2.317
1.79,0.784,-0.145,0.554,-0.358,1.523,2.03
1.8,0.78,-0.127,0.579,-0.312,1.33,1.778
1.81,0.776,-0.111,0.6,-0.273,1.163,1.556
1.82,0.773,-0.097,0.619,-0.238,1.016,1.362
1.83,0.77,-0.085,0.635,-0.208,0.889,1.192
1.84,0.767,-0.074,0.649,-0.181,0.777,1.043
1.85,0.765,-0.065,0.662,-0.158,0.679,0.913
1.86,0.763,-0.057,0.673,-0.138,0.594,0.799
1.87,0.761,-0.05,0.682,-0.12,0.52,0.699
1.8800000000000001,0.76,-0.043,0.69,-0.105,0.455,0.611
1.8900000000000001,0.759,-0.038,0.698,-0.092,0.398,0.535
1.9000000000000001,0.758,-0.033,0.704,-0.08,0.348,0.468
1.9100000000000001,0.757,-0.029,0.71,-0.07,0.304,0.41
1.92,0.756,-0.025,0.715,-0.061,0.266,0.358
1.93,0.755,-0.022,0.719,-0.053,0.233,0.314
1.94,0.754,-0.019,0.723,-0.046,0.204,0.274
1.95,0.754,-0.017,0.726,-0.041,0.178,0.24
1.96,0.753,-0.015,0.729,-0.035,0.156,0.21
1.97,0.753,-0.013,0.731,-0.031,0.136,0.184
1.98,0.753,-0.011,0.734,-0.027,0.119,0.161
