0.01,-0.746,-0.008,0.748,0.022,-0.183,-0.001
0.02,-0.745,-0.012,0.748,0.03,-0.46,-0.0
0.03,-0.745,-0.018,0.748,0.145,-0.703,0.001
0.04,-0.742,-0.028,0.748,0.425,-0.905,0.003
0.05,-0.735,-0.04,0.748,0.672,-0.964,0.005
0.06,-0.726,-0.052,0.748,0.888,-1.024,0.007
0.07,-0.714,-0.065,0.748,1.077,-1.048,0.009
0.08,-0.7,-0.078,0.748,1.243,-1.058,0.012
0.09,-0.684,-0.091,0.747,1.387,-1.046,0.014
0.1,-0.666,-0.104,0.747,1.513,-1.066,0.017
0.11,-0.646,-0.117,0.747,1.622,-1.073,0.019
0.12,-0.626,-0.13,0.747,1.718,-1.059,0.02
0.13,-0.604,-0.144,0.747,1.801,-1.048,0.022
0.14,-0.581,-0.156,0.747,1.874,-1.037,0.023
0.15,-0.557,-0.169,0.747,1.938,-1.028,0.024
0.16,-0.532,-0.182,0.747,1.994,-1.019,0.025
0.17,-0.507,-0.194,0.747,2.043,-1.012,0.026
0.18,-0.481,-0.207,0.747,2.085,-1.006,0.027
0.19,-0.455,-0.219,0.747,2.123,-1.0,0.027
0.2,-0.428,-0.232,0.747,2.156,-0.995,0.027
0.21,-0.401,-0.244,0.747,2.185,-0.99,0.027
0.22,-0.373,-0.256,0.747,2.211,-0.986,0.027
0.23,-0.345,-0.269,0.747,2.233,-0.992,0.028
0.24,-0.317,-0.281,0.747,2.254,-1.016,0.028
0.25,-0.289,-0.294,0.746,2.272,-1.038,0.028
0.26,-0.26,-0.307,0.746,2.289,-1.056,0.027
0.27,-0.232,-0.32,0.747,2.305,-1.121,0.027
0.28,-0.203,-0.334,0.747,2.32,-1.216,0.027
0.29,-0.174,-0.35,0.747,2.335,-1.32,0.026
0.3,-0.144,-0.367,0.747,2.349,-1.449,0.024
0.31,-0.115,-0.386,0.747,2.362,-1.562,0.022
0.32,-0.085,-0.406,0.747,2.374,-1.66,0.019
0.33,-0.057,-0.426,0.747,2.082,-1.571,0.014
0.34,-0.033,-0.446,0.747,1.763,-1.48,0.01
0.35000000000000003,-0.012,-0.464,0.747,1.459,-1.301,0.008
0.36,0.005,-0.48,0.747,1.274,-1.142,0.007
0.37,0.02,-0.494,0.747,1.112,-1.002,0.006
0.38,0.033,-0.506,0.747,0.971,-0.879,0.005
0.39,0.045,-0.516,0.747,0.849,-0.77,0.005
0.4,0.055,-0.526,0.747,0.741,-0.676,0.005
0.41000000000000003,0.064,-0.534,0.747,0.648,-0.592,0.004
0.42,0.071,-0.541,0.747,0.566,-0.519,0.004
0.43,0.078,-0.547,0.747,0.495,-0.455,0.004
0.44,0.084,-0.553,0.747,0.433,-0.399,0.003
0.45,0.089,-0.557,0.747,0.378,-0.349,0.003
0.46,0.094,-0.562,0.747,0.331,-0.306,-0.186
0.47000000000000003,0.098,-0.565,0.743,0.29,-0.269,-0.463
0.48,0.101,-0.568,0.737,0.255,-0.235,-0.705
0.49,0.104,-0.571,0.727,0.225,-0.205,-0.916
0.5,0.107,-0.574,0.715,0.198,-0.178,-1.101
0.51,0.109,-0.576,0.7,0.176,-0.155,-1.263
0.52,0.111,-0.578,0.684,0.156,-0.135,-1.404
0.53,0.113,-0.579,0.666,0.139,-0.117,-1.528
0.54,0.115,-0.581,0.646,0.125,-0.102,-1.637
0.55,0.116,-0.582,0.625,0.112,-0.089,-1.731
0.56,0.117,-0.583,0.603,0.101,-0.078,-1.814
0.5700000000000001,0.118,-0.584,0.581,0.088,-0.09,-1.688
0.58,0.119,-0.585,0.56,0.075,-0.081,-1.477
0.59,0.12,-0.586,0.543,0.065,-0.073,-1.293
0.6,0.121,-0.587,0.527,0.056,-0.065,-1.132
0.61,0.121,-0.587,0.514,0.048,-0.058,-0.99
0.62,0.122,-0.588,0.502,0.041,-0.051,-0.867
0.63,0.122,-0.589,0.491,0.037,-0.045,-0.878
0.64,0.123,-0.589,0.479,0.034,-0.039,-1.067
0.65,0.123,-0.59,0.465,0.032,-0.033,-1.234
0.66,0.123,-0.59,0.449,0.03,-0.029,-1.379
0.67,0.124,-0.59,0.432,0.029,-0.025,-1.507
0.68,0.124,-0.59,0.412,0.027,-0.022,-1.618
0.6900000000000001,0.124,-0.591,0.392,0.026,-0.02,-1.716
0.7000000000000001,0.124,-0.592,0.371,0.021,-0.315,-1.51
0.71,0.124,-0.597,0.353,0.018,-0.576,-1.324
0.72,0.124,-0.605,0.337,0.016,-0.804,-1.16
0.73,0.125,-0.616,0.323,0.016,-1.002,-1.015
0.74,0.125,-0.629,0.311,0.017,-1.175,-0.888
0.75,0.125,-0.645,0.3,0.029,-1.325,-0.776
0.76,0.125,-0.662,0.291,0.061,-1.455,-0.678
0.77,0.126,-0.681,0.283,0.129,-1.568,-0.592
0.78,0.127,-0.701,0.276,0.241,-1.663,-0.516
0.79,0.13,-0.722,0.27,0.318,-1.745,-0.45
0.8,0.134,-0.743,0.264,0.278,-1.543,-0.393
0.81,0.137,-0.763,0.26,0.245,-1.444,-0.343
0.8200000000000001,0.139,-0.78,0.256,0.246,-1.371,-0.299
0.8300000000000001,0.142,-0.798,0.252,0.259,-1.39,-0.26
0.84,0.145,-0.815,0.249,0.226,-1.217,-0.298
0.85,0.148,-0.83,0.244,0.197,-1.065,-0.359
0.86,0.15,-0.843,0.24,0.172,-0.932,-0.314
0.87,0.152,-0.854,0.236,0.15,-0.816,-0.274
0.88,0.153,-0.864,0.233,0.131,-0.715,-0.24
0.89,0.155,-0.873,0.23,0.114,-0.626,-0.21
0.9,0.156,-0.88,0.228,0.1,-0.547,-0.183
0.91,0.158,-0.887,0.225,0.306,-0.472,-0.159
0.92,0.163,-0.893,0.223,0.567,-0.34,-0.138
0.93,0.171,-0.897,0.222,0.795,-0.205,-0.121
0.9400000000000001,0.181,-0.899,0.22,0.996,0.002,-0.107
0.9500000000000001,0.194,-0.898,0.219,1.134,0.283,-0.097
0.96,0.209,-0.893,0.218,1.195,0.539,-0.086
0.97,0.224,-0.885,0.217,1.179,0.772,-0.075
0.98,0.238,-0.874,0.216,1.175,0.977,-0.065
0.99,0.253,-0.861,0.215,1.271,1.152,-0.058
1.0,0.269,-0.846,0.215,1.395,1.273,-0.052
1.01,0.287,-0.829,0.214,1.523,1.358,-0.047
1.02,0.306,-0.812,0.214,1.626,1.473,-0.042
1.03,0.327,-0.792,0.213,1.685,1.584,-0.038
1.04,0.347,-0.772,0.213,1.688,1.682,-0.034
1.05,0.368,-0.75,0.212,1.651,1.769,-0.03
1.06,0.388,-0.727,0.212,1.598,1.844,-0.027
1.07,0.408,-0.704,0.212,1.551,1.911,-0.024
1.08,0.426,-0.679,0.212,1.53,1.969,-0.022
1.09,0.445,-0.654,0.211,1.522,2.02,-0.02
1.1,0.464,-0.628,0.211,1.514,2.065,-0.018
1.11,0.482,-0.602,0.211,1.507,2.105,-0.016
1.12,0.501,-0.575,0.211,1.511,2.14,-0.014
1.1300000000000001,0.52,-0.548,0.211,1.534,2.172,-0.013
1.1400000000000001,0.539,-0.521,0.211,1.553,2.2,-0.011
1.1500000000000001,0.558,-0.493,0.21,1.48,2.155,-0.01
1.16,0.575,-0.467,0.21,1.296,1.889,-0.008
1.17,0.591,-0.444,0.21,1.135,1.653,-0.007
1.18,0.604,-0.424,0.21,0.994,1.447,-0.006
1.19,0.616,-0.407,0.21,0.87,1.266,-0.005
1.2,0.626,-0.392,0.21,0.762,1.108,-0.004
1.21,0.635,-0.378,0.21,0.667,0.969,-0.003
1.22,0.643,-0.367,0.21,0.584,0.847,-0.003
1.23,0.65,-0.357,0.21,0.511,0.741,-0.003
1.24,0.656,-0.348,0.21,0.447,0.648,-0.002
1.25,0.662,-0.34,0.21,0.392,0.567,-0.002
1.26,0.666,-0.333,0.21,0.353,0.714,-0.002
1.27,0.671,-0.323,0.21,0.409,0.925,-0.002
1.28,0.676,-0.311,0.21,0.498,1.11,-0.001
1.29,0.683,-0.296,0.21,0.683,1.273,-0.001
1.3,0.693,-0.28,0.21,0.894,1.291,0.001
1.31,0.705,-0.264,0.21,1.078,1.335,0.002
1.32,0.719,-0.247,0.21,1.237,1.405,0.004
1.33,0.735,-0.229,0.21,1.306,1.534,0.006
1.34,0.751,-0.209,0.21,1.203,1.641,0.005
1.35,0.766,-0.189,0.21,1.054,1.593,0.004
1.36,0.778,-0.17,0.21,0.924,1.392,0.054
1.37,0.789,-0.153,0.212,0.811,1.216,0.335
1.3800000000000001,0.799,-0.139,0.217,0.713,1.063,0.593
1.3900000000000001,0.808,-0.126,0.225,0.626,0.93,0.818
1.4000000000000001,0.815,-0.115,0.236,0.55,0.813,1.016
1.41,0.822,-0.104,0.249,0.413,1.005,0.892
1.42,0.826,-0.091,0.259,0.273,1.077,0.779
1.43,0.829,-0.078,0.269,0.249,0.943,0.782
1.44,0.832,-0.067,0.279,0.218,0.826,0.984
1.45,0.835,-0.057,0.292,0.192,0.723,1.061
1.46,0.837,-0.048,0.305,0.168,0.632,0.929
1.47,0.839,-0.041,0.317,0.148,0.553,1.022
1.48,0.841,-0.034,0.33,0.13,0.485,1.194
1.49,0.842,-0.028,0.345,-0.055,0.424,1.135
1.5,0.84,-0.023,0.359,-0.348,0.371,0.991
1.51,0.835,-0.019,0.371,-0.607,0.327,0.866
1.52,0.826,-0.015,0.381,-0.732,0.288,0.758
1.53,0.817,-0.012,0.39,-0.639,0.251,0.713
1.54,0.81,-0.009,0.4,-0.558,0.22,0.903
1.55,0.803,-0.006,0.412,-0.487,0.193,1.09
1.56,0.797,-0.004,0.426,-0.426,0.17,1.254
1.57,0.792,-0.002,0.441,-0.382,0.148,1.103
1.58,0.787,-0.0,0.454,-0.564,0.131,0.964
1.59,0.779,0.001,0.466,-0.796,0.048,0.842
1.6,0.768,0.001,0.476,-1.0,-0.063,0.735
1.61,0.755,-0.0,0.485,-1.179,-0.15,0.641
1.62,0.74,-0.002,0.492,-1.111,-0.153,0.552
1.6300000000000001,0.727,-0.004,0.499,-0.97,-0.135,0.305
1.6400000000000001,0.715,-0.006,0.501,-0.787,-0.121,0.158
1.6500000000000001,0.706,-0.007,0.503,-0.685,-0.106,0.139
1.6600000000000001,0.699,-0.008,0.505,-0.302,-0.017,0.123
1.67,0.696,-0.008,0.506,0.036,0.074,0.108
1.68,0.698,-0.007,0.508,0.132,0.086,0.094
1.69,0.699,-0.006,0.509,0.115,0.075,0.082
1.7,0.701,-0.005,0.51,0.101,0.065,0.072
1.71,0.702,-0.004,0.511,0.088,0.057,0.063
1.72,0.703,-0.004,0.511,0.077,0.05,0.055
1.73,0.704,-0.003,0.512,0.068,0.044,0.048
1.74,0.705,-0.003,0.513,0.059,0.038,0.042
1.75,0.705,-0.002,0.513,0.052,0.034,0.037
1.76,0.706,-0.002,0.514,0.045,0.029,0.032
1.77,0.71,-0.001,0.533,0.41,0.04,2.261
1.78,0.714,-0.001,0.56,0.36,0.032,1.976
1.79,0.719,-0.001,0.584,0.317,0.026,1.727
1.8,0.723,-0.001,0.605,0.279,0.021,1.51
1.81,0.726,-0.001,0.623,0.245,0.017,1.32
1.82,0.729,-0.001,0.639,0.216,0.014,1.155
1.83,0.731,-0.001,0.652,0.19,0.012,1.01
1.84,0.734,-0.001,0.664,0.167,0.01,0.883
1.85,0.736,-0.0,0.675,0.147,0.008,0.773
1.86,0.737,-0.0,0.684,0.129,0.007,0.676
1.87,0.739,-0.0,0.692,0.113,0.006,0.591
1.8800000000000001,0.74,-0.0,0.699,0.099,0.005,0.517
1.8900000000000001,0.741,-0.0,0.706,0.087,0.004,0.453
1.9000000000000001,0.743,-0.0,0.711,0.077,0.003,0.396
1.9100000000000001,0.743,-0.0,0.716,0.067,0.003,0.347
1.92,0.744,-0.0,0.72,0.059,0.003,0.303
1.93,0.745,-0.0,0.724,0.052,0.002,0.265
1.94,0.746,-0.0,0.727,0.045,0.002,0.232
1.95,0.746,-0.0,0.73,0.04,0.002,0.203
1.96,0.747,-0.0,0.732,0.035,0.001,0.178
1.97,0.747,-0.0,0.734,0.031,0.001,0.156
