0.01,8.89,3.69,0.0,0.0
0.02,8.89,3.69,0.0,0.0
0.03,8.89,3.69,0.0,0.0
0.04,8.89,3.69,0.0,0.0
0.05,8.88,3.69,-1.0,0.0
0.06,8.81,3.74,-7.0,5.0
0.07,8.67,3.83,-14.0,9.0
0.08,8.54,3.9,-13.0,7.0
0.09,8.48,3.94,-6.0,4.0
0.1,8.38,3.99,-10.0,5.0
0.11,8.28,4.04,-10.0,5.0
0.12,8.21,4.08,-7.0,4.0
0.13,8.11,4.14,-10.0,6.0
0.14,8.03,4.19,-8.0,5.0
0.15,7.94,4.24,-9.0,5.0
0.16,7.84,4.31,-10.0,7.0
0.17,7.74,4.39,-10.0,8.0
0.18,7.58,4.51,-16.0,12.0
0.19,7.45,4.6,-13.0,9.0
0.2,7.31,4.69,-14.0,9.0
0.21,7.12,4.82,-19.0,13.0
0.22,6.98,4.92,-14.0,10.0
0.23,6.85,5.02,-13.0,10.0
0.24,6.7,5.12,-15.0,10.0
0.25,6.58,5.21,-12.0,9.0
0.26,6.44,5.3,-14.0,9.0
0.27,6.34,5.37,-10.0,7.0
0.28,6.21,5.45,-13.0,8.0
0.29,6.11,5.51,-10.0,6.0
0.3,5.99,5.61,-12.0,10.0
0.31,5.89,5.69,-10.0,8.0
0.32,5.82,5.75,-7.0,6.0
0.33,5.66,5.86,-16.0,11.0
0.34,5.5,5.96,-16.0,10.0
0.35000000000000003,5.37,6.04,-13.0,8.0
0.36,5.24,6.1,-13.0,6.0
0.37,5.1,6.19,-14.0,9.0
0.38,4.94,6.29,-16.0,10.0
0.39,4.86,6.33,-8.0,4.0
0.4,4.73,6.41,-13.0,8.0
0.41000000000000003,4.6,6.51,-13.0,10.0
0.42,4.42,6.64,-18.0,13.0
0.43,4.32,6.7,-10.0,6.0
0.44,4.22,6.77,-10.0,7.0
0.45,4.11,6.84,-11.0,7.0
0.46,3.97,6.94,-14.0,10.0
0.47000000000000003,3.84,7.03,-13.0,9.0
0.48,3.72,7.12,-12.0,9.0
0.49,3.6,7.2,-12.0,8.0
0.5,3.48,7.27,-12.0,7.0
0.51,3.4,7.33,-8.0,6.0
0.52,3.27,7.42,-13.0,9.0
0.53,3.18,7.51,-9.0,9.0
0.54,3.11,7.59,-7.0,8.0
0.55,3.03,7.69,-8.0,10.0
0.56,2.96,7.78,-7.0,9.0
0.5700000000000001,2.89,7.87,-7.0,9.0
0.58,2.82,7.95,-7.0,8.0
0.59,2.76,8.0,-6.0,5.0
0.6,2.71,8.07,-5.0,7.0
0.61,2.68,8.12,-3.0,5.0
0.62,2.65,8.17,-3.0,5.0
0.63,2.61,8.24,-4.0,7.0
0.64,2.56,8.34,-5.0,10.0
0.65,2.53,8.45,-3.0,11.0
0.66,2.54,8.54,1.0,9.0
0.67,2.55,8.66,1.0,12.0
0.68,2.56,8.75,1.0,9.0
0.6900000000000001,2.58,8.83,2.0,8.0
0.7000000000000001,2.62,8.91,4.0,8.0
0.71,2.68,9.0,6.0,9.0
0.72,2.76,9.08,8.0,8.0
0.73,2.86,9.14,10.0,6.0
0.74,2.94,9.2,8.0,6.0
0.75,3.01,9.23,7.0,3.0
0.76,3.1,9.28,9.0,5.0
0.77,3.27,9.37,17.0,9.0
0.78,3.39,9.43,12.0,6.0
0.79,3.51,9.49,12.0,6.0
0.8,3.71,9.58,20.0,9.0
0.81,3.93,9.69,22.0,11.0
0.8200000000000001,4.1,9.75,17.0,6.0
0.8300000000000001,4.34,9.89,24.0,14.0
0.84,4.66,10.05,32.0,16.0
0.85,4.97,10.19,31.0,14.0
0.86,5.19,10.29,22.0,10.0
0.87,5.49,10.38,30.0,9.0
0.88,5.69,10.44,20.0,6.0
0.89,5.86,10.49,17.0,5.0
0.9,6.1,10.58,24.0,9.0
0.91,6.36,10.64,26.0,6.0
0.92,6.6,10.74,24.0,10.0
0.93,6.9,10.83,30.0,9.0
0.9400000000000001,7.17,10.92,27.0,9.0
0.9500000000000001,7.33,10.98,16.0,6.0
0.96,7.64,11.11,31.0,13.0
0.97,7.89,11.21,25.0,10.0
0.98,8.25,11.31,36.0,10.0
0.99,8.5,11.41,25.0,10.0
1.0,8.77,11.52,27.0,11.0
1.01,9.11,11.62,34.0,10.0
1.02,9.31,11.68,20.0,6.0
1.03,9.52,11.77,21.0,9.0
1.04,9.73,11.87,21.0,10.0
1.05,9.97,11.94,24.0,7.0
1.06,10.2,12.04,23.0,10.0
1.07,10.46,12.09,26.0,5.0
1.08,10.74,12.14,28.0,5.0
1.09,11.06,12.18,32.0,4.0
1.1,11.27,12.19,21.0,1.0
1.11,11.59,12.23,32.0,4.0
1.12,11.99,12.29,40.0,6.0
1.1300000000000001,12.25,12.36,26.0,7.0
1.1400000000000001,12.48,12.41,23.0,5.0
1.1500000000000001,12.76,12.44,28.0,3.0
1.16,13.07,12.49,31.0,5.0
1.17,13.3,12.52,23.0,3.0
1.18,13.57,12.54,27.0,2.0
1.19,13.83,12.58,26.0,4.0
1.2,14.1,12.61,27.0,3.0
1.21,14.24,12.64,14.0,3.0
1.22,14.42,12.66,18.0,2.0
1.23,14.57,12.68,15.0,2.0
1.24,14.68,12.69,11.0,1.0
1.25,14.87,12.71,19.0,2.0
1.26,15.05,12.71,18.0,0.0
1.27,15.2,12.7,15.0,-1.0
1.28,15.27,12.7,7.0,0.0
1.29,15.37,12.7,10.0,0.0
1.3,15.46,12.69,9.0,-1.0
1.31,15.54,12.68,8.0,-1.0
1.32,15.68,12.68,14.0,0.0
1.33,15.77,12.66,9.0,-2.0
1.34,15.89,12.64,12.0,-2.0
1.35,15.98,12.62,9.0,-2.0
1.36,16.04,12.62,6.0,0.0
1.37,16.16,12.61,12.0,-1.0
1.3800000000000001,16.2,12.61,4.0,0.0
1.3900000000000001,16.26,12.59,6.0,-2.0
1.4000000000000001,16.35,12.56,9.0,-3.0
1.41,16.38,12.54,3.0,-2.0
1.42,16.39,12.5,1.0,-4.0
1.43,16.44,12.46,5.0,-4.0
1.44,16.47,12.45,3.0,-1.0
1.45,16.55,12.44,8.0,-1.0
1.46,16.65,12.42,10.0,-2.0
1.47,16.72,12.39,7.0,-3.0
1.48,16.76,12.37,4.0,-2.0
1.49,16.77,12.36,1.0,-1.0
1.5,16.78,12.35,1.0,-1.0
1.51,16.81,12.32,3.0,-3.0
1.52,16.83,12.29,2.0,-3.0
1.53,16.86,12.24,3.0,-5.0
1.54,16.9,12.2,4.0,-4.0
1.55,16.94,12.16,4.0,-4.0
1.56,16.99,12.1,5.0,-6.0
1.57,17.03,12.06,4.0,-4.0
1.58,17.07,12.02,4.0,-4.0
1.59,17.07,11.96,0.0,-6.0
1.6,17.09,11.9,2.0,-6.0
1.61,17.1,11.81,1.0,-9.0
1.62,17.11,11.7,1.0,-11.0
1.6300000000000001,17.11,11.58,0.0,-12.0
1.6400000000000001,17.08,11.42,-3.0,-16.0
1.6500000000000001,17.05,11.28,-3.0,-14.0
1.6600000000000001,17.0,11.11,-5.0,-17.0
1.67,16.94,10.93,-6.0,-18.0
1.68,16.89,10.75,-5.0,-18.0
1.69,16.85,10.62,-4.0,-13.0
1.7,16.79,10.43,-6.0,-19.0
1.71,16.71,10.23,-8.0,-20.0
1.72,16.66,10.03,-5.0,-20.0
1.73,16.56,9.86,-10.0,-17.0
1.74,16.48,9.7,-8.0,-16.0
1.75,16.37,9.54,-11.0,-16.0
1.76,16.26,9.35,-11.0,-19.0
1.77,16.17,9.22,-9.0,-13.0
1.78,16.05,9.06,-12.0,-16.0
1.79,15.85,8.81,-20.0,-25.0
1.8,15.65,8.56,-20.0,-25.0
1.81,15.51,8.33,-14.0,-23.0
1.82,15.24,7.96,-27.0,-37.0
1.83,15.03,7.69,-21.0,-27.0
1.84,14.94,7.56,-9.0,-13.0
1.85,14.82,7.39,-12.0,-17.0
1.86,14.71,7.23,-11.0,-16.0
1.87,14.58,7.11,-13.0,-12.0
1.8800000000000001,14.38,6.91,-20.0,-20.0
1.8900000000000001,14.15,6.7,-23.0,-21.0
1.9000000000000001,13.96,6.54,-19.0,-16.0
1.9100000000000001,13.73,6.31,-23.0,-23.0
1.92,13.53,6.12,-20.0,-19.0
1.93,13.34,5.95,-19.0,-17.0
1.94,13.09,5.75,-25.0,-20.0
1.95,12.82,5.54,-27.0,-21.0
1.96,12.65,5.39,-17.0,-15.0
1.97,12.43,5.22,-22.0,-17.0
1.98,12.24,5.08,-19.0,-14.0
1.99,12.11,4.99,-13.0,-9.0
2.0,11.97,4.89,-14.0,-10.0
2.0100000000000002,11.81,4.79,-16.0,-10.0
2.02,11.72,4.72,-9.0,-7.0
2.0300000000000002,11.6,4.64,-12.0,-8.0
2.04,11.46,4.55,-14.0,-9.0
2.05,11.38,4.49,-8.0,-6.0
2.06,11.27,4.42,-11.0,-7.0
2.07,11.18,4.36,-9.0,-6.0
2.08,11.08,4.31,-10.0,-5.0
2.09,11.02,4.27,-6.0,-4.0
2.1,10.96,4.23,-6.0,-4.0
2.11,10.89,4.18,-7.0,-5.0
2.12,10.85,4.16,-4.0,-2.0
2.13,10.81,4.12,-4.0,-4.0
2.14,10.77,4.09,-4.0,-3.0
2.15,10.75,4.07,-2.0,-2.0
2.16,10.73,4.05,-2.0,-2.0
2.17,10.7,4.01,-3.0,-4.0
2.18,10.67,3.96,-3.0,-5.0
2.19,10.64,3.9,-3.0,-6.0
2.2,10.62,3.86,-2.0,-4.0
2.21,10.62,3.82,0.0,-4.0
2.22,10.62,3.8,0.0,-2.0
2.23,10.62,3.78,0.0,-2.0
2.24,10.62,3.75,0.0,-3.0
2.25,10.62,3.75,0.0,0.0
