0.01,8.92,3.72,0.0,0.0
0.02,8.92,3.72,0.0,0.0
0.03,8.92,3.72,0.0,0.0
0.04,8.92,3.72,0.0,0.0
0.05,8.92,3.72,0.0,0.0
0.06,8.92,3.72,0.0,0.0
0.07,8.9,3.74,-2.0,2.0
0.08,8.85,3.84,-5.0,10.0
0.09,8.81,3.93,-4.0,9.0
0.1,8.76,4.03,-5.0,10.0
0.11,8.71,4.15,-5.0,12.0
0.12,8.66,4.24,-5.0,9.0
0.13,8.62,4.34,-4.0,10.0
0.14,8.59,4.42,-3.0,8.0
0.15,8.55,4.51,-4.0,9.0
0.16,8.53,4.58,-2.0,7.0
0.17,8.5,4.64,-3.0,6.0
0.18,8.45,4.76,-5.0,12.0
0.19,8.39,4.85,-6.0,9.0
0.2,8.33,4.96,-6.0,11.0
0.21,8.27,5.07,-6.0,11.0
0.22,8.22,5.16,-5.0,9.0
0.23,8.14,5.29,-8.0,13.0
0.24,8.05,5.43,-9.0,14.0
0.25,7.97,5.56,-8.0,13.0
0.26,7.91,5.67,-6.0,11.0
0.27,7.85,5.75,-6.0,8.0
0.28,7.79,5.86,-6.0,11.0
0.29,7.73,5.96,-6.0,10.0
0.3,7.68,6.04,-5.0,8.0
0.31,7.63,6.12,-5.0,8.0
0.32,7.56,6.21,-7.0,9.0
0.33,7.5,6.3,-6.0,9.0
0.34,7.45,6.36,-5.0,6.0
0.35000000000000003,7.39,6.45,-6.0,9.0
0.36,7.34,6.51,-5.0,6.0
0.37,7.27,6.61,-7.0,10.0
0.38,7.21,6.7,-6.0,9.0
0.39,7.15,6.78,-6.0,8.0
0.4,7.09,6.88,-6.0,10.0
0.41000000000000003,7.03,6.97,-6.0,9.0
0.42,6.97,7.06,-6.0,9.0
0.43,6.93,7.14,-4.0,8.0
0.44,6.89,7.22,-4.0,8.0
0.45,6.87,7.26,-2.0,4.0
0.46,6.86,7.29,-1.0,3.0
0.47000000000000003,6.84,7.37,-2.0,8.0
0.48,6.83,7.43,-1.0,6.0
0.49,6.82,7.48,-1.0,5.0
0.5,6.81,7.55,-1.0,7.0
0.51,6.79,7.62,-2.0,7.0
0.52,6.79,7.67,0.0,5.0
0.53,6.79,7.68,0.0,1.0
0.54,6.79,7.72,0.0,4.0
0.55,6.81,7.77,2.0,5.0
0.56,6.83,7.81,2.0,4.0
0.5700000000000001,6.86,7.85,3.0,4.0
0.58,6.88,7.89,2.0,4.0
0.59,6.92,7.94,4.0,5.0
0.6,6.96,7.99,4.0,5.0
0.61,7.01,8.04,5.0,5.0
0.62,7.07,8.1,6.0,6.0
0.63,7.12,8.17,5.0,7.0
0.64,7.19,8.23,7.0,6.0
0.65,7.25,8.29,6.0,6.0
0.66,7.34,8.37,9.0,8.0
0.67,7.44,8.45,10.0,8.0
0.68,7.56,8.52,12.0,7.0
0.6900000000000001,7.67,8.6,11.0,8.0
0.7000000000000001,7.75,8.65,8.0,5.0
0.71,7.88,8.74,13.0,9.0
0.72,8.03,8.82,15.0,8.0
0.73,8.12,8.87,9.0,5.0
0.74,8.24,8.93,12.0,6.0
0.75,8.39,8.99,15.0,6.0
0.76,8.53,9.05,14.0,6.0
0.77,8.69,9.13,16.0,8.0
0.78,8.84,9.21,15.0,8.0
0.79,8.98,9.29,14.0,8.0
0.8,9.1,9.35,12.0,6.0
0.81,9.24,9.42,14.0,7.0
0.8200000000000001,9.39,9.5,15.0,8.0
0.8300000000000001,9.55,9.55,16.0,5.0
0.84,9.73,9.63,18.0,8.0
0.85,9.91,9.71,18.0,8.0
0.86,10.04,9.77,13.0,6.0
0.87,10.14,9.82,10.0,5.0
0.88,10.34,9.9,20.0,8.0
0.89,10.48,9.95,14.0,5.0
0.9,10.64,10.0,16.0,5.0
0.91,10.74,10.04,10.0,4.0
0.92,10.82,10.07,8.0,3.0
0.93,10.95,10.12,13.0,5.0
0.9400000000000001,11.09,10.16,14.0,4.0
0.9500000000000001,11.25,10.19,16.0,3.0
0.96,11.44,10.23,19.0,4.0
0.97,11.6,10.27,16.0,4.0
0.98,11.79,10.3,19.0,3.0
0.99,11.9,10.33,11.0,3.0
1.0,12.0,10.36,10.0,3.0
1.01,12.08,10.39,8.0,3.0
1.02,12.21,10.41,13.0,2.0
1.03,12.38,10.44,17.0,3.0
1.04,12.48,10.48,10.0,4.0
1.05,12.64,10.51,16.0,3.0
1.06,12.79,10.55,15.0,4.0
1.07,12.9,10.57,11.0,2.0
1.08,12.98,10.6,8.0,3.0
1.09,13.11,10.62,13.0,2.0
1.1,13.25,10.65,14.0,3.0
1.11,13.32,10.68,7.0,3.0
1.12,13.43,10.71,11.0,3.0
1.1300000000000001,13.58,10.74,15.0,3.0
1.1400000000000001,13.73,10.76,15.0,2.0
1.1500000000000001,13.88,10.79,15.0,3.0
1.16,14.03,10.81,15.0,2.0
1.17,14.15,10.83,12.0,2.0
1.18,14.29,10.85,14.0,2.0
1.19,14.39,10.85,10.0,0.0
1.2,14.54,10.87,15.0,2.0
1.21,14.73,10.87,19.0,0.0
1.22,14.89,10.87,16.0,0.0
1.23,15.03,10.87,14.0,0.0
1.24,15.16,10.89,13.0,2.0
1.25,15.28,10.89,12.0,0.0
1.26,15.33,10.9,5.0,1.0
1.27,15.44,10.9,11.0,0.0
1.28,15.56,10.91,12.0,1.0
1.29,15.65,10.91,9.0,0.0
1.3,15.77,10.91,12.0,0.0
1.31,15.93,10.92,16.0,1.0
1.32,16.1,10.92,17.0,0.0
1.33,16.22,10.92,12.0,0.0
1.34,16.35,10.91,13.0,-1.0
1.35,16.49,10.9,14.0,-1.0
1.36,16.64,10.9,15.0,0.0
1.37,16.71,10.9,7.0,0.0
1.3800000000000001,16.86,10.9,15.0,0.0
1.3900000000000001,17.06,10.9,20.0,0.0
1.4000000000000001,17.17,10.9,11.0,0.0
1.41,17.23,10.9,6.0,0.0
1.42,17.31,10.88,8.0,-2.0
1.43,17.39,10.87,8.0,-1.0
1.44,17.48,10.86,9.0,-1.0
1.45,17.57,10.84,9.0,-2.0
1.46,17.63,10.82,6.0,-2.0
1.47,17.74,10.79,11.0,-3.0
1.48,17.81,10.77,7.0,-2.0
1.49,17.84,10.76,3.0,-1.0
1.5,17.87,10.74,3.0,-2.0
1.51,17.91,10.72,4.0,-2.0
1.52,17.96,10.68,5.0,-4.0
1.53,17.99,10.65,3.0,-3.0
1.54,18.02,10.62,3.0,-3.0
1.55,18.05,10.59,3.0,-3.0
1.56,18.09,10.55,4.0,-4.0
1.57,18.13,10.52,4.0,-3.0
1.58,18.17,10.48,4.0,-4.0
1.59,18.23,10.43,6.0,-5.0
1.6,18.25,10.41,2.0,-2.0
1.61,18.26,10.36,1.0,-5.0
1.62,18.27,10.27,1.0,-9.0
1.6300000000000001,18.27,10.16,0.0,-11.0
1.6400000000000001,18.26,10.06,-1.0,-10.0
1.6500000000000001,18.24,9.94,-2.0,-12.0
1.6600000000000001,18.2,9.73,-4.0,-21.0
1.67,18.16,9.58,-4.0,-15.0
1.68,18.1,9.41,-6.0,-17.0
1.69,18.03,9.25,-7.0,-16.0
1.7,17.95,9.09,-8.0,-16.0
1.71,17.89,8.96,-6.0,-13.0
1.72,17.8,8.8,-9.0,-16.0
1.73,17.7,8.65,-10.0,-15.0
1.74,17.61,8.5,-9.0,-15.0
1.75,17.52,8.38,-9.0,-12.0
1.76,17.45,8.29,-7.0,-9.0
1.77,17.37,8.18,-8.0,-11.0
1.78,17.27,8.04,-10.0,-14.0
1.79,17.12,7.86,-15.0,-18.0
1.8,17.0,7.72,-12.0,-14.0
1.81,16.82,7.53,-18.0,-19.0
1.82,16.67,7.36,-15.0,-17.0
1.83,16.51,7.2,-16.0,-16.0
1.84,16.34,7.06,-17.0,-14.0
1.85,16.12,6.91,-22.0,-15.0
1.86,15.95,6.77,-17.0,-14.0
1.87,15.73,6.63,-22.0,-14.0
1.8800000000000001,15.48,6.48,-25.0,-15.0
1.8900000000000001,15.25,6.38,-23.0,-10.0
1.9000000000000001,14.96,6.26,-29.0,-12.0
1.9100000000000001,14.72,6.15,-24.0,-11.0
1.92,14.5,6.07,-22.0,-8.0
1.93,14.21,5.95,-29.0,-12.0
1.94,13.98,5.83,-23.0,-12.0
1.95,13.78,5.72,-20.0,-11.0
1.96,13.63,5.64,-15.0,-8.0
1.97,13.45,5.53,-18.0,-11.0
1.98,13.27,5.43,-18.0,-10.0
1.99,13.16,5.38,-11.0,-5.0
2.0,13.07,5.31,-9.0,-7.0
2.0100000000000002,12.94,5.23,-13.0,-8.0
2.02,12.82,5.16,-12.0,-7.0
2.0300000000000002,12.65,5.06,-17.0,-10.0
2.04,12.48,4.95,-17.0,-11.0
2.05,12.31,4.84,-17.0,-11.0
2.06,12.19,4.78,-12.0,-6.0
2.07,12.06,4.69,-13.0,-9.0
2.08,11.99,4.64,-7.0,-5.0
2.09,11.89,4.59,-10.0,-5.0
2.1,11.82,4.52,-7.0,-7.0
2.11,11.74,4.45,-8.0,-7.0
2.12,11.7,4.42,-4.0,-3.0
2.13,11.64,4.38,-6.0,-4.0
2.14,11.61,4.37,-3.0,-1.0
2.15,11.61,4.37,0.0,0.0
2.16,11.54,4.31,-7.0,-6.0
2.17,11.43,4.2,-11.0,-11.0
2.18,11.35,4.12,-8.0,-8.0
2.19,11.25,4.04,-10.0,-8.0
2.2,11.16,3.97,-9.0,-7.0
2.21,11.11,3.93,-5.0,-4.0
2.22,11.06,3.9,-5.0,-3.0
2.23,11.0,3.86,-6.0,-4.0
2.24,10.95,3.83,-5.0,-3.0
2.25,10.91,3.82,-4.0,-1.0
2.2600000000000002,10.85,3.81,-6.0,-1.0
2.27,10.81,3.81,-4.0,0.0
2.2800000000000002,10.74,3.8,-7.0,-1.0
2.29,10.71,3.79,-3.0,-1.0
2.3000000000000003,10.69,3.78,-2.0,-1.0
2.31,10.66,3.77,-3.0,-1.0
2.32,10.66,3.77,0.0,0.0
2.33,10.66,3.77,0.0,0.0
