0.01,8.88,3.68,0.0,0.0
0.02,8.88,3.68,0.0,0.0
0.03,8.88,3.68,0.0,0.0
0.04,8.88,3.68,0.0,0.0
0.05,8.88,3.68,0.0,0.0
0.06,8.88,3.72,0.0,4.0
0.07,8.91,3.87,3.0,15.0
0.08,8.92,3.95,1.0,8.0
0.09,8.92,4.05,0.0,10.0
0.1,8.92,4.17,0.0,12.0
0.11,8.91,4.32,-1.0,15.0
0.12,8.9,4.46,-1.0,14.0
0.13,8.9,4.54,0.0,8.0
0.14,8.9,4.64,0.0,10.0
0.15,8.89,4.74,-1.0,10.0
0.16,8.89,4.84,0.0,10.0
0.17,8.9,4.96,1.0,12.0
0.18,8.9,5.08,0.0,12.0
0.19,8.9,5.24,0.0,16.0
0.2,8.9,5.41,0.0,17.0
0.21,8.89,5.57,-1.0,16.0
0.22,8.9,5.71,1.0,14.0
0.23,8.9,5.85,0.0,14.0
0.24,8.9,6.01,0.0,16.0
0.25,8.9,6.16,0.0,15.0
0.26,8.9,6.3,0.0,14.0
0.27,8.9,6.37,0.0,7.0
0.28,8.89,6.47,-1.0,10.0
0.29,8.89,6.6,0.0,13.0
0.3,8.89,6.74,0.0,14.0
0.31,8.89,6.85,0.0,11.0
0.32,8.9,6.99,1.0,14.0
0.33,8.9,7.13,0.0,14.0
0.34,8.9,7.26,0.0,13.0
0.35000000000000003,8.91,7.42,1.0,16.0
0.36,8.93,7.58,2.0,16.0
0.37,8.96,7.77,3.0,19.0
0.38,8.96,8.0,0.0,23.0
0.39,8.96,8.23,0.0,23.0
0.4,8.96,8.38,0.0,15.0
0.41000000000000003,8.96,8.61,0.0,23.0
0.42,8.96,8.8,0.0,19.0
0.43,8.96,8.92,0.0,12.0
0.44,8.96,9.05,0.0,13.0
0.45,8.96,9.17,0.0,12.0
0.46,8.96,9.28,0.0,11.0
0.47000000000000003,8.96,9.39,0.0,11.0
0.48,8.96,9.52,0.0,13.0
0.49,8.96,9.7,0.0,18.0
0.5,8.97,9.85,1.0,15.0
0.51,8.97,9.95,0.0,10.0
0.52,8.98,10.03,1.0,8.0
0.53,8.99,10.1,1.0,7.0
0.54,9.0,10.25,1.0,15.0
0.55,9.0,10.39,0.0,14.0
0.56,9.01,10.5,1.0,11.0
0.5700000000000001,9.02,10.57,1.0,7.0
0.58,9.03,10.69,1.0,12.0
0.59,9.04,10.81,1.0,12.0
0.6,9.06,10.92,2.0,11.0
0.61,9.08,11.03,2.0,11.0
0.62,9.09,11.11,1.0,8.0
0.63,9.11,11.25,2.0,14.0
0.64,9.11,11.38,0.0,13.0
0.65,9.11,11.5,0.0,12.0
0.66,9.11,11.59,0.0,9.0
0.67,9.11,11.66,0.0,7.0
0.68,9.11,11.73,0.0,7.0
0.6900000000000001,9.11,11.81,0.0,8.0
0.7000000000000001,9.11,11.85,0.0,4.0
0.71,9.11,11.93,0.0,8.0
0.72,9.11,12.0,0.0,7.0
0.73,9.11,12.06,0.0,6.0
0.74,9.12,12.11,1.0,5.0
0.75,9.12,12.14,0.0,3.0
0.76,9.12,12.22,0.0,8.0
0.77,9.13,12.28,1.0,6.0
0.78,9.13,12.34,0.0,6.0
0.79,9.14,12.4,1.0,6.0
0.8,9.15,12.43,1.0,3.0
0.81,9.15,12.46,0.0,3.0
0.8200000000000001,9.16,12.5,1.0,4.0
0.8300000000000001,9.16,12.52,0.0,2.0
0.84,9.17,12.56,1.0,4.0
0.85,9.18,12.62,1.0,6.0
0.86,9.19,12.68,1.0,6.0
0.87,9.19,12.72,0.0,4.0
0.88,9.2,12.76,1.0,4.0
0.89,9.22,12.8,2.0,4.0
0.9,9.24,12.85,2.0,5.0
0.91,9.26,12.9,2.0,5.0
0.92,9.31,12.98,5.0,8.0
0.93,9.37,13.05,6.0,7.0
0.9400000000000001,9.45,13.14,8.0,9.0
0.9500000000000001,9.5,13.18,5.0,4.0
0.96,9.54,13.2,4.0,2.0
0.97,9.58,13.23,4.0,3.0
0.98,9.63,13.26,5.0,3.0
0.99,9.68,13.29,5.0,3.0
1.0,9.72,13.31,4.0,2.0
1.01,9.78,13.34,6.0,3.0
1.02,9.82,13.37,4.0,3.0
1.03,9.88,13.39,6.0,2.0
1.04,9.91,13.41,3.0,2.0
1.05,9.95,13.42,4.0,1.0
1.06,10.0,13.42,5.0,0.0
1.07,10.04,13.42,4.0,0.0
1.08,10.08,13.42,4.0,0.0
1.09,10.13,13.42,5.0,0.0
1.1,10.16,13.42,3.0,0.0
1.11,10.18,13.42,2.0,0.0
1.12,10.21,13.42,3.0,0.0
1.1300000000000001,10.27,13.42,6.0,0.0
1.1400000000000001,10.31,13.42,4.0,0.0
1.1500000000000001,10.34,13.41,3.0,-1.0
1.16,10.37,13.41,3.0,0.0
1.17,10.4,13.4,3.0,-1.0
1.18,10.46,13.36,6.0,-4.0
1.19,10.51,13.28,5.0,-8.0
1.2,10.56,13.17,5.0,-11.0
1.21,10.6,13.09,4.0,-8.0
1.22,10.62,12.99,2.0,-10.0
1.23,10.64,12.88,2.0,-11.0
1.24,10.66,12.73,2.0,-15.0
1.25,10.68,12.58,2.0,-15.0
1.26,10.7,12.41,2.0,-17.0
1.27,10.71,12.21,1.0,-20.0
1.28,10.74,11.9,3.0,-31.0
1.29,10.78,11.58,4.0,-32.0
1.3,10.82,11.3,4.0,-28.0
1.31,10.83,10.95,1.0,-35.0
1.32,10.83,10.64,0.0,-31.0
1.33,10.83,10.41,0.0,-23.0
1.34,10.83,10.22,0.0,-19.0
1.35,10.84,10.05,1.0,-17.0
1.36,10.84,9.91,0.0,-14.0
1.37,10.83,9.76,-1.0,-15.0
1.3800000000000001,10.83,9.61,0.0,-15.0
1.3900000000000001,10.83,9.45,0.0,-16.0
1.4000000000000001,10.84,9.33,1.0,-12.0
1.41,10.84,9.17,0.0,-16.0
1.42,10.84,9.01,0.0,-16.0
1.43,10.86,8.88,2.0,-13.0
1.44,10.86,8.68,0.0,-20.0
1.45,10.86,8.49,0.0,-19.0
1.46,10.86,8.36,0.0,-13.0
1.47,10.85,8.18,-1.0,-18.0
1.48,10.84,8.01,-1.0,-17.0
1.49,10.81,7.8,-3.0,-21.0
1.5,10.8,7.56,-1.0,-24.0
1.51,10.78,7.38,-2.0,-18.0
1.52,10.75,7.2,-3.0,-18.0
1.53,10.72,7.01,-3.0,-19.0
1.54,10.71,6.87,-1.0,-14.0
1.55,10.7,6.77,-1.0,-10.0
1.56,10.69,6.69,-1.0,-8.0
1.57,10.7,6.6,1.0,-9.0
1.58,10.7,6.51,0.0,-9.0
1.59,10.69,6.38,-1.0,-13.0
1.6,10.67,6.24,-2.0,-14.0
1.61,10.66,6.14,-1.0,-10.0
1.62,10.65,5.99,-1.0,-15.0
1.6300000000000001,10.63,5.82,-2.0,-17.0
1.6400000000000001,10.6,5.64,-3.0,-18.0
1.6500000000000001,10.6,5.44,0.0,-20.0
1.6600000000000001,10.6,5.3,0.0,-14.0
1.67,10.6,5.16,0.0,-14.0
1.68,10.6,5.01,0.0,-15.0
1.69,10.6,4.91,0.0,-10.0
1.7,10.6,4.79,0.0,-12.0
1.71,10.58,4.67,-2.0,-12.0
1.72,10.58,4.55,0.0,-12.0
1.73,10.58,4.46,0.0,-9.0
1.74,10.58,4.34,0.0,-12.0
1.75,10.58,4.23,0.0,-11.0
1.76,10.58,4.14,0.0,-9.0
1.77,10.58,4.05,0.0,-9.0
1.78,10.58,3.93,0.0,-12.0
1.79,10.58,3.86,0.0,-7.0
1.8,10.58,3.78,0.0,-8.0
1.81,10.58,3.71,0.0,-7.0
1.82,10.58,3.68,0.0,-3.0
1.83,10.58,3.67,0.0,-1.0
1.84,10.58,3.67,0.0,0.0
1.85,10.58,3.67,0.0,0.0
1.86,10.58,3.67,0.0,0.0
