0.01,8.89,3.65,0.0,0.0
0.02,8.89,3.65,0.0,0.0
0.03,8.89,3.65,0.0,0.0
0.04,8.89,3.65,0.0,0.0
0.05,8.89,3.65,0.0,0.0
0.06,8.89,3.65,0.0,0.0
0.07,8.88,3.72,-1.0,7.0
0.08,8.87,3.77,-1.0,5.0
0.09,8.86,3.82,-1.0,5.0
0.1,8.85,3.87,-1.0,5.0
0.11,8.83,3.93,-2.0,6.0
0.12,8.81,4.01,-2.0,8.0
0.13,8.78,4.09,-3.0,8.0
0.14,8.75,4.22,-3.0,13.0
0.15,8.72,4.32,-3.0,10.0
0.16,8.69,4.43,-3.0,11.0
0.17,8.65,4.56,-4.0,13.0
0.18,8.61,4.75,-4.0,19.0
0.19,8.56,4.93,-5.0,18.0
0.2,8.54,5.06,-2.0,13.0
0.21,8.51,5.19,-3.0,13.0
0.22,8.49,5.32,-2.0,13.0
0.23,8.45,5.43,-4.0,11.0
0.24,8.42,5.55,-3.0,12.0
0.25,8.39,5.7,-3.0,15.0
0.26,8.37,5.82,-2.0,12.0
0.27,8.34,5.94,-3.0,12.0
0.28,8.33,6.02,-1.0,8.0
0.29,8.31,6.11,-2.0,9.0
0.3,8.29,6.18,-2.0,7.0
0.31,8.28,6.28,-1.0,10.0
0.32,8.27,6.38,-1.0,10.0
0.33,8.25,6.49,-2.0,11.0
0.34,8.24,6.57,-1.0,8.0
0.35000000000000003,8.23,6.63,-1.0,6.0
0.36,8.22,6.68,-1.0,5.0
0.37,8.22,6.73,0.0,5.0
0.38,8.21,6.79,-1.0,6.0
0.39,8.2,6.86,-1.0,7.0
0.4,8.19,6.92,-1.0,6.0
0.41000000000000003,8.18,6.99,-1.0,7.0
0.42,8.17,7.06,-1.0,7.0
0.43,8.15,7.14,-2.0,8.0
0.44,8.14,7.2,-1.0,6.0
0.45,8.13,7.25,-1.0,5.0
0.46,8.13,7.29,0.0,4.0
0.47000000000000003,8.12,7.33,-1.0,4.0
0.48,8.11,7.39,-1.0,6.0
0.49,8.1,7.45,-1.0,6.0
0.5,8.1,7.51,0.0,6.0
0.51,8.09,7.55,-1.0,4.0
0.52,8.09,7.6,0.0,5.0
0.53,8.08,7.64,-1.0,4.0
0.54,8.08,7.68,0.0,4.0
0.55,8.07,7.71,-1.0,3.0
0.56,8.07,7.77,0.0,6.0
0.5700000000000001,8.05,7.84,-2.0,7.0
0.58,8.05,7.9,0.0,6.0
0.59,8.05,7.96,0.0,6.0
0.6,8.05,8.0,0.0,4.0
0.61,8.06,8.08,1.0,8.0
0.62,8.08,8.15,2.0,7.0
0.63,8.1,8.21,2.0,6.0
0.64,8.15,8.3,5.0,9.0
0.65,8.24,8.43,9.0,13.0
0.66,8.28,8.5,4.0,7.0
0.67,8.33,8.57,5.0,7.0
0.68,8.4,8.64,7.0,7.0
0.6900000000000001,8.48,8.7,8.0,6.0
0.7000000000000001,8.54,8.77,6.0,7.0
0.71,8.62,8.88,8.0,11.0
0.72,8.73,9.02,11.0,14.0
0.73,8.84,9.11,11.0,9.0
0.74,8.93,9.2,9.0,9.0
0.75,9.06,9.35,13.0,15.0
0.76,9.16,9.46,10.0,11.0
0.77,9.28,9.56,12.0,10.0
0.78,9.43,9.65,15.0,9.0
0.79,9.54,9.76,11.0,11.0
0.8,9.66,9.87,12.0,11.0
0.81,9.81,9.97,15.0,10.0
0.8200000000000001,9.92,10.05,11.0,8.0
0.8300000000000001,10.02,10.16,10.0,11.0
0.84,10.12,10.26,10.0,10.0
0.85,10.24,10.37,12.0,11.0
0.86,10.38,10.48,14.0,11.0
0.87,10.49,10.56,11.0,8.0
0.88,10.58,10.63,9.0,7.0
0.89,10.81,10.83,23.0,20.0
0.9,10.97,10.99,16.0,16.0
0.91,11.04,11.08,7.0,9.0
0.92,11.09,11.13,5.0,5.0
0.93,11.13,11.19,4.0,6.0
0.9400000000000001,11.17,11.28,4.0,9.0
0.9500000000000001,11.26,11.43,9.0,15.0
0.96,11.33,11.55,7.0,12.0
0.97,11.36,11.61,3.0,6.0
0.98,11.44,11.71,8.0,10.0
0.99,11.56,11.87,12.0,16.0
1.0,11.66,12.0,10.0,13.0
1.01,11.71,12.07,5.0,7.0
1.02,11.76,12.16,5.0,9.0
1.03,11.87,12.35,11.0,19.0
1.04,12.04,12.56,17.0,21.0
1.05,12.14,12.71,10.0,15.0
1.06,12.23,12.83,9.0,12.0
1.07,12.4,12.94,17.0,11.0
1.08,12.46,12.99,6.0,5.0
1.09,12.48,13.01,2.0,2.0
1.1,12.49,13.02,1.0,1.0
1.11,12.51,13.06,2.0,4.0
1.12,12.57,13.11,6.0,5.0
1.1300000000000001,12.67,13.18,10.0,7.0
1.1400000000000001,12.75,13.26,8.0,8.0
1.1500000000000001,12.86,13.4,11.0,14.0
1.16,13.06,13.58,20.0,18.0
1.17,13.23,13.71,17.0,13.0
1.18,13.31,13.79,8.0,8.0
1.19,13.5,13.9,19.0,11.0
1.2,13.61,13.96,11.0,6.0
1.21,13.72,14.01,11.0,5.0
1.22,13.85,14.06,13.0,5.0
1.23,13.95,14.1,10.0,4.0
1.24,14.04,14.14,9.0,4.0
1.25,14.11,14.17,7.0,3.0
1.26,14.19,14.23,8.0,6.0
1.27,14.38,14.29,19.0,6.0
1.28,14.46,14.33,8.0,4.0
1.29,14.5,14.37,4.0,4.0
1.3,14.52,14.4,2.0,3.0
1.31,14.56,14.44,4.0,4.0
1.32,14.6,14.48,4.0,4.0
1.33,14.64,14.55,4.0,7.0
1.34,14.83,14.65,19.0,10.0
1.35,14.88,14.67,5.0,2.0
1.36,14.88,14.67,0.0,0.0
1.37,14.89,14.67,1.0,0.0
1.3800000000000001,14.9,14.67,1.0,0.0
1.3900000000000001,14.91,14.67,1.0,0.0
1.4000000000000001,14.94,14.67,3.0,0.0
1.41,15.0,14.66,6.0,-1.0
1.42,15.05,14.66,5.0,0.0
1.43,15.06,14.66,1.0,0.0
1.44,15.11,14.66,5.0,0.0
1.45,15.13,14.65,2.0,-1.0
1.46,15.15,14.64,2.0,-1.0
1.47,15.2,14.65,5.0,1.0
1.48,15.23,14.65,3.0,0.0
1.49,15.29,14.66,6.0,1.0
1.5,15.45,14.68,16.0,2.0
1.51,15.51,14.68,6.0,0.0
1.52,15.52,14.67,1.0,-1.0
1.53,15.58,14.65,6.0,-2.0
1.54,15.62,14.6,4.0,-5.0
1.55,15.66,14.53,4.0,-7.0
1.56,15.71,14.45,5.0,-8.0
1.57,15.79,14.33,8.0,-12.0
1.58,15.86,14.19,7.0,-14.0
1.59,15.9,14.04,4.0,-15.0
1.6,15.93,13.93,3.0,-11.0
1.61,15.97,13.79,4.0,-14.0
1.62,16.01,13.62,4.0,-17.0
1.6300000000000001,16.02,13.5,1.0,-12.0
1.6400000000000001,16.04,13.31,2.0,-19.0
1.6500000000000001,16.05,13.1,1.0,-21.0
1.6600000000000001,16.05,12.92,0.0,-18.0
1.67,16.04,12.76,-1.0,-16.0
1.68,16.03,12.55,-1.0,-21.0
1.69,16.0,12.36,-3.0,-19.0
1.7,15.98,12.14,-2.0,-22.0
1.71,15.95,11.92,-3.0,-22.0
1.72,15.91,11.66,-4.0,-26.0
1.73,15.88,11.37,-3.0,-29.0
1.74,15.81,11.08,-7.0,-29.0
1.75,15.75,10.91,-6.0,-17.0
1.76,15.69,10.76,-6.0,-15.0
1.77,15.63,10.63,-6.0,-13.0
1.78,15.56,10.46,-7.0,-17.0
1.79,15.42,10.24,-14.0,-22.0
1.8,15.23,9.97,-19.0,-27.0
1.81,15.06,9.71,-17.0,-26.0
1.82,14.88,9.47,-18.0,-24.0
1.83,14.67,9.19,-21.0,-28.0
1.84,14.45,8.94,-22.0,-25.0
1.85,14.22,8.65,-23.0,-29.0
1.86,13.95,8.38,-27.0,-27.0
1.87,13.73,8.11,-22.0,-27.0
1.8800000000000001,13.57,7.94,-16.0,-17.0
1.8900000000000001,13.32,7.69,-25.0,-25.0
1.9000000000000001,13.1,7.47,-22.0,-22.0
1.9100000000000001,12.89,7.25,-21.0,-22.0
1.92,12.7,7.05,-19.0,-20.0
1.93,12.34,6.72,-36.0,-33.0
1.94,12.09,6.51,-25.0,-21.0
1.95,11.92,6.32,-17.0,-19.0
1.96,11.78,6.15,-14.0,-17.0
1.97,11.64,5.95,-14.0,-20.0
1.98,11.54,5.77,-10.0,-18.0
1.99,11.43,5.61,-11.0,-16.0
2.0,11.35,5.45,-8.0,-16.0
2.0100000000000002,11.29,5.35,-6.0,-10.0
2.02,11.23,5.25,-6.0,-10.0
2.0300000000000002,11.18,5.15,-5.0,-10.0
2.04,11.11,5.01,-7.0,-14.0
2.05,11.02,4.87,-9.0,-14.0
2.06,10.93,4.72,-9.0,-15.0
2.07,10.87,4.58,-6.0,-14.0
2.08,10.79,4.4,-8.0,-18.0
2.09,10.72,4.27,-7.0,-13.0
2.1,10.68,4.17,-4.0,-10.0
2.11,10.64,4.08,-4.0,-9.0
2.12,10.59,4.0,-5.0,-8.0
2.13,10.56,3.94,-3.0,-6.0
2.14,10.55,3.91,-1.0,-3.0
2.15,10.54,3.89,-1.0,-2.0
2.16,10.52,3.85,-2.0,-4.0
2.17,10.52,3.81,0.0,-4.0
2.18,10.52,3.77,0.0,-4.0
2.19,10.53,3.76,1.0,-1.0
2.2,10.52,3.76,-1.0,0.0
2.21,10.52,3.76,0.0,0.0
2.22,10.53,3.76,1.0,0.0
2.23,10.53,3.76,0.0,0.0
2.24,10.61,3.71,8.0,-5.0
2.25,10.63,3.7,2.0,-1.0
2.2600000000000002,10.63,3.7,0.0,0.0
2.27,10.63,3.7,0.0,0.0
