0.01,8.89,3.69,0.0,0.0
0.02,8.89,3.69,0.0,0.0
0.03,8.89,3.69,0.0,0.0
0.04,8.88,3.7,-1.0,1.0
0.05,8.77,3.79,-11.0,9.0
0.06,8.58,3.97,-19.0,18.0
0.07,8.46,4.13,-12.0,16.0
0.08,8.28,4.32,-18.0,19.0
0.09,8.12,4.45,-16.0,13.0
0.1,7.91,4.58,-21.0,13.0
0.11,7.72,4.73,-19.0,15.0
0.12,7.5,4.89,-22.0,16.0
0.13,7.32,5.03,-18.0,14.0
0.14,7.09,5.27,-23.0,24.0
0.15,6.89,5.52,-20.0,25.0
0.16,6.69,5.78,-20.0,26.0
0.17,6.48,6.03,-21.0,25.0
0.18,6.3,6.25,-18.0,22.0
0.19,6.08,6.5,-22.0,25.0
0.2,5.9,6.65,-18.0,15.0
0.21,5.69,6.83,-21.0,18.0
0.22,5.42,7.01,-27.0,18.0
0.23,5.18,7.18,-24.0,17.0
0.24,4.97,7.33,-21.0,15.0
0.25,4.75,7.52,-22.0,19.0
0.26,4.5,7.68,-25.0,16.0
0.27,4.26,7.87,-24.0,19.0
0.28,4.08,8.02,-18.0,15.0
0.29,3.87,8.24,-21.0,22.0
0.3,3.62,8.5,-25.0,26.0
0.31,3.44,8.7,-18.0,20.0
0.32,3.28,8.88,-16.0,18.0
0.33,3.17,9.0,-11.0,12.0
0.34,3.05,9.13,-12.0,13.0
0.35000000000000003,2.91,9.28,-14.0,15.0
0.36,2.8,9.41,-11.0,13.0
0.37,2.71,9.51,-9.0,10.0
0.38,2.6,9.62,-11.0,11.0
0.39,2.48,9.75,-12.0,13.0
0.4,2.39,9.86,-9.0,11.0
0.41000000000000003,2.28,9.98,-11.0,12.0
0.42,2.16,10.1,-12.0,12.0
0.43,2.07,10.19,-9.0,9.0
0.44,1.99,10.25,-8.0,6.0
0.45,1.88,10.37,-11.0,12.0
0.46,1.82,10.46,-6.0,9.0
0.47000000000000003,1.79,10.53,-3.0,7.0
0.48,1.72,10.64,-7.0,11.0
0.49,1.67,10.77,-5.0,13.0
0.5,1.61,10.86,-6.0,9.0
0.51,1.53,11.0,-8.0,14.0
0.52,1.48,11.09,-5.0,9.0
0.53,1.41,11.22,-7.0,13.0
0.54,1.33,11.38,-8.0,16.0
0.55,1.25,11.53,-8.0,15.0
0.56,1.22,11.63,-3.0,10.0
0.5700000000000001,1.21,11.69,-1.0,6.0
0.58,1.17,11.78,-4.0,9.0
0.59,1.15,11.87,-2.0,9.0
0.6,1.13,11.99,-2.0,12.0
0.61,1.1,12.1,-3.0,11.0
0.62,1.08,12.18,-2.0,8.0
0.63,1.04,12.29,-4.0,11.0
0.64,0.99,12.41,-5.0,12.0
0.65,0.96,12.5,-3.0,9.0
0.66,0.92,12.59,-4.0,9.0
0.67,0.86,12.72,-6.0,13.0
0.68,0.83,12.83,-3.0,11.0
0.6900000000000001,0.82,12.9,-1.0,7.0
0.7000000000000001,0.78,13.01,-4.0,11.0
0.71,0.73,13.13,-5.0,12.0
0.72,0.69,13.21,-4.0,8.0
0.73,0.65,13.32,-4.0,11.0
0.74,0.61,13.39,-4.0,7.0
0.75,0.58,13.46,-3.0,7.0
0.76,0.56,13.53,-2.0,7.0
0.77,0.56,13.59,0.0,6.0
0.78,0.56,13.66,0.0,7.0
0.79,0.56,13.7,0.0,4.0
0.8,0.55,13.77,-1.0,7.0
0.81,0.54,13.83,-1.0,6.0
0.8200000000000001,0.53,13.87,-1.0,4.0
0.8300000000000001,0.53,13.92,0.0,5.0
0.84,0.52,13.96,-1.0,4.0
0.85,0.51,14.0,-1.0,4.0
0.86,0.51,14.04,0.0,4.0
0.87,0.51,14.09,0.0,5.0
0.88,0.52,14.14,1.0,5.0
0.89,0.52,14.18,0.0,4.0
0.9,0.53,14.2,1.0,2.0
0.91,0.54,14.23,1.0,3.0
0.92,0.54,14.23,0.0,0.0
0.93,0.55,14.23,1.0,0.0
0.9400000000000001,0.6,14.24,5.0,1.0
0.9500000000000001,0.62,14.26,2.0,2.0
0.96,0.66,14.27,4.0,1.0
0.97,0.7,14.3,4.0,3.0
0.98,0.76,14.32,6.0,2.0
0.99,0.8,14.35,4.0,3.0
1.0,0.9,14.38,10.0,3.0
1.01,0.97,14.4,7.0,2.0
1.02,1.05,14.41,8.0,1.0
1.03,1.16,14.42,11.0,1.0
1.04,1.22,14.42,6.0,0.0
1.05,1.35,14.41,13.0,-1.0
1.06,1.5,14.41,15.0,0.0
1.07,1.63,14.41,13.0,0.0
1.08,1.74,14.4,11.0,-1.0
1.09,1.89,14.4,15.0,0.0
1.1,2.0,14.38,11.0,-2.0
1.11,2.16,14.35,16.0,-3.0
1.12,2.28,14.34,12.0,-1.0
1.1300000000000001,2.38,14.32,10.0,-2.0
1.1400000000000001,2.49,14.3,11.0,-2.0
1.1500000000000001,2.57,14.29,8.0,-1.0
1.16,2.71,14.27,14.0,-2.0
1.17,2.82,14.24,11.0,-3.0
1.18,2.94,14.22,12.0,-2.0
1.19,3.09,14.19,15.0,-3.0
1.2,3.22,14.16,13.0,-3.0
1.21,3.38,14.11,16.0,-5.0
1.22,3.55,14.07,17.0,-4.0
1.23,3.64,14.04,9.0,-3.0
1.24,3.76,14.0,12.0,-4.0
1.25,3.92,13.94,16.0,-6.0
1.26,4.05,13.91,13.0,-3.0
1.27,4.22,13.86,17.0,-5.0
1.28,4.37,13.81,15.0,-5.0
1.29,4.47,13.79,10.0,-2.0
1.3,4.62,13.75,15.0,-4.0
1.31,4.76,13.71,14.0,-4.0
1.32,4.93,13.65,17.0,-6.0
1.33,5.12,13.59,19.0,-6.0
1.34,5.35,13.52,23.0,-7.0
1.35,5.57,13.44,22.0,-8.0
1.36,5.78,13.34,21.0,-10.0
1.37,5.9,13.24,12.0,-10.0
1.3800000000000001,6.04,13.13,14.0,-11.0
1.3900000000000001,6.16,13.05,12.0,-8.0
1.4000000000000001,6.29,12.98,13.0,-7.0
1.41,6.43,12.9,14.0,-8.0
1.42,6.58,12.82,15.0,-8.0
1.43,6.81,12.73,23.0,-9.0
1.44,7.01,12.64,20.0,-9.0
1.45,7.26,12.54,25.0,-10.0
1.46,7.6,12.41,34.0,-13.0
1.47,7.75,12.32,15.0,-9.0
1.48,7.95,12.19,20.0,-13.0
1.49,8.1,12.12,15.0,-7.0
1.5,8.19,12.07,9.0,-5.0
1.51,8.32,11.99,13.0,-8.0
1.52,8.41,11.92,9.0,-7.0
1.53,8.52,11.86,11.0,-6.0
1.54,8.65,11.77,13.0,-9.0
1.55,8.8,11.67,15.0,-10.0
1.56,9.0,11.57,20.0,-10.0
1.57,9.14,11.48,14.0,-9.0
1.58,9.25,11.4,11.0,-8.0
1.59,9.35,11.33,10.0,-7.0
1.6,9.45,11.25,10.0,-8.0
1.61,9.58,11.15,13.0,-10.0
1.62,9.66,11.07,8.0,-8.0
1.6300000000000001,9.77,10.96,11.0,-11.0
1.6400000000000001,9.85,10.88,8.0,-8.0
1.6500000000000001,9.95,10.79,10.0,-9.0
1.6600000000000001,10.14,10.64,19.0,-15.0
1.67,10.28,10.52,14.0,-12.0
1.68,10.36,10.43,8.0,-9.0
1.69,10.45,10.32,9.0,-11.0
1.7,10.6,10.18,15.0,-14.0
1.71,10.7,10.08,10.0,-10.0
1.72,10.78,9.95,8.0,-13.0
1.73,10.9,9.79,12.0,-16.0
1.74,10.99,9.65,9.0,-14.0
1.75,11.04,9.55,5.0,-10.0
1.76,11.12,9.34,8.0,-21.0
1.77,11.19,9.11,7.0,-23.0
1.78,11.27,8.88,8.0,-23.0
1.79,11.32,8.61,5.0,-27.0
1.8,11.35,8.42,3.0,-19.0
1.81,11.4,8.22,5.0,-20.0
1.82,11.44,8.07,4.0,-15.0
1.83,11.46,7.91,2.0,-16.0
1.84,11.48,7.76,2.0,-15.0
1.85,11.5,7.6,2.0,-16.0
1.86,11.51,7.49,1.0,-11.0
1.87,11.51,7.36,0.0,-13.0
1.8800000000000001,11.51,7.25,0.0,-11.0
1.8900000000000001,11.51,7.13,0.0,-12.0
1.9000000000000001,11.48,7.03,-3.0,-10.0
1.9100000000000001,11.46,6.94,-2.0,-9.0
1.92,11.43,6.81,-3.0,-13.0
1.93,11.39,6.67,-4.0,-14.0
1.94,11.34,6.53,-5.0,-14.0
1.95,11.31,6.43,-3.0,-10.0
1.96,11.27,6.33,-4.0,-10.0
1.97,11.25,6.26,-2.0,-7.0
1.98,11.23,6.2,-2.0,-6.0
1.99,11.18,6.13,-5.0,-7.0
2.0,11.13,6.03,-5.0,-10.0
2.0100000000000002,11.06,5.93,-7.0,-10.0
2.02,11.01,5.84,-5.0,-9.0
2.0300000000000002,10.97,5.78,-4.0,-6.0
2.04,10.94,5.74,-3.0,-4.0
2.05,10.9,5.68,-4.0,-6.0
2.06,10.86,5.6,-4.0,-8.0
2.07,10.81,5.51,-5.0,-9.0
2.08,10.78,5.43,-3.0,-8.0
2.09,10.75,5.35,-3.0,-8.0
2.1,10.72,5.26,-3.0,-9.0
2.11,10.69,5.17,-3.0,-9.0
2.12,10.67,5.07,-2.0,-10.0
2.13,10.64,4.96,-3.0,-11.0
2.14,10.62,4.84,-2.0,-12.0
2.15,10.6,4.76,-2.0,-8.0
2.16,10.58,4.67,-2.0,-9.0
2.17,10.57,4.57,-1.0,-10.0
2.18,10.57,4.49,0.0,-8.0
2.19,10.55,4.39,-2.0,-10.0
2.2,10.56,4.32,1.0,-7.0
2.21,10.56,4.29,0.0,-3.0
2.22,10.58,4.24,2.0,-5.0
2.23,10.59,4.19,1.0,-5.0
2.24,10.6,4.15,1.0,-4.0
2.25,10.62,4.09,2.0,-6.0
2.2600000000000002,10.63,4.01,1.0,-8.0
2.27,10.64,3.93,1.0,-8.0
2.2800000000000002,10.64,3.87,0.0,-6.0
2.29,10.65,3.82,1.0,-5.0
2.3000000000000003,10.66,3.76,1.0,-6.0
2.31,10.66,3.71,0.0,-5.0
2.32,10.66,3.7,0.0,-1.0
2.33,10.66,3.7,0.0,0.0
