0.01,8.9,3.64,0.0,0.0
0.02,8.9,3.64,0.0,0.0
0.03,8.9,3.64,0.0,0.0
0.04,8.9,3.64,0.0,0.0
0.05,8.8,3.75,-10.0,11.0
0.06,8.68,3.87,-12.0,12.0
0.07,8.6,3.96,-8.0,9.0
0.08,8.5,4.05,-10.0,9.0
0.09,8.37,4.14,-13.0,9.0
0.1,8.25,4.24,-12.0,10.0
0.11,8.1,4.35,-15.0,11.0
0.12,7.95,4.46,-15.0,11.0
0.13,7.8,4.58,-15.0,12.0
0.14,7.65,4.72,-15.0,14.0
0.15,7.53,4.84,-12.0,12.0
0.16,7.4,4.95,-13.0,11.0
0.17,7.27,5.07,-13.0,12.0
0.18,7.17,5.17,-10.0,10.0
0.19,7.02,5.33,-15.0,16.0
0.2,6.87,5.49,-15.0,16.0
0.21,6.71,5.68,-16.0,19.0
0.22,6.62,5.8,-9.0,12.0
0.23,6.52,5.94,-10.0,14.0
0.24,6.4,6.1,-12.0,16.0
0.25,6.32,6.21,-8.0,11.0
0.26,6.2,6.37,-12.0,16.0
0.27,6.09,6.53,-11.0,16.0
0.28,5.98,6.66,-11.0,13.0
0.29,5.85,6.83,-13.0,17.0
0.3,5.73,6.98,-12.0,15.0
0.31,5.64,7.1,-9.0,12.0
0.32,5.55,7.25,-9.0,15.0
0.33,5.46,7.39,-9.0,14.0
0.34,5.34,7.58,-12.0,19.0
0.35000000000000003,5.25,7.75,-9.0,17.0
0.36,5.16,7.94,-9.0,19.0
0.37,5.1,8.06,-6.0,12.0
0.38,5.08,8.11,-2.0,5.0
0.39,5.06,8.13,-2.0,2.0
0.4,5.01,8.21,-5.0,8.0
0.41000000000000003,4.95,8.32,-6.0,11.0
0.42,4.88,8.46,-7.0,14.0
0.43,4.84,8.57,-4.0,11.0
0.44,4.81,8.69,-3.0,12.0
0.45,4.77,8.82,-4.0,13.0
0.46,4.73,8.94,-4.0,12.0
0.47000000000000003,4.69,9.12,-4.0,18.0
0.48,4.65,9.32,-4.0,20.0
0.49,4.6,9.5,-5.0,18.0
0.5,4.57,9.65,-3.0,15.0
0.51,4.52,9.83,-5.0,18.0
0.52,4.49,9.96,-3.0,13.0
0.53,4.48,10.04,-1.0,8.0
0.54,4.46,10.16,-2.0,12.0
0.55,4.45,10.25,-1.0,9.0
0.56,4.44,10.33,-1.0,8.0
0.5700000000000001,4.43,10.47,-1.0,14.0
0.58,4.43,10.62,0.0,15.0
0.59,4.42,10.76,-1.0,14.0
0.6,4.4,10.88,-2.0,12.0
0.61,4.4,11.02,0.0,14.0
0.62,4.39,11.13,-1.0,11.0
0.63,4.38,11.24,-1.0,11.0
0.64,4.36,11.39,-2.0,15.0
0.65,4.35,11.49,-1.0,10.0
0.66,4.35,11.56,0.0,7.0
0.67,4.35,11.68,0.0,12.0
0.68,4.36,11.8,1.0,12.0
0.6900000000000001,4.37,11.86,1.0,6.0
0.7000000000000001,4.38,11.97,1.0,11.0
0.71,4.4,12.11,2.0,14.0
0.72,4.41,12.18,1.0,7.0
0.73,4.42,12.25,1.0,7.0
0.74,4.44,12.32,2.0,7.0
0.75,4.46,12.39,2.0,7.0
0.76,4.48,12.42,2.0,3.0
0.77,4.52,12.48,4.0,6.0
0.78,4.57,12.55,5.0,7.0
0.79,4.59,12.58,2.0,3.0
0.8,4.64,12.63,5.0,5.0
0.81,4.69,12.69,5.0,6.0
0.8200000000000001,4.72,12.71,3.0,2.0
0.8300000000000001,4.75,12.75,3.0,4.0
0.84,4.78,12.78,3.0,3.0
0.85,4.84,12.82,6.0,4.0
0.86,4.87,12.83,3.0,1.0
0.87,4.94,12.85,7.0,2.0
0.88,5.1,12.85,16.0,0.0
0.89,5.24,12.85,14.0,0.0
0.9,5.31,12.83,7.0,-2.0
0.91,5.42,12.8,11.0,-3.0
0.92,5.52,12.78,10.0,-2.0
0.93,5.6,12.75,8.0,-3.0
0.9400000000000001,5.74,12.7,14.0,-5.0
0.9500000000000001,5.95,12.65,21.0,-5.0
0.96,6.14,12.6,19.0,-5.0
0.97,6.34,12.5,20.0,-10.0
0.98,6.54,12.41,20.0,-9.0
0.99,6.77,12.3,23.0,-11.0
1.0,6.92,12.19,15.0,-11.0
1.01,7.15,12.01,23.0,-18.0
1.02,7.34,11.84,19.0,-17.0
1.03,7.5,11.74,16.0,-10.0
1.04,7.6,11.68,10.0,-6.0
1.05,7.72,11.62,12.0,-6.0
1.06,7.9,11.54,18.0,-8.0
1.07,8.03,11.47,13.0,-7.0
1.08,8.18,11.38,15.0,-9.0
1.09,8.34,11.27,16.0,-11.0
1.1,8.44,11.18,10.0,-9.0
1.11,8.5,11.13,6.0,-5.0
1.12,8.57,11.07,7.0,-6.0
1.1300000000000001,8.67,10.97,10.0,-10.0
1.1400000000000001,8.77,10.88,10.0,-9.0
1.1500000000000001,8.88,10.78,11.0,-10.0
1.16,9.0,10.67,12.0,-11.0
1.17,9.16,10.52,16.0,-15.0
1.18,9.3,10.38,14.0,-14.0
1.19,9.46,10.2,16.0,-18.0
1.2,9.66,9.99,20.0,-21.0
1.21,9.78,9.81,12.0,-18.0
1.22,9.92,9.63,14.0,-18.0
1.23,10.03,9.5,11.0,-13.0
1.24,10.12,9.36,9.0,-14.0
1.25,10.22,9.23,10.0,-13.0
1.26,10.33,9.09,11.0,-14.0
1.27,10.38,8.99,5.0,-10.0
1.28,10.44,8.9,6.0,-9.0
1.29,10.51,8.81,7.0,-9.0
1.3,10.57,8.7,6.0,-11.0
1.31,10.65,8.58,8.0,-12.0
1.32,10.72,8.45,7.0,-13.0
1.33,10.8,8.31,8.0,-14.0
1.34,10.85,8.21,5.0,-10.0
1.35,10.91,8.08,6.0,-13.0
1.36,10.95,7.98,4.0,-10.0
1.37,11.0,7.85,5.0,-13.0
1.3800000000000001,11.05,7.72,5.0,-13.0
1.3900000000000001,11.07,7.64,2.0,-8.0
1.4000000000000001,11.11,7.49,4.0,-15.0
1.41,11.15,7.35,4.0,-14.0
1.42,11.16,7.27,1.0,-8.0
1.43,11.18,7.21,2.0,-6.0
1.44,11.2,7.14,2.0,-7.0
1.45,11.23,7.07,3.0,-7.0
1.46,11.26,7.0,3.0,-7.0
1.47,11.29,6.93,3.0,-7.0
1.48,11.33,6.84,4.0,-9.0
1.49,11.36,6.76,3.0,-8.0
1.5,11.39,6.66,3.0,-10.0
1.51,11.41,6.53,2.0,-13.0
1.52,11.41,6.44,0.0,-9.0
1.53,11.41,6.38,0.0,-6.0
1.54,11.41,6.35,0.0,-3.0
1.55,11.4,6.3,-1.0,-5.0
1.56,11.38,6.25,-2.0,-5.0
1.57,11.36,6.19,-2.0,-6.0
1.58,11.34,6.09,-2.0,-10.0
1.59,11.32,5.97,-2.0,-12.0
1.6,11.31,5.86,-1.0,-11.0
1.61,11.27,5.71,-4.0,-15.0
1.62,11.24,5.58,-3.0,-13.0
1.6300000000000001,11.2,5.4,-4.0,-18.0
1.6400000000000001,11.17,5.28,-3.0,-12.0
1.6500000000000001,11.13,5.17,-4.0,-11.0
1.6600000000000001,11.08,5.05,-5.0,-12.0
1.67,11.04,4.94,-4.0,-11.0
1.68,10.98,4.82,-6.0,-12.0
1.69,10.92,4.68,-6.0,-14.0
1.7,10.83,4.52,-9.0,-16.0
1.71,10.81,4.45,-2.0,-7.0
1.72,10.78,4.38,-3.0,-7.0
1.73,10.76,4.29,-2.0,-9.0
1.74,10.75,4.24,-1.0,-5.0
1.75,10.72,4.14,-3.0,-10.0
1.76,10.72,4.04,0.0,-10.0
1.77,10.71,3.97,-1.0,-7.0
1.78,10.71,3.96,0.0,-1.0
1.79,10.71,3.93,0.0,-3.0
1.8,10.7,3.91,-1.0,-2.0
1.81,10.7,3.91,0.0,0.0
1.82,10.68,3.87,-2.0,-4.0
1.83,10.68,3.85,0.0,-2.0
1.84,10.68,3.85,0.0,0.0
1.85,10.68,3.85,0.0,0.0
1.86,10.68,3.85,0.0,0.0
1.87,10.68,3.85,0.0,0.0
