0.01,8.9,3.67,0.0,0.0
0.02,8.9,3.67,0.0,0.0
0.03,8.9,3.67,0.0,0.0
0.04,8.9,3.68,0.0,1.0
0.05,8.78,3.75,-12.0,7.0
0.06,8.62,3.84,-16.0,9.0
0.07,8.42,3.95,-20.0,11.0
0.08,8.24,4.05,-18.0,10.0
0.09,8.11,4.12,-13.0,7.0
0.1,7.93,4.2,-18.0,8.0
0.11,7.75,4.29,-18.0,9.0
0.12,7.49,4.4,-26.0,11.0
0.13,7.18,4.53,-31.0,13.0
0.14,6.93,4.63,-25.0,10.0
0.15,6.58,4.77,-35.0,14.0
0.16,6.25,4.94,-33.0,17.0
0.17,5.98,5.1,-27.0,16.0
0.18,5.74,5.2,-24.0,10.0
0.19,5.37,5.33,-37.0,13.0
0.2,4.98,5.45,-39.0,12.0
0.21,4.66,5.54,-32.0,9.0
0.22,4.42,5.62,-24.0,8.0
0.23,4.26,5.68,-16.0,6.0
0.24,4.06,5.79,-20.0,11.0
0.25,3.89,5.87,-17.0,8.0
0.26,3.76,5.96,-13.0,9.0
0.27,3.64,6.03,-12.0,7.0
0.28,3.47,6.15,-17.0,12.0
0.29,3.33,6.23,-14.0,8.0
0.3,3.23,6.29,-10.0,6.0
0.31,3.13,6.33,-10.0,4.0
0.32,2.95,6.41,-18.0,8.0
0.33,2.74,6.51,-21.0,10.0
0.34,2.58,6.6,-16.0,9.0
0.35000000000000003,2.41,6.7,-17.0,10.0
0.36,2.25,6.8,-16.0,10.0
0.37,2.08,6.91,-17.0,11.0
0.38,1.97,6.98,-11.0,7.0
0.39,1.87,7.05,-10.0,7.0
0.4,1.76,7.13,-11.0,8.0
0.41000000000000003,1.64,7.22,-12.0,9.0
0.42,1.57,7.28,-7.0,6.0
0.43,1.54,7.31,-3.0,3.0
0.44,1.49,7.34,-5.0,3.0
0.45,1.47,7.36,-2.0,2.0
0.46,1.43,7.4,-4.0,4.0
0.47000000000000003,1.38,7.45,-5.0,5.0
0.48,1.34,7.49,-4.0,4.0
0.49,1.3,7.55,-4.0,6.0
0.5,1.24,7.64,-6.0,9.0
0.51,1.22,7.68,-2.0,4.0
0.52,1.21,7.72,-1.0,4.0
0.53,1.2,7.78,-1.0,6.0
0.54,1.2,7.83,0.0,5.0
0.55,1.2,7.9,0.0,7.0
0.56,1.23,8.0,3.0,10.0
0.5700000000000001,1.26,8.08,3.0,8.0
0.58,1.28,8.13,2.0,5.0
0.59,1.35,8.22,7.0,9.0
0.6,1.39,8.28,4.0,6.0
0.61,1.44,8.36,5.0,8.0
0.62,1.51,8.42,7.0,6.0
0.63,1.57,8.48,6.0,6.0
0.64,1.66,8.53,9.0,5.0
0.65,1.85,8.64,19.0,11.0
0.66,1.96,8.69,11.0,5.0
0.67,2.08,8.73,12.0,4.0
0.68,2.26,8.78,18.0,5.0
0.6900000000000001,2.47,8.87,21.0,9.0
0.7000000000000001,2.62,8.91,15.0,4.0
0.71,2.82,8.95,20.0,4.0
0.72,3.15,8.99,33.0,4.0
0.73,3.43,9.04,28.0,5.0
0.74,3.68,9.08,25.0,4.0
0.75,3.93,9.09,25.0,1.0
0.76,4.32,9.14,39.0,5.0
0.77,4.8,9.16,48.0,2.0
0.78,5.25,9.16,45.0,0.0
0.79,5.6,9.16,35.0,0.0
0.8,5.91,9.16,31.0,0.0
0.81,6.14,9.18,23.0,2.0
0.8200000000000001,6.31,9.18,17.0,0.0
0.8300000000000001,6.63,9.18,32.0,0.0
0.84,6.92,9.16,29.0,-2.0
0.85,7.16,9.16,24.0,0.0
0.86,7.38,9.16,22.0,0.0
0.87,7.6,9.16,22.0,0.0
0.88,7.85,9.15,25.0,-1.0
0.89,8.07,9.15,22.0,0.0
0.9,8.31,9.13,24.0,-2.0
0.91,8.53,9.09,22.0,-4.0
0.92,8.77,9.06,24.0,-3.0
0.93,9.01,9.03,24.0,-3.0
0.9400000000000001,9.39,8.98,38.0,-5.0
0.9500000000000001,9.79,8.96,40.0,-2.0
0.96,10.2,8.91,41.0,-5.0
0.97,10.59,8.89,39.0,-2.0
0.98,10.81,8.86,22.0,-3.0
0.99,11.12,8.82,31.0,-4.0
1.0,11.39,8.8,27.0,-2.0
1.01,11.49,8.79,10.0,-1.0
1.02,11.67,8.75,18.0,-4.0
1.03,11.87,8.72,20.0,-3.0
1.04,12.04,8.7,17.0,-2.0
1.05,12.35,8.68,31.0,-2.0
1.06,12.72,8.68,37.0,0.0
1.07,13.16,8.68,44.0,0.0
1.08,13.52,8.67,36.0,-1.0
1.09,14.02,8.65,50.0,-2.0
1.1,14.44,8.6,42.0,-5.0
1.11,14.62,8.55,18.0,-5.0
1.12,14.82,8.53,20.0,-2.0
1.1300000000000001,14.94,8.49,12.0,-4.0
1.1400000000000001,14.94,8.49,0.0,0.0
1.1500000000000001,15.0,8.46,6.0,-3.0
1.16,15.15,8.41,15.0,-5.0
1.17,15.3,8.37,15.0,-4.0
1.18,15.43,8.33,13.0,-4.0
1.19,15.64,8.29,21.0,-4.0
1.2,15.99,8.23,35.0,-6.0
1.21,16.14,8.18,15.0,-5.0
1.22,16.26,8.13,12.0,-5.0
1.23,16.46,8.02,20.0,-11.0
1.24,16.59,7.96,13.0,-6.0
1.25,16.7,7.89,11.0,-7.0
1.26,16.91,7.82,21.0,-7.0
1.27,17.04,7.75,13.0,-7.0
1.28,17.14,7.68,10.0,-7.0
1.29,17.28,7.59,14.0,-9.0
1.3,17.42,7.51,14.0,-8.0
1.31,17.64,7.4,22.0,-11.0
1.32,17.83,7.3,19.0,-10.0
1.33,18.0,7.22,17.0,-8.0
1.34,18.19,7.15,19.0,-7.0
1.35,18.42,7.09,23.0,-6.0
1.36,18.51,7.05,9.0,-4.0
1.37,18.58,7.02,7.0,-3.0
1.3800000000000001,18.72,6.95,14.0,-7.0
1.3900000000000001,18.82,6.9,10.0,-5.0
1.4000000000000001,18.86,6.86,4.0,-4.0
1.41,18.91,6.83,5.0,-3.0
1.42,18.93,6.81,2.0,-2.0
1.43,18.97,6.78,4.0,-3.0
1.44,19.05,6.73,8.0,-5.0
1.45,19.14,6.71,9.0,-2.0
1.46,19.15,6.7,1.0,-1.0
1.47,19.15,6.7,0.0,0.0
1.48,19.22,6.64,7.0,-6.0
1.49,19.26,6.6,4.0,-4.0
1.5,19.3,6.54,4.0,-6.0
1.51,19.33,6.51,3.0,-3.0
1.52,19.33,6.5,0.0,-1.0
1.53,19.35,6.49,2.0,-1.0
1.54,19.44,6.43,9.0,-6.0
1.55,19.5,6.4,6.0,-3.0
1.56,19.53,6.34,3.0,-6.0
1.57,19.56,6.28,3.0,-6.0
1.58,19.6,6.22,4.0,-6.0
1.59,19.6,6.19,0.0,-3.0
1.6,19.61,6.15,1.0,-4.0
1.61,19.61,6.12,0.0,-3.0
1.62,19.6,6.07,-1.0,-5.0
1.6300000000000001,19.58,6.02,-2.0,-5.0
1.6400000000000001,19.55,5.99,-3.0,-3.0
1.6500000000000001,19.5,5.93,-5.0,-6.0
1.6600000000000001,19.4,5.86,-10.0,-7.0
1.67,19.22,5.78,-18.0,-8.0
1.68,19.02,5.7,-20.0,-8.0
1.69,18.82,5.65,-20.0,-5.0
1.7,18.61,5.62,-21.0,-3.0
1.71,18.33,5.59,-28.0,-3.0
1.72,18.06,5.59,-27.0,0.0
1.73,17.85,5.58,-21.0,-1.0
1.74,17.62,5.56,-23.0,-2.0
1.75,17.35,5.52,-27.0,-4.0
1.76,17.15,5.49,-20.0,-3.0
1.77,16.92,5.47,-23.0,-2.0
1.78,16.66,5.4,-26.0,-7.0
1.79,16.35,5.28,-31.0,-12.0
1.8,15.95,5.17,-40.0,-11.0
1.81,15.57,5.06,-38.0,-11.0
1.82,15.31,4.99,-26.0,-7.0
1.83,15.0,4.91,-31.0,-8.0
1.84,14.74,4.85,-26.0,-6.0
1.85,14.47,4.79,-27.0,-6.0
1.86,14.22,4.75,-25.0,-4.0
1.87,13.83,4.65,-39.0,-10.0
1.8800000000000001,13.54,4.56,-29.0,-9.0
1.8900000000000001,13.26,4.44,-28.0,-12.0
1.9000000000000001,13.01,4.37,-25.0,-7.0
1.9100000000000001,12.8,4.31,-21.0,-6.0
1.92,12.6,4.24,-20.0,-7.0
1.93,12.42,4.18,-18.0,-6.0
1.94,12.3,4.13,-12.0,-5.0
1.95,12.2,4.1,-10.0,-3.0
1.96,11.97,4.04,-23.0,-6.0
1.97,11.7,3.99,-27.0,-5.0
1.98,11.49,3.96,-21.0,-3.0
1.99,11.32,3.92,-17.0,-4.0
2.0,11.19,3.89,-13.0,-3.0
2.0100000000000002,11.06,3.86,-13.0,-3.0
2.02,10.94,3.84,-12.0,-2.0
2.0300000000000002,10.83,3.83,-11.0,-1.0
2.04,10.78,3.83,-5.0,0.0
2.05,10.75,3.83,-3.0,0.0
2.06,10.71,3.82,-4.0,-1.0
2.07,10.67,3.81,-4.0,-1.0
2.08,10.63,3.8,-4.0,-1.0
2.09,10.57,3.78,-6.0,-2.0
2.1,10.56,3.78,-1.0,0.0
2.11,10.55,3.78,-1.0,0.0
2.12,10.55,3.78,0.0,0.0
