0.01,8.87,3.68,0.0,0.0
0.02,8.87,3.68,0.0,0.0
0.03,8.87,3.68,0.0,0.0
0.04,8.87,3.68,0.0,0.0
0.05,8.87,3.68,0.0,0.0
0.06,8.85,3.75,-2.0,7.0
0.07,8.8,3.89,-5.0,14.0
0.08,8.76,4.05,-4.0,16.0
0.09,8.72,4.17,-4.0,12.0
0.1,8.68,4.3,-4.0,13.0
0.11,8.64,4.44,-4.0,14.0
0.12,8.58,4.61,-6.0,17.0
0.13,8.5,4.78,-8.0,17.0
0.14,8.45,4.9,-5.0,12.0
0.15,8.41,5.03,-4.0,13.0
0.16,8.34,5.18,-7.0,15.0
0.17,8.29,5.32,-5.0,14.0
0.18,8.25,5.47,-4.0,15.0
0.19,8.17,5.66,-8.0,19.0
0.2,8.13,5.79,-4.0,13.0
0.21,8.08,5.95,-5.0,16.0
0.22,8.02,6.16,-6.0,21.0
0.23,7.96,6.37,-6.0,21.0
0.24,7.9,6.56,-6.0,19.0
0.25,7.85,6.79,-5.0,23.0
0.26,7.78,6.99,-7.0,20.0
0.27,7.72,7.23,-6.0,24.0
0.28,7.7,7.46,-2.0,23.0
0.29,7.68,7.69,-2.0,23.0
0.3,7.64,8.13,-4.0,44.0
0.31,7.6,8.59,-4.0,46.0
0.32,7.56,8.95,-4.0,36.0
0.33,7.52,9.2,-4.0,25.0
0.34,7.48,9.47,-4.0,27.0
0.35000000000000003,7.48,9.65,0.0,18.0
0.36,7.47,9.77,-1.0,12.0
0.37,7.46,9.91,-1.0,14.0
0.38,7.46,10.03,0.0,12.0
0.39,7.46,10.18,0.0,15.0
0.4,7.46,10.3,0.0,12.0
0.41000000000000003,7.46,10.4,0.0,10.0
0.42,7.45,10.52,-1.0,12.0
0.43,7.42,10.65,-3.0,13.0
0.44,7.41,10.73,-1.0,8.0
0.45,7.41,10.82,0.0,9.0
0.46,7.39,10.94,-2.0,12.0
0.47000000000000003,7.39,11.03,0.0,9.0
0.48,7.39,11.12,0.0,9.0
0.49,7.39,11.25,0.0,13.0
0.5,7.39,11.35,0.0,10.0
0.51,7.39,11.45,0.0,10.0
0.52,7.39,11.57,0.0,12.0
0.53,7.39,11.68,0.0,11.0
0.54,7.37,11.8,-2.0,12.0
0.55,7.36,11.92,-1.0,12.0
0.56,7.35,12.02,-1.0,10.0
0.5700000000000001,7.36,12.09,1.0,7.0
0.58,7.36,12.17,0.0,8.0
0.59,7.36,12.27,0.0,10.0
0.6,7.35,12.35,-1.0,8.0
0.61,7.35,12.42,0.0,7.0
0.62,7.34,12.54,-1.0,12.0
0.63,7.34,12.65,0.0,11.0
0.64,7.34,12.72,0.0,7.0
0.65,7.35,12.81,1.0,9.0
0.66,7.36,12.87,1.0,6.0
0.67,7.37,12.97,1.0,10.0
0.68,7.37,13.07,0.0,10.0
0.6900000000000001,7.36,13.15,-1.0,8.0
0.7000000000000001,7.36,13.31,0.0,16.0
0.71,7.36,13.42,0.0,11.0
0.72,7.36,13.53,0.0,11.0
0.73,7.36,13.6,0.0,7.0
0.74,7.41,13.67,5.0,7.0
0.75,7.5,13.78,9.0,11.0
0.76,7.56,13.9,6.0,12.0
0.77,7.59,13.93,3.0,3.0
0.78,7.68,13.96,9.0,3.0
0.79,7.71,13.97,3.0,1.0
0.8,7.73,13.98,2.0,1.0
0.81,7.8,13.99,7.0,1.0
0.8200000000000001,7.82,14.0,2.0,1.0
0.8300000000000001,7.88,14.01,6.0,1.0
0.84,7.93,14.02,5.0,1.0
0.85,7.96,14.03,3.0,1.0
0.86,8.02,14.04,6.0,1.0
0.87,8.06,14.05,4.0,1.0
0.88,8.17,14.05,11.0,0.0
0.89,8.27,14.05,10.0,0.0
0.9,8.41,14.04,14.0,-1.0
0.91,8.58,14.01,17.0,-3.0
0.92,8.73,13.98,15.0,-3.0
0.93,8.87,13.95,14.0,-3.0
0.9400000000000001,9.0,13.91,13.0,-4.0
0.9500000000000001,9.16,13.85,16.0,-6.0
0.96,9.29,13.79,13.0,-6.0
0.97,9.43,13.73,14.0,-6.0
0.98,9.61,13.66,18.0,-7.0
0.99,9.8,13.59,19.0,-7.0
1.0,10.03,13.49,23.0,-10.0
1.01,10.21,13.4,18.0,-9.0
1.02,10.4,13.28,19.0,-12.0
1.03,10.58,13.18,18.0,-10.0
1.04,10.75,13.11,17.0,-7.0
1.05,10.88,13.04,13.0,-7.0
1.06,11.07,12.96,19.0,-8.0
1.07,11.19,12.91,12.0,-5.0
1.08,11.26,12.87,7.0,-4.0
1.09,11.38,12.81,12.0,-6.0
1.1,11.55,12.7,17.0,-11.0
1.11,11.69,12.62,14.0,-8.0
1.12,11.86,12.5,17.0,-12.0
1.1300000000000001,12.04,12.37,18.0,-13.0
1.1400000000000001,12.16,12.25,12.0,-12.0
1.1500000000000001,12.32,12.12,16.0,-13.0
1.16,12.47,11.97,15.0,-15.0
1.17,12.67,11.82,20.0,-15.0
1.18,12.78,11.72,11.0,-10.0
1.19,12.89,11.61,11.0,-11.0
1.2,13.02,11.47,13.0,-14.0
1.21,13.14,11.34,12.0,-13.0
1.22,13.22,11.24,8.0,-10.0
1.23,13.36,11.09,14.0,-15.0
1.24,13.48,10.96,12.0,-13.0
1.25,13.63,10.81,15.0,-15.0
1.26,13.72,10.71,9.0,-10.0
1.27,13.81,10.61,9.0,-10.0
1.28,13.93,10.46,12.0,-15.0
1.29,14.08,10.29,15.0,-17.0
1.3,14.24,10.12,16.0,-17.0
1.31,14.35,10.0,11.0,-12.0
1.32,14.53,9.85,18.0,-15.0
1.33,14.65,9.72,12.0,-13.0
1.34,14.78,9.61,13.0,-11.0
1.35,14.91,9.5,13.0,-11.0
1.36,15.05,9.37,14.0,-13.0
1.37,15.15,9.25,10.0,-12.0
1.3800000000000001,15.28,9.1,13.0,-15.0
1.3900000000000001,15.33,9.03,5.0,-7.0
1.4000000000000001,15.43,8.95,10.0,-8.0
1.41,15.57,8.85,14.0,-10.0
1.42,15.69,8.75,12.0,-10.0
1.43,15.79,8.68,10.0,-7.0
1.44,15.94,8.56,15.0,-12.0
1.45,16.06,8.45,12.0,-11.0
1.46,16.18,8.31,12.0,-14.0
1.47,16.27,8.18,9.0,-13.0
1.48,16.4,7.97,13.0,-21.0
1.49,16.5,7.78,10.0,-19.0
1.5,16.54,7.68,4.0,-10.0
1.51,16.61,7.6,7.0,-8.0
1.52,16.68,7.53,7.0,-7.0
1.53,16.75,7.46,7.0,-7.0
1.54,16.85,7.34,10.0,-12.0
1.55,16.93,7.23,8.0,-11.0
1.56,17.03,7.06,10.0,-17.0
1.57,17.11,6.9,8.0,-16.0
1.58,17.16,6.81,5.0,-9.0
1.59,17.21,6.67,5.0,-14.0
1.6,17.27,6.55,6.0,-12.0
1.61,17.33,6.45,6.0,-10.0
1.62,17.36,6.39,3.0,-6.0
1.6300000000000001,17.38,6.31,2.0,-8.0
1.6400000000000001,17.42,6.22,4.0,-9.0
1.6500000000000001,17.42,6.15,0.0,-7.0
1.6600000000000001,17.42,6.11,0.0,-4.0
1.67,17.42,6.02,0.0,-9.0
1.68,17.4,5.92,-2.0,-10.0
1.69,17.38,5.86,-2.0,-6.0
1.7,17.33,5.79,-5.0,-7.0
1.71,17.24,5.73,-9.0,-6.0
1.72,17.19,5.69,-5.0,-4.0
1.73,17.11,5.63,-8.0,-6.0
1.74,16.96,5.56,-15.0,-7.0
1.75,16.88,5.54,-8.0,-2.0
1.76,16.79,5.52,-9.0,-2.0
1.77,16.67,5.49,-12.0,-3.0
1.78,16.5,5.43,-17.0,-6.0
1.79,16.33,5.36,-17.0,-7.0
1.8,16.18,5.28,-15.0,-8.0
1.81,16.0,5.23,-18.0,-5.0
1.82,15.74,5.17,-26.0,-6.0
1.83,15.5,5.09,-24.0,-8.0
1.84,15.33,5.04,-17.0,-5.0
1.85,15.11,4.96,-22.0,-8.0
1.86,14.93,4.92,-18.0,-4.0
1.87,14.77,4.86,-16.0,-6.0
1.8800000000000001,14.58,4.8,-19.0,-6.0
1.8900000000000001,14.34,4.7,-24.0,-10.0
1.9000000000000001,14.13,4.65,-21.0,-5.0
1.9100000000000001,13.93,4.58,-20.0,-7.0
1.92,13.66,4.51,-27.0,-7.0
1.93,13.54,4.46,-12.0,-5.0
1.94,13.41,4.44,-13.0,-2.0
1.95,13.26,4.4,-15.0,-4.0
1.96,13.12,4.37,-14.0,-3.0
1.97,12.95,4.34,-17.0,-3.0
1.98,12.76,4.31,-19.0,-3.0
1.99,12.61,4.29,-15.0,-2.0
2.0,12.43,4.27,-18.0,-2.0
2.0100000000000002,12.3,4.25,-13.0,-2.0
2.02,12.15,4.22,-15.0,-3.0
2.0300000000000002,11.96,4.19,-19.0,-3.0
2.04,11.78,4.16,-18.0,-3.0
2.05,11.64,4.13,-14.0,-3.0
2.06,11.55,4.1,-9.0,-3.0
2.07,11.41,4.05,-14.0,-5.0
2.08,11.28,4.0,-13.0,-5.0
2.09,11.16,3.94,-12.0,-6.0
2.1,11.08,3.91,-8.0,-3.0
2.11,10.99,3.86,-9.0,-5.0
2.12,10.9,3.82,-9.0,-4.0
2.13,10.84,3.79,-6.0,-3.0
2.14,10.82,3.78,-2.0,-1.0
2.15,10.75,3.77,-7.0,-1.0
2.16,10.73,3.77,-2.0,0.0
2.17,10.68,3.77,-5.0,0.0
2.18,10.64,3.77,-4.0,0.0
2.19,10.6,3.77,-4.0,0.0
2.2,10.56,3.77,-4.0,0.0
2.21,10.56,3.77,0.0,0.0
2.22,10.56,3.77,0.0,0.0
