0.01,8.88,3.72,0.0,0.0
0.02,8.88,3.72,0.0,0.0
0.03,8.88,3.72,0.0,0.0
0.04,8.86,3.75,-2.0,3.0
0.05,8.8,3.8,-6.0,5.0
0.06,8.67,3.9,-13.0,10.0
0.07,8.5,4.02,-17.0,12.0
0.08,8.33,4.12,-17.0,10.0
0.09,8.16,4.23,-17.0,11.0
0.1,8.03,4.3,-13.0,7.0
0.11,7.89,4.37,-14.0,7.0
0.12,7.75,4.44,-14.0,7.0
0.13,7.61,4.52,-14.0,8.0
0.14,7.43,4.6,-18.0,8.0
0.15,7.27,4.68,-16.0,8.0
0.16,7.1,4.76,-17.0,8.0
0.17,6.91,4.84,-19.0,8.0
0.18,6.7,4.92,-21.0,8.0
0.19,6.47,4.99,-23.0,7.0
0.2,6.31,5.04,-16.0,5.0
0.21,6.09,5.11,-22.0,7.0
0.22,5.86,5.2,-23.0,9.0
0.23,5.67,5.26,-19.0,6.0
0.24,5.51,5.31,-16.0,5.0
0.25,5.35,5.37,-16.0,6.0
0.26,5.2,5.42,-15.0,5.0
0.27,5.07,5.46,-13.0,4.0
0.28,4.96,5.52,-11.0,6.0
0.29,4.8,5.58,-16.0,6.0
0.3,4.63,5.64,-17.0,6.0
0.31,4.57,5.68,-6.0,4.0
0.32,4.49,5.72,-8.0,4.0
0.33,4.34,5.79,-15.0,7.0
0.34,4.21,5.85,-13.0,6.0
0.35000000000000003,4.11,5.91,-10.0,6.0
0.36,4.01,5.97,-10.0,6.0
0.37,3.88,6.04,-13.0,7.0
0.38,3.74,6.1,-14.0,6.0
0.39,3.58,6.18,-16.0,8.0
0.4,3.47,6.24,-11.0,6.0
0.41000000000000003,3.34,6.32,-13.0,8.0
0.42,3.2,6.4,-14.0,8.0
0.43,3.14,6.45,-6.0,5.0
0.44,3.08,6.48,-6.0,3.0
0.45,3.02,6.51,-6.0,3.0
0.46,2.96,6.54,-6.0,3.0
0.47000000000000003,2.88,6.58,-8.0,4.0
0.48,2.85,6.6,-3.0,2.0
0.49,2.8,6.63,-5.0,3.0
0.5,2.75,6.66,-5.0,3.0
0.51,2.7,6.69,-5.0,3.0
0.52,2.66,6.72,-4.0,3.0
0.53,2.61,6.75,-5.0,3.0
0.54,2.55,6.79,-6.0,4.0
0.55,2.5,6.83,-5.0,4.0
0.56,2.47,6.87,-3.0,4.0
0.5700000000000001,2.44,6.9,-3.0,3.0
0.58,2.4,6.94,-4.0,4.0
0.59,2.38,6.98,-2.0,4.0
0.6,2.37,7.01,-1.0,3.0
0.61,2.35,7.07,-2.0,6.0
0.62,2.36,7.11,1.0,4.0
0.63,2.38,7.16,2.0,5.0
0.64,2.38,7.21,0.0,5.0
0.65,2.39,7.23,1.0,2.0
0.66,2.42,7.3,3.0,7.0
0.67,2.46,7.34,4.0,4.0
0.68,2.51,7.39,5.0,5.0
0.6900000000000001,2.61,7.46,10.0,7.0
0.7000000000000001,2.76,7.55,15.0,9.0
0.71,2.85,7.61,9.0,6.0
0.72,2.98,7.7,13.0,9.0
0.73,3.22,7.8,24.0,10.0
0.74,3.43,7.89,21.0,9.0
0.75,3.63,7.97,20.0,8.0
0.76,3.91,8.07,28.0,10.0
0.77,4.26,8.13,35.0,6.0
0.78,4.65,8.18,39.0,5.0
0.79,4.96,8.21,31.0,3.0
0.8,5.38,8.25,42.0,4.0
0.81,5.74,8.27,36.0,2.0
0.8200000000000001,5.91,8.28,17.0,1.0
0.8300000000000001,6.14,8.28,23.0,0.0
0.84,6.36,8.3,22.0,2.0
0.85,6.63,8.33,27.0,3.0
0.86,6.84,8.36,21.0,3.0
0.87,7.04,8.38,20.0,2.0
0.88,7.37,8.43,33.0,5.0
0.89,7.64,8.46,27.0,3.0
0.9,7.96,8.53,32.0,7.0
0.91,8.17,8.56,21.0,3.0
0.92,8.33,8.59,16.0,3.0
0.93,8.67,8.64,34.0,5.0
0.9400000000000001,8.92,8.66,25.0,2.0
0.9500000000000001,9.17,8.67,25.0,1.0
0.96,9.43,8.68,26.0,1.0
0.97,9.78,8.68,35.0,0.0
0.98,10.03,8.68,25.0,0.0
0.99,10.26,8.68,23.0,0.0
1.0,10.48,8.68,22.0,0.0
1.01,10.53,8.68,5.0,0.0
1.02,10.68,8.68,15.0,0.0
1.03,10.82,8.68,14.0,0.0
1.04,11.13,8.7,31.0,2.0
1.05,11.33,8.7,20.0,0.0
1.06,11.46,8.7,13.0,0.0
1.07,11.58,8.69,12.0,-1.0
1.08,11.77,8.68,19.0,-1.0
1.09,11.93,8.68,16.0,0.0
1.1,12.18,8.67,25.0,-1.0
1.11,12.47,8.67,29.0,0.0
1.12,12.87,8.67,40.0,0.0
1.1300000000000001,13.26,8.67,39.0,0.0
1.1400000000000001,13.59,8.67,33.0,0.0
1.1500000000000001,13.83,8.67,24.0,0.0
1.16,14.05,8.67,22.0,0.0
1.17,14.15,8.67,10.0,0.0
1.18,14.32,8.67,17.0,0.0
1.19,14.44,8.67,12.0,0.0
1.2,14.58,8.68,14.0,1.0
1.21,14.8,8.69,22.0,1.0
1.22,15.05,8.7,25.0,1.0
1.23,15.34,8.7,29.0,0.0
1.24,15.75,8.7,41.0,0.0
1.25,16.06,8.72,31.0,2.0
1.26,16.42,8.72,36.0,0.0
1.27,16.69,8.7,27.0,-2.0
1.28,16.96,8.7,27.0,0.0
1.29,17.2,8.7,24.0,0.0
1.3,17.37,8.7,17.0,0.0
1.31,17.48,8.7,11.0,0.0
1.32,17.69,8.69,21.0,-1.0
1.33,17.75,8.68,6.0,-1.0
1.34,17.76,8.67,1.0,-1.0
1.35,17.86,8.63,10.0,-4.0
1.36,18.03,8.6,17.0,-3.0
1.37,18.18,8.56,15.0,-4.0
1.3800000000000001,18.4,8.52,22.0,-4.0
1.3900000000000001,18.58,8.48,18.0,-4.0
1.4000000000000001,18.71,8.42,13.0,-6.0
1.41,18.83,8.36,12.0,-6.0
1.42,18.91,8.31,8.0,-5.0
1.43,18.96,8.29,5.0,-2.0
1.44,19.01,8.27,5.0,-2.0
1.45,19.05,8.25,4.0,-2.0
1.46,19.06,8.24,1.0,-1.0
1.47,19.14,8.2,8.0,-4.0
1.48,19.19,8.18,5.0,-2.0
1.49,19.21,8.17,2.0,-1.0
1.5,19.22,8.17,1.0,0.0
1.51,19.26,8.14,4.0,-3.0
1.52,19.3,8.12,4.0,-2.0
1.53,19.33,8.08,3.0,-4.0
1.54,19.39,8.05,6.0,-3.0
1.55,19.42,8.02,3.0,-3.0
1.56,19.45,7.99,3.0,-3.0
1.57,19.45,7.99,0.0,0.0
1.58,19.48,7.95,3.0,-4.0
1.59,19.5,7.91,2.0,-4.0
1.6,19.52,7.86,2.0,-5.0
1.61,19.53,7.81,1.0,-5.0
1.62,19.53,7.79,0.0,-2.0
1.6300000000000001,19.53,7.76,0.0,-3.0
1.6400000000000001,19.53,7.73,0.0,-3.0
1.6500000000000001,19.53,7.7,0.0,-3.0
1.6600000000000001,19.52,7.66,-1.0,-4.0
1.67,19.5,7.61,-2.0,-5.0
1.68,19.47,7.55,-3.0,-6.0
1.69,19.41,7.46,-6.0,-9.0
1.7,19.32,7.35,-9.0,-11.0
1.71,19.2,7.24,-12.0,-11.0
1.72,19.05,7.14,-15.0,-10.0
1.73,18.83,7.0,-22.0,-14.0
1.74,18.65,6.9,-18.0,-10.0
1.75,18.49,6.82,-16.0,-8.0
1.76,18.32,6.74,-17.0,-8.0
1.77,18.15,6.68,-17.0,-6.0
1.78,17.96,6.6,-19.0,-8.0
1.79,17.77,6.53,-19.0,-7.0
1.8,17.6,6.47,-17.0,-6.0
1.81,17.39,6.39,-21.0,-8.0
1.82,17.17,6.31,-22.0,-8.0
1.83,16.96,6.26,-21.0,-5.0
1.84,16.78,6.19,-18.0,-7.0
1.85,16.61,6.1,-17.0,-9.0
1.86,16.42,6.01,-19.0,-9.0
1.87,16.17,5.9,-25.0,-11.0
1.8800000000000001,15.99,5.81,-18.0,-9.0
1.8900000000000001,15.8,5.71,-19.0,-10.0
1.9000000000000001,15.56,5.61,-24.0,-10.0
1.9100000000000001,15.31,5.49,-25.0,-12.0
1.92,15.12,5.42,-19.0,-7.0
1.93,14.95,5.32,-17.0,-10.0
1.94,14.75,5.24,-20.0,-8.0
1.95,14.47,5.11,-28.0,-13.0
1.96,14.22,5.01,-25.0,-10.0
1.97,14.05,4.94,-17.0,-7.0
1.98,13.86,4.85,-19.0,-9.0
1.99,13.68,4.78,-18.0,-7.0
2.0,13.48,4.71,-20.0,-7.0
2.0100000000000002,13.37,4.68,-11.0,-3.0
2.02,13.21,4.6,-16.0,-8.0
2.0300000000000002,13.02,4.52,-19.0,-8.0
2.04,12.82,4.45,-20.0,-7.0
2.05,12.46,4.37,-36.0,-8.0
2.06,12.2,4.32,-26.0,-5.0
2.07,12.01,4.26,-19.0,-6.0
2.08,11.77,4.18,-24.0,-8.0
2.09,11.58,4.12,-19.0,-6.0
2.1,11.46,4.08,-12.0,-4.0
2.11,11.34,4.04,-12.0,-4.0
2.12,11.26,4.0,-8.0,-4.0
2.13,11.16,3.95,-10.0,-5.0
2.14,11.05,3.9,-11.0,-5.0
2.15,10.94,3.86,-11.0,-4.0
2.16,10.86,3.83,-8.0,-3.0
2.17,10.78,3.81,-8.0,-2.0
2.18,10.74,3.81,-4.0,0.0
2.19,10.69,3.8,-5.0,-1.0
2.2,10.67,3.79,-2.0,-1.0
2.21,10.65,3.78,-2.0,-1.0
2.22,10.65,3.78,0.0,0.0
2.23,10.65,3.78,0.0,0.0
2.24,10.65,3.78,0.0,0.0
2.25,10.61,3.77,-4.0,-1.0
2.2600000000000002,10.6,3.76,-1.0,-1.0
