0.01,8.89,3.7,0.0,0.0
0.02,8.89,3.7,0.0,0.0
0.03,8.89,3.7,0.0,0.0
0.04,8.89,3.7,0.0,0.0
0.05,8.89,3.7,0.0,0.0
0.06,8.81,3.73,-8.0,3.0
0.07,8.31,3.82,-50.0,9.0
0.08,8.01,3.84,-30.0,2.0
0.09,7.89,3.86,-12.0,2.0
0.1,7.8,3.87,-9.0,1.0
0.11,7.7,3.89,-10.0,2.0
0.12,7.52,3.91,-18.0,2.0
0.13,7.41,3.92,-11.0,1.0
0.14,7.26,3.94,-15.0,2.0
0.15,7.11,3.96,-15.0,2.0
0.16,6.96,3.99,-15.0,3.0
0.17,6.86,4.01,-10.0,2.0
0.18,6.73,4.03,-13.0,2.0
0.19,6.54,4.06,-19.0,3.0
0.2,6.4,4.09,-14.0,3.0
0.21,6.25,4.12,-15.0,3.0
0.22,6.07,4.16,-18.0,4.0
0.23,5.87,4.2,-20.0,4.0
0.24,5.67,4.23,-20.0,3.0
0.25,5.52,4.25,-15.0,2.0
0.26,5.38,4.27,-14.0,2.0
0.27,5.19,4.29,-19.0,2.0
0.28,5.0,4.31,-19.0,2.0
0.29,4.88,4.34,-12.0,3.0
0.3,4.69,4.37,-19.0,3.0
0.31,4.52,4.39,-17.0,2.0
0.32,4.4,4.4,-12.0,1.0
0.33,4.21,4.42,-19.0,2.0
0.34,4.1,4.43,-11.0,1.0
0.35000000000000003,3.95,4.44,-15.0,1.0
0.36,3.79,4.46,-16.0,2.0
0.37,3.69,4.47,-10.0,1.0
0.38,3.53,4.49,-16.0,2.0
0.39,3.41,4.5,-12.0,1.0
0.4,3.31,4.51,-10.0,1.0
0.41000000000000003,3.16,4.54,-15.0,3.0
0.42,3.05,4.55,-11.0,1.0
0.43,2.97,4.57,-8.0,2.0
0.44,2.88,4.59,-9.0,2.0
0.45,2.76,4.62,-12.0,3.0
0.46,2.67,4.65,-9.0,3.0
0.47000000000000003,2.55,4.69,-12.0,4.0
0.48,2.41,4.73,-14.0,4.0
0.49,2.34,4.75,-7.0,2.0
0.5,2.22,4.77,-12.0,2.0
0.51,2.1,4.81,-12.0,4.0
0.52,2.0,4.83,-10.0,2.0
0.53,1.96,4.85,-4.0,2.0
0.54,1.87,4.89,-9.0,4.0
0.55,1.82,4.92,-5.0,3.0
0.56,1.78,4.95,-4.0,3.0
0.5700000000000001,1.74,5.0,-4.0,5.0
0.58,1.7,5.06,-4.0,6.0
0.59,1.66,5.13,-4.0,7.0
0.6,1.64,5.18,-2.0,5.0
0.61,1.61,5.26,-3.0,8.0
0.62,1.6,5.31,-1.0,5.0
0.63,1.6,5.38,0.0,7.0
0.64,1.6,5.43,0.0,5.0
0.65,1.61,5.49,1.0,6.0
0.66,1.63,5.56,2.0,7.0
0.67,1.65,5.6,2.0,4.0
0.68,1.67,5.69,2.0,9.0
0.6900000000000001,1.69,5.76,2.0,7.0
0.7000000000000001,1.71,5.85,2.0,9.0
0.71,1.72,5.92,1.0,7.0
0.72,1.74,5.98,2.0,6.0
0.73,1.76,6.05,2.0,7.0
0.74,1.78,6.11,2.0,6.0
0.75,1.81,6.2,3.0,9.0
0.76,1.83,6.25,2.0,5.0
0.77,1.85,6.33,2.0,8.0
0.78,1.88,6.4,3.0,7.0
0.79,1.91,6.5,3.0,10.0
0.8,1.94,6.58,3.0,8.0
0.81,1.98,6.68,4.0,10.0
0.8200000000000001,2.08,6.83,10.0,15.0
0.8300000000000001,2.17,6.97,9.0,14.0
0.84,2.28,7.14,11.0,17.0
0.85,2.42,7.3,14.0,16.0
0.86,2.58,7.49,16.0,19.0
0.87,2.76,7.67,18.0,18.0
0.88,2.85,7.75,9.0,8.0
0.89,2.92,7.83,7.0,8.0
0.9,2.98,7.87,6.0,4.0
0.91,3.09,7.96,11.0,9.0
0.92,3.19,8.03,10.0,7.0
0.93,3.34,8.16,15.0,13.0
0.9400000000000001,3.48,8.26,14.0,10.0
0.9500000000000001,3.61,8.39,13.0,13.0
0.96,3.79,8.61,18.0,22.0
0.97,3.93,8.81,14.0,20.0
0.98,4.11,9.05,18.0,24.0
0.99,4.2,9.21,9.0,16.0
1.0,4.3,9.34,10.0,13.0
1.01,4.42,9.46,12.0,12.0
1.02,4.59,9.61,17.0,15.0
1.03,4.73,9.72,14.0,11.0
1.04,4.85,9.85,12.0,13.0
1.05,5.02,10.04,17.0,19.0
1.06,5.17,10.2,15.0,16.0
1.07,5.36,10.43,19.0,23.0
1.08,5.5,10.6,14.0,17.0
1.09,5.72,10.78,22.0,18.0
1.1,5.96,10.94,24.0,16.0
1.11,6.26,11.14,30.0,20.0
1.12,6.49,11.27,23.0,13.0
1.1300000000000001,6.74,11.42,25.0,15.0
1.1400000000000001,6.92,11.51,18.0,9.0
1.1500000000000001,7.11,11.62,19.0,11.0
1.16,7.28,11.73,17.0,11.0
1.17,7.4,11.82,12.0,9.0
1.18,7.55,11.92,15.0,10.0
1.19,7.61,11.98,6.0,6.0
1.2,7.68,12.04,7.0,6.0
1.21,7.82,12.13,14.0,9.0
1.22,7.98,12.21,16.0,8.0
1.23,8.17,12.31,19.0,10.0
1.24,8.36,12.41,19.0,10.0
1.25,8.69,12.53,33.0,12.0
1.26,8.96,12.65,27.0,12.0
1.27,9.21,12.79,25.0,14.0
1.28,9.44,12.89,23.0,10.0
1.29,9.65,12.96,21.0,7.0
1.3,9.91,13.07,26.0,11.0
1.31,10.06,13.14,15.0,7.0
1.32,10.29,13.18,23.0,4.0
1.33,10.4,13.18,11.0,0.0
1.34,10.54,13.2,14.0,2.0
1.35,10.69,13.23,15.0,3.0
1.36,10.81,13.25,12.0,2.0
1.37,10.94,13.28,13.0,3.0
1.3800000000000001,11.01,13.28,7.0,0.0
1.3900000000000001,11.14,13.29,13.0,1.0
1.4000000000000001,11.35,13.33,21.0,4.0
1.41,11.52,13.37,17.0,4.0
1.42,11.72,13.43,20.0,6.0
1.43,11.89,13.5,17.0,7.0
1.44,12.09,13.6,20.0,10.0
1.45,12.24,13.67,15.0,7.0
1.46,12.43,13.74,19.0,7.0
1.47,12.55,13.78,12.0,4.0
1.48,12.73,13.79,18.0,1.0
1.49,12.88,13.79,15.0,0.0
1.5,13.12,13.81,24.0,2.0
1.51,13.28,13.84,16.0,3.0
1.52,13.49,13.87,21.0,3.0
1.53,13.72,13.91,23.0,4.0
1.54,13.91,13.94,19.0,3.0
1.55,14.15,13.96,24.0,2.0
1.56,14.33,13.98,18.0,2.0
1.57,14.55,13.99,22.0,1.0
1.58,14.68,13.99,13.0,0.0
1.59,14.76,13.99,8.0,0.0
1.6,14.89,13.99,13.0,0.0
1.61,14.98,13.99,9.0,0.0
1.62,15.11,13.99,13.0,0.0
1.6300000000000001,15.22,13.99,11.0,0.0
1.6400000000000001,15.36,14.0,14.0,1.0
1.6500000000000001,15.49,14.0,13.0,0.0
1.6600000000000001,15.59,14.0,10.0,0.0
1.67,15.74,14.0,15.0,0.0
1.68,15.89,14.0,15.0,0.0
1.69,16.07,14.0,18.0,0.0
1.7,16.19,14.0,12.0,0.0
1.71,16.33,14.0,14.0,0.0
1.72,16.38,14.0,5.0,0.0
1.73,16.44,14.0,6.0,0.0
1.74,16.5,14.0,6.0,0.0
1.75,16.54,14.0,4.0,0.0
1.76,16.6,14.0,6.0,0.0
1.77,16.66,13.99,6.0,-1.0
1.78,16.69,13.98,3.0,-1.0
1.79,16.71,13.97,2.0,-1.0
1.8,16.78,13.95,7.0,-2.0
1.81,16.81,13.93,3.0,-2.0
1.82,16.84,13.91,3.0,-2.0
1.83,16.88,13.89,4.0,-2.0
1.84,16.9,13.87,2.0,-2.0
1.85,16.93,13.84,3.0,-3.0
1.86,17.0,13.79,7.0,-5.0
1.87,17.03,13.77,3.0,-2.0
1.8800000000000001,17.05,13.76,2.0,-1.0
1.8900000000000001,17.1,13.74,5.0,-2.0
1.9000000000000001,17.19,13.73,9.0,-1.0
1.9100000000000001,17.24,13.71,5.0,-2.0
1.92,17.24,13.69,0.0,-2.0
1.93,17.26,13.63,2.0,-6.0
1.94,17.28,13.59,2.0,-4.0
1.95,17.29,13.5,1.0,-9.0
1.96,17.27,13.4,-2.0,-10.0
1.97,17.25,13.33,-2.0,-7.0
1.98,17.22,13.21,-3.0,-12.0
1.99,17.2,13.09,-2.0,-12.0
2.0,17.17,12.95,-3.0,-14.0
2.0100000000000002,17.14,12.75,-3.0,-20.0
2.02,17.1,12.6,-4.0,-15.0
2.0300000000000002,17.05,12.43,-5.0,-17.0
2.04,16.98,12.26,-7.0,-17.0
2.05,16.9,12.04,-8.0,-22.0
2.06,16.83,11.85,-7.0,-19.0
2.07,16.77,11.66,-6.0,-19.0
2.08,16.7,11.44,-7.0,-22.0
2.09,16.58,11.14,-12.0,-30.0
2.1,16.5,10.95,-8.0,-19.0
2.11,16.39,10.73,-11.0,-22.0
2.12,16.29,10.53,-10.0,-20.0
2.13,16.18,10.34,-11.0,-19.0
2.14,16.08,10.18,-10.0,-16.0
2.15,15.96,9.94,-12.0,-24.0
2.16,15.87,9.71,-9.0,-23.0
2.17,15.74,9.47,-13.0,-24.0
2.18,15.6,9.25,-14.0,-22.0
2.19,15.42,8.98,-18.0,-27.0
2.2,15.25,8.76,-17.0,-22.0
2.21,15.08,8.54,-17.0,-22.0
2.22,14.84,8.29,-24.0,-25.0
2.23,14.63,8.08,-21.0,-21.0
2.24,14.38,7.82,-25.0,-26.0
2.25,14.15,7.57,-23.0,-25.0
2.2600000000000002,13.91,7.32,-24.0,-25.0
2.27,13.68,7.09,-23.0,-23.0
2.2800000000000002,13.54,6.86,-14.0,-23.0
2.29,13.39,6.65,-15.0,-21.0
2.3000000000000003,13.27,6.48,-12.0,-17.0
2.31,13.14,6.28,-13.0,-20.0
2.32,13.06,6.16,-8.0,-12.0
2.33,12.98,6.07,-8.0,-9.0
2.34,12.89,5.93,-9.0,-14.0
2.35,12.82,5.83,-7.0,-10.0
2.36,12.72,5.73,-10.0,-10.0
2.37,12.63,5.63,-9.0,-10.0
2.38,12.56,5.54,-7.0,-9.0
2.39,12.43,5.43,-13.0,-11.0
2.4,12.35,5.35,-8.0,-8.0
2.41,12.25,5.26,-10.0,-9.0
2.42,12.17,5.2,-8.0,-6.0
2.43,12.09,5.12,-8.0,-8.0
2.44,11.97,5.01,-12.0,-11.0
2.45,11.87,4.93,-10.0,-8.0
2.46,11.74,4.83,-13.0,-10.0
2.47,11.65,4.75,-9.0,-8.0
2.48,11.55,4.67,-10.0,-8.0
2.49,11.44,4.58,-11.0,-9.0
2.5,11.36,4.52,-8.0,-6.0
2.5100000000000002,11.26,4.43,-10.0,-9.0
2.52,11.21,4.38,-5.0,-5.0
2.5300000000000002,11.15,4.31,-6.0,-7.0
2.54,11.1,4.25,-5.0,-6.0
2.5500000000000003,11.01,4.16,-9.0,-9.0
2.56,10.96,4.09,-5.0,-7.0
2.57,10.9,4.03,-6.0,-6.0
2.58,10.87,3.98,-3.0,-5.0
2.59,10.83,3.92,-4.0,-6.0
2.6,10.81,3.89,-2.0,-3.0
2.61,10.79,3.87,-2.0,-2.0
2.62,10.77,3.85,-2.0,-2.0
2.63,10.76,3.83,-1.0,-2.0
2.64,10.73,3.81,-3.0,-2.0
2.65,10.72,3.79,-1.0,-2.0
2.66,10.69,3.77,-3.0,-2.0
2.67,10.67,3.76,-2.0,-1.0
2.68,10.64,3.74,-3.0,-2.0
2.69,10.62,3.73,-2.0,-1.0
2.7,10.62,3.73,0.0,0.0
2.71,10.62,3.73,0.0,0.0
2.72,10.62,3.73,0.0,0.0
