0.01,8.89,3.66,0.0,0.0
0.02,8.89,3.66,0.0,0.0
0.03,8.89,3.66,0.0,0.0
0.04,8.89,3.66,0.0,0.0
0.05,8.89,3.66,0.0,0.0
0.06,8.75,3.75,-14.0,9.0
0.07,8.45,3.87,-30.0,12.0
0.08,8.33,3.95,-12.0,8.0
0.09,8.25,4.03,-8.0,8.0
0.1,8.19,4.1,-6.0,7.0
0.11,8.13,4.15,-6.0,5.0
0.12,8.1,4.17,-3.0,2.0
0.13,8.06,4.21,-4.0,4.0
0.14,8.0,4.26,-6.0,5.0
0.15,7.93,4.32,-7.0,6.0
0.16,7.84,4.38,-9.0,6.0
0.17,7.77,4.42,-7.0,4.0
0.18,7.67,4.49,-10.0,7.0
0.19,7.59,4.55,-8.0,6.0
0.2,7.51,4.61,-8.0,6.0
0.21,7.39,4.69,-12.0,8.0
0.22,7.32,4.74,-7.0,5.0
0.23,7.19,4.81,-13.0,7.0
0.24,7.07,4.88,-12.0,7.0
0.25,6.93,4.96,-14.0,8.0
0.26,6.84,5.02,-9.0,6.0
0.27,6.74,5.09,-10.0,7.0
0.28,6.61,5.18,-13.0,9.0
0.29,6.52,5.25,-9.0,7.0
0.3,6.39,5.35,-13.0,10.0
0.31,6.28,5.43,-11.0,8.0
0.32,6.17,5.51,-11.0,8.0
0.33,6.09,5.59,-8.0,8.0
0.34,6.03,5.67,-6.0,8.0
0.35000000000000003,5.92,5.78,-11.0,11.0
0.36,5.79,5.93,-13.0,15.0
0.37,5.63,6.12,-16.0,19.0
0.38,5.53,6.26,-10.0,14.0
0.39,5.37,6.48,-16.0,22.0
0.4,5.25,6.65,-12.0,17.0
0.41000000000000003,5.12,6.8,-13.0,15.0
0.42,4.98,7.01,-14.0,21.0
0.43,4.88,7.2,-10.0,19.0
0.44,4.72,7.5,-16.0,30.0
0.45,4.55,7.74,-17.0,24.0
0.46,4.27,8.08,-28.0,34.0
0.47000000000000003,4.05,8.35,-22.0,27.0
0.48,3.81,8.6,-24.0,25.0
0.49,3.65,8.8,-16.0,20.0
0.5,3.47,9.02,-18.0,22.0
0.51,3.33,9.19,-14.0,17.0
0.52,3.2,9.34,-13.0,15.0
0.53,3.02,9.54,-18.0,20.0
0.54,2.86,9.68,-16.0,14.0
0.55,2.74,9.84,-12.0,16.0
0.56,2.62,9.94,-12.0,10.0
0.5700000000000001,2.46,10.1,-16.0,16.0
0.58,2.33,10.22,-13.0,12.0
0.59,2.18,10.37,-15.0,15.0
0.6,2.04,10.54,-14.0,17.0
0.61,1.87,10.7,-17.0,16.0
0.62,1.7,10.88,-17.0,18.0
0.63,1.6,10.97,-10.0,9.0
0.64,1.52,11.07,-8.0,10.0
0.65,1.5,11.1,-2.0,3.0
0.66,1.46,11.16,-4.0,6.0
0.67,1.41,11.23,-5.0,7.0
0.68,1.34,11.34,-7.0,11.0
0.6900000000000001,1.31,11.43,-3.0,9.0
0.7000000000000001,1.29,11.55,-2.0,12.0
0.71,1.26,11.67,-3.0,12.0
0.72,1.24,11.81,-2.0,14.0
0.73,1.22,11.99,-2.0,18.0
0.74,1.2,12.08,-2.0,9.0
0.75,1.17,12.16,-3.0,8.0
0.76,1.16,12.21,-1.0,5.0
0.77,1.13,12.27,-3.0,6.0
0.78,1.09,12.33,-4.0,6.0
0.79,1.04,12.4,-5.0,7.0
0.8,1.01,12.45,-3.0,5.0
0.81,0.96,12.54,-5.0,9.0
0.8200000000000001,0.93,12.62,-3.0,8.0
0.8300000000000001,0.93,12.69,0.0,7.0
0.84,0.94,12.8,1.0,11.0
0.85,0.91,12.89,-3.0,9.0
0.86,0.87,12.96,-4.0,7.0
0.87,0.84,13.01,-3.0,5.0
0.88,0.82,13.07,-2.0,6.0
0.89,0.8,13.12,-2.0,5.0
0.9,0.77,13.18,-3.0,6.0
0.91,0.76,13.19,-1.0,1.0
0.92,0.76,13.2,0.0,1.0
0.93,0.73,13.23,-3.0,3.0
0.9400000000000001,0.71,13.26,-2.0,3.0
0.9500000000000001,0.67,13.31,-4.0,5.0
0.96,0.64,13.34,-3.0,3.0
0.97,0.58,13.41,-6.0,7.0
0.98,0.53,13.45,-5.0,4.0
0.99,0.5,13.49,-3.0,4.0
1.0,0.49,13.51,-1.0,2.0
1.01,0.48,13.54,-1.0,3.0
1.02,0.48,13.58,0.0,4.0
1.03,0.48,13.64,0.0,6.0
1.04,0.49,13.68,1.0,4.0
1.05,0.51,13.71,2.0,3.0
1.06,0.54,13.75,3.0,4.0
1.07,0.58,13.79,4.0,4.0
1.08,0.62,13.82,4.0,3.0
1.09,0.67,13.85,5.0,3.0
1.1,0.73,13.89,6.0,4.0
1.11,0.8,13.93,7.0,4.0
1.12,0.85,13.95,5.0,2.0
1.1300000000000001,0.92,13.97,7.0,2.0
1.1400000000000001,1.06,14.02,14.0,5.0
1.1500000000000001,1.17,14.05,11.0,3.0
1.16,1.27,14.09,10.0,4.0
1.17,1.42,14.11,15.0,2.0
1.18,1.55,14.13,13.0,2.0
1.19,1.69,14.16,14.0,3.0
1.2,1.82,14.17,13.0,1.0
1.21,1.97,14.17,15.0,0.0
1.22,2.13,14.14,16.0,-3.0
1.23,2.32,14.14,19.0,0.0
1.24,2.49,14.14,17.0,0.0
1.25,2.74,14.15,25.0,1.0
1.26,2.98,14.15,24.0,0.0
1.27,3.24,14.15,26.0,0.0
1.28,3.42,14.15,18.0,0.0
1.29,3.58,14.15,16.0,0.0
1.3,3.77,14.15,19.0,0.0
1.31,3.94,14.15,17.0,0.0
1.32,4.21,14.15,27.0,0.0
1.33,4.43,14.14,22.0,-1.0
1.34,4.74,14.14,31.0,0.0
1.35,5.01,14.14,27.0,0.0
1.36,5.33,14.17,32.0,3.0
1.37,5.49,14.19,16.0,2.0
1.3800000000000001,5.7,14.19,21.0,0.0
1.3900000000000001,5.94,14.2,24.0,1.0
1.4000000000000001,6.22,14.2,28.0,0.0
1.41,6.46,14.19,24.0,-1.0
1.42,6.72,14.18,26.0,-1.0
1.43,7.02,14.18,30.0,0.0
1.44,7.32,14.17,30.0,-1.0
1.45,7.7,14.15,38.0,-2.0
1.46,8.02,14.14,32.0,-1.0
1.47,8.37,14.13,35.0,-1.0
1.48,8.62,14.13,25.0,0.0
1.49,8.96,14.13,34.0,0.0
1.5,9.15,14.11,19.0,-2.0
1.51,9.35,14.07,20.0,-4.0
1.52,9.54,14.04,19.0,-3.0
1.53,9.77,14.02,23.0,-2.0
1.54,9.97,14.0,20.0,-2.0
1.55,10.22,13.96,25.0,-4.0
1.56,10.4,13.94,18.0,-2.0
1.57,10.59,13.94,19.0,0.0
1.58,10.79,13.94,20.0,0.0
1.59,10.96,13.94,17.0,0.0
1.6,11.3,13.9,34.0,-4.0
1.61,11.51,13.88,21.0,-2.0
1.62,11.78,13.88,27.0,0.0
1.6300000000000001,12.08,13.88,30.0,0.0
1.6400000000000001,12.26,13.86,18.0,-2.0
1.6500000000000001,12.44,13.84,18.0,-2.0
1.6600000000000001,12.56,13.82,12.0,-2.0
1.67,12.59,13.79,3.0,-3.0
1.68,12.68,13.75,9.0,-4.0
1.69,12.84,13.7,16.0,-5.0
1.7,12.96,13.68,12.0,-2.0
1.71,13.1,13.66,14.0,-2.0
1.72,13.22,13.64,12.0,-2.0
1.73,13.43,13.61,21.0,-3.0
1.74,13.58,13.59,15.0,-2.0
1.75,13.77,13.56,19.0,-3.0
1.76,13.95,13.53,18.0,-3.0
1.77,14.12,13.51,17.0,-2.0
1.78,14.38,13.45,26.0,-6.0
1.79,14.63,13.42,25.0,-3.0
1.8,14.92,13.38,29.0,-4.0
1.81,15.22,13.32,30.0,-6.0
1.82,15.57,13.25,35.0,-7.0
1.83,15.76,13.23,19.0,-2.0
1.84,16.06,13.19,30.0,-4.0
1.85,16.24,13.17,18.0,-2.0
1.86,16.39,13.14,15.0,-3.0
1.87,16.49,13.12,10.0,-2.0
1.8800000000000001,16.61,13.09,12.0,-3.0
1.8900000000000001,16.69,13.06,8.0,-3.0
1.9000000000000001,16.78,13.01,9.0,-5.0
1.9100000000000001,16.92,12.96,14.0,-5.0
1.92,17.04,12.93,12.0,-3.0
1.93,17.18,12.88,14.0,-5.0
1.94,17.28,12.83,10.0,-5.0
1.95,17.42,12.78,14.0,-5.0
1.96,17.51,12.75,9.0,-3.0
1.97,17.62,12.7,11.0,-5.0
1.98,17.71,12.67,9.0,-3.0
1.99,17.8,12.63,9.0,-4.0
2.0,17.9,12.6,10.0,-3.0
2.0100000000000002,18.01,12.55,11.0,-5.0
2.02,18.06,12.51,5.0,-4.0
2.0300000000000002,18.14,12.46,8.0,-5.0
2.04,18.24,12.36,10.0,-10.0
2.05,18.3,12.3,6.0,-6.0
2.06,18.38,12.24,8.0,-6.0
2.07,18.45,12.2,7.0,-4.0
2.08,18.54,12.13,9.0,-7.0
2.09,18.61,12.1,7.0,-3.0
2.1,18.68,12.08,7.0,-2.0
2.11,18.76,12.06,8.0,-2.0
2.12,18.83,12.04,7.0,-2.0
2.13,18.89,12.03,6.0,-1.0
2.14,18.97,12.0,8.0,-3.0
2.15,19.02,11.97,5.0,-3.0
2.16,19.07,11.92,5.0,-5.0
2.17,19.12,11.88,5.0,-4.0
2.18,19.16,11.84,4.0,-4.0
2.19,19.2,11.81,4.0,-3.0
2.2,19.25,11.78,5.0,-3.0
2.21,19.31,11.74,6.0,-4.0
2.22,19.35,11.7,4.0,-4.0
2.23,19.37,11.66,2.0,-4.0
2.24,19.38,11.59,1.0,-7.0
2.25,19.39,11.55,1.0,-4.0
2.2600000000000002,19.42,11.49,3.0,-6.0
2.27,19.42,11.43,0.0,-6.0
2.2800000000000002,19.42,11.35,0.0,-8.0
2.29,19.41,11.26,-1.0,-9.0
2.3000000000000003,19.4,11.16,-1.0,-10.0
2.31,19.37,11.09,-3.0,-7.0
2.32,19.33,10.96,-4.0,-13.0
2.33,19.27,10.84,-6.0,-12.0
2.34,19.22,10.73,-5.0,-11.0
2.35,19.11,10.56,-11.0,-17.0
2.36,19.01,10.4,-10.0,-16.0
2.37,18.89,10.23,-12.0,-17.0
2.38,18.79,10.1,-10.0,-13.0
2.39,18.68,9.93,-11.0,-17.0
2.4,18.6,9.8,-8.0,-13.0
2.41,18.44,9.57,-16.0,-23.0
2.42,18.31,9.42,-13.0,-15.0
2.43,18.16,9.25,-15.0,-17.0
2.44,18.0,9.08,-16.0,-17.0
2.45,17.86,8.91,-14.0,-17.0
2.46,17.75,8.8,-11.0,-11.0
2.47,17.66,8.71,-9.0,-9.0
2.48,17.55,8.62,-11.0,-9.0
2.49,17.37,8.51,-18.0,-11.0
2.5,17.16,8.35,-21.0,-16.0
2.5100000000000002,16.93,8.16,-23.0,-19.0
2.52,16.66,7.94,-27.0,-22.0
2.5300000000000002,16.38,7.73,-28.0,-21.0
2.54,16.13,7.53,-25.0,-20.0
2.5500000000000003,15.97,7.4,-16.0,-13.0
2.56,15.83,7.27,-14.0,-13.0
2.57,15.71,7.14,-12.0,-13.0
2.58,15.63,7.05,-8.0,-9.0
2.59,15.54,6.93,-9.0,-12.0
2.6,15.45,6.84,-9.0,-9.0
2.61,15.32,6.72,-13.0,-12.0
2.62,15.2,6.62,-12.0,-10.0
2.63,15.03,6.48,-17.0,-14.0
2.64,14.87,6.37,-16.0,-11.0
2.65,14.74,6.27,-13.0,-10.0
2.66,14.61,6.16,-13.0,-11.0
2.67,14.44,6.04,-17.0,-12.0
2.68,14.26,5.93,-18.0,-11.0
2.69,14.12,5.84,-14.0,-9.0
2.7,13.91,5.72,-21.0,-12.0
2.71,13.75,5.62,-16.0,-10.0
2.72,13.61,5.53,-14.0,-9.0
2.73,13.43,5.43,-18.0,-10.0
2.74,13.29,5.35,-14.0,-8.0
2.75,13.2,5.3,-9.0,-5.0
2.7600000000000002,13.06,5.22,-14.0,-8.0
2.77,12.94,5.15,-12.0,-7.0
2.7800000000000002,12.82,5.09,-12.0,-6.0
2.79,12.69,5.0,-13.0,-9.0
2.8000000000000003,12.57,4.91,-12.0,-9.0
2.81,12.39,4.8,-18.0,-11.0
2.82,12.22,4.68,-17.0,-12.0
2.83,12.04,4.55,-18.0,-13.0
2.84,11.9,4.46,-14.0,-9.0
2.85,11.8,4.37,-10.0,-9.0
2.86,11.67,4.27,-13.0,-10.0
2.87,11.58,4.2,-9.0,-7.0
2.88,11.47,4.13,-11.0,-7.0
2.89,11.38,4.07,-9.0,-6.0
2.9,11.27,4.02,-11.0,-5.0
2.91,11.19,3.98,-8.0,-4.0
2.92,11.13,3.95,-6.0,-3.0
2.93,11.08,3.93,-5.0,-2.0
2.94,11.02,3.91,-6.0,-2.0
2.95,10.99,3.9,-3.0,-1.0
2.96,10.96,3.89,-3.0,-1.0
2.97,10.89,3.88,-7.0,-1.0
2.98,10.85,3.87,-4.0,-1.0
2.99,10.81,3.87,-4.0,0.0
3.0,10.79,3.87,-2.0,0.0
3.0100000000000002,10.74,3.87,-5.0,0.0
3.02,10.71,3.87,-3.0,0.0
3.0300000000000002,10.67,3.87,-4.0,0.0
3.04,10.66,3.87,-1.0,0.0
3.0500000000000003,10.66,3.87,0.0,0.0
3.06,10.66,3.87,0.0,0.0
3.0700000000000003,10.65,3.86,-1.0,-1.0
3.08,10.6,3.82,-5.0,-4.0
3.09,10.59,3.8,-1.0,-2.0
3.1,10.59,3.78,0.0,-2.0
3.11,10.58,3.77,-1.0,-1.0
3.12,10.57,3.73,-1.0,-4.0
3.13,10.57,3.7,0.0,-3.0
3.14,10.57,3.68,0.0,-2.0
3.15,10.57,3.67,0.0,-1.0
