0.01,8.91,3.71,0.0,1.0
0.02,8.91,3.71,0.0,0.0
0.03,8.91,3.71,0.0,0.0
0.04,8.91,3.7,0.0,-1.0
0.05,8.91,3.7,0.0,0.0
0.06,8.89,3.74,-2.0,4.0
0.07,8.86,3.79,-3.0,5.0
0.08,8.82,3.84,-4.0,5.0
0.09,8.77,3.89,-5.0,5.0
0.1,8.74,3.92,-3.0,3.0
0.11,8.69,3.98,-5.0,6.0
0.12,8.64,4.02,-5.0,4.0
0.13,8.6,4.05,-4.0,3.0
0.14,8.55,4.09,-5.0,4.0
0.15,8.46,4.14,-9.0,5.0
0.16,8.4,4.18,-6.0,4.0
0.17,8.33,4.23,-7.0,5.0
0.18,8.26,4.27,-7.0,4.0
0.19,8.21,4.33,-5.0,6.0
0.2,8.1,4.41,-11.0,8.0
0.21,8.01,4.48,-9.0,7.0
0.22,7.94,4.54,-7.0,6.0
0.23,7.84,4.61,-10.0,7.0
0.24,7.72,4.69,-12.0,8.0
0.25,7.6,4.75,-12.0,6.0
0.26,7.45,4.85,-15.0,10.0
0.27,7.29,4.93,-16.0,8.0
0.28,7.18,4.98,-11.0,5.0
0.29,7.01,5.06,-17.0,8.0
0.3,6.86,5.13,-15.0,7.0
0.31,6.77,5.18,-9.0,5.0
0.32,6.68,5.25,-9.0,7.0
0.33,6.56,5.32,-12.0,7.0
0.34,6.47,5.38,-9.0,6.0
0.35000000000000003,6.39,5.44,-8.0,6.0
0.36,6.3,5.5,-9.0,6.0
0.37,6.16,5.58,-14.0,8.0
0.38,6.06,5.64,-10.0,6.0
0.39,5.92,5.74,-14.0,10.0
0.4,5.78,5.83,-14.0,9.0
0.41000000000000003,5.71,5.88,-7.0,5.0
0.42,5.57,5.98,-14.0,10.0
0.43,5.51,6.07,-6.0,9.0
0.44,5.44,6.15,-7.0,8.0
0.45,5.37,6.24,-7.0,9.0
0.46,5.33,6.31,-4.0,7.0
0.47000000000000003,5.27,6.39,-6.0,8.0
0.48,5.2,6.48,-7.0,9.0
0.49,5.15,6.55,-5.0,7.0
0.5,5.11,6.61,-4.0,6.0
0.51,5.07,6.66,-4.0,5.0
0.52,5.04,6.72,-3.0,6.0
0.53,4.99,6.78,-5.0,6.0
0.54,4.93,6.85,-6.0,7.0
0.55,4.85,6.95,-8.0,10.0
0.56,4.78,7.02,-7.0,7.0
0.5700000000000001,4.7,7.11,-8.0,9.0
0.58,4.63,7.19,-7.0,8.0
0.59,4.57,7.26,-6.0,7.0
0.6,4.53,7.34,-4.0,8.0
0.61,4.46,7.43,-7.0,9.0
0.62,4.38,7.53,-8.0,10.0
0.63,4.34,7.59,-4.0,6.0
0.64,4.32,7.63,-2.0,4.0
0.65,4.3,7.67,-2.0,4.0
0.66,4.27,7.7,-3.0,3.0
0.67,4.26,7.73,-1.0,3.0
0.68,4.23,7.78,-3.0,5.0
0.6900000000000001,4.21,7.83,-2.0,5.0
0.7000000000000001,4.18,7.88,-3.0,5.0
0.71,4.16,7.93,-2.0,5.0
0.72,4.15,7.95,-1.0,2.0
0.73,4.12,8.03,-3.0,8.0
0.74,4.1,8.09,-2.0,6.0
0.75,4.08,8.15,-2.0,6.0
0.76,4.06,8.22,-2.0,7.0
0.77,4.04,8.3,-2.0,8.0
0.78,4.02,8.38,-2.0,8.0
0.79,4.01,8.44,-1.0,6.0
0.8,4.0,8.51,-1.0,7.0
0.81,3.99,8.58,-1.0,7.0
0.8200000000000001,4.0,8.6,1.0,2.0
0.8300000000000001,4.02,8.67,2.0,7.0
0.84,4.08,8.74,6.0,7.0
0.85,4.14,8.8,6.0,6.0
0.86,4.23,8.89,9.0,9.0
0.87,4.3,8.95,7.0,6.0
0.88,4.38,9.0,8.0,5.0
0.89,4.43,9.03,5.0,3.0
0.9,4.51,9.08,8.0,5.0
0.91,4.65,9.16,14.0,8.0
0.92,4.87,9.25,22.0,9.0
0.93,5.08,9.32,21.0,7.0
0.9400000000000001,5.22,9.39,14.0,7.0
0.9500000000000001,5.36,9.43,14.0,4.0
0.96,5.54,9.49,18.0,6.0
0.97,5.67,9.53,13.0,4.0
0.98,5.89,9.58,22.0,5.0
0.99,6.15,9.64,26.0,6.0
1.0,6.44,9.71,29.0,7.0
1.01,6.66,9.74,22.0,3.0
1.02,6.93,9.77,27.0,3.0
1.03,7.22,9.82,29.0,5.0
1.04,7.44,9.84,22.0,2.0
1.05,7.61,9.87,17.0,3.0
1.06,7.74,9.86,13.0,-1.0
1.07,7.89,9.86,15.0,0.0
1.08,8.03,9.88,14.0,2.0
1.09,8.12,9.91,9.0,3.0
1.1,8.27,9.91,15.0,0.0
1.11,8.53,9.91,26.0,0.0
1.12,8.71,9.91,18.0,0.0
1.1300000000000001,8.91,9.91,20.0,0.0
1.1400000000000001,9.2,9.91,29.0,0.0
1.1500000000000001,9.39,9.91,19.0,0.0
1.16,9.54,9.91,15.0,0.0
1.17,9.67,9.91,13.0,0.0
1.18,9.79,9.91,12.0,0.0
1.19,9.91,9.92,12.0,1.0
1.2,10.1,9.92,19.0,0.0
1.21,10.34,9.91,24.0,-1.0
1.22,10.61,9.92,27.0,1.0
1.23,10.81,9.92,20.0,0.0
1.24,11.11,9.92,30.0,0.0
1.25,11.35,9.91,24.0,-1.0
1.26,11.56,9.91,21.0,0.0
1.27,11.73,9.9,17.0,-1.0
1.28,11.82,9.88,9.0,-2.0
1.29,11.97,9.86,15.0,-2.0
1.3,12.11,9.83,14.0,-3.0
1.31,12.24,9.81,13.0,-2.0
1.32,12.34,9.79,10.0,-2.0
1.33,12.48,9.75,14.0,-4.0
1.34,12.63,9.71,15.0,-4.0
1.35,12.69,9.69,6.0,-2.0
1.36,12.79,9.66,10.0,-3.0
1.37,12.93,9.63,14.0,-3.0
1.3800000000000001,13.04,9.6,11.0,-3.0
1.3900000000000001,13.14,9.58,10.0,-2.0
1.4000000000000001,13.22,9.55,8.0,-3.0
1.41,13.31,9.51,9.0,-4.0
1.42,13.42,9.46,11.0,-5.0
1.43,13.5,9.41,8.0,-5.0
1.44,13.62,9.36,12.0,-5.0
1.45,13.73,9.32,11.0,-4.0
1.46,13.84,9.27,11.0,-5.0
1.47,13.91,9.23,7.0,-4.0
1.48,13.97,9.21,6.0,-2.0
1.49,14.05,9.17,8.0,-4.0
1.5,14.12,9.13,7.0,-4.0
1.51,14.21,9.09,9.0,-4.0
1.52,14.28,9.04,7.0,-5.0
1.53,14.31,9.01,3.0,-3.0
1.54,14.35,8.97,4.0,-4.0
1.55,14.39,8.94,4.0,-3.0
1.56,14.42,8.92,3.0,-2.0
1.57,14.46,8.89,4.0,-3.0
1.58,14.48,8.88,2.0,-1.0
1.59,14.51,8.85,3.0,-3.0
1.6,14.57,8.82,6.0,-3.0
1.61,14.61,8.79,4.0,-3.0
1.62,14.67,8.75,6.0,-4.0
1.6300000000000001,14.74,8.71,7.0,-4.0
1.6400000000000001,14.79,8.68,5.0,-3.0
1.6500000000000001,14.83,8.66,4.0,-2.0
1.6600000000000001,14.87,8.61,4.0,-5.0
1.67,14.91,8.57,4.0,-4.0
1.68,14.93,8.55,2.0,-2.0
1.69,14.95,8.5,2.0,-5.0
1.7,14.99,8.42,4.0,-8.0
1.71,15.05,8.33,6.0,-9.0
1.72,15.07,8.27,2.0,-6.0
1.73,15.09,8.18,2.0,-9.0
1.74,15.1,8.08,1.0,-10.0
1.75,15.12,7.95,2.0,-13.0
1.76,15.13,7.83,1.0,-12.0
1.77,15.13,7.71,0.0,-12.0
1.78,15.1,7.58,-3.0,-13.0
1.79,15.06,7.46,-4.0,-12.0
1.8,15.02,7.36,-4.0,-10.0
1.81,14.95,7.24,-7.0,-12.0
1.82,14.87,7.11,-8.0,-13.0
1.83,14.77,6.96,-10.0,-15.0
1.84,14.68,6.81,-9.0,-15.0
1.85,14.53,6.62,-15.0,-19.0
1.86,14.4,6.44,-13.0,-18.0
1.87,14.22,6.23,-18.0,-21.0
1.8800000000000001,14.03,6.06,-19.0,-17.0
1.8900000000000001,13.88,5.92,-15.0,-14.0
1.9000000000000001,13.74,5.78,-14.0,-14.0
1.9100000000000001,13.54,5.62,-20.0,-16.0
1.92,13.38,5.5,-16.0,-12.0
1.93,13.27,5.41,-11.0,-9.0
1.94,13.13,5.32,-14.0,-9.0
1.95,12.99,5.24,-14.0,-8.0
1.96,12.85,5.15,-14.0,-9.0
1.97,12.7,5.04,-15.0,-11.0
1.98,12.6,4.98,-10.0,-6.0
1.99,12.45,4.89,-15.0,-9.0
2.0,12.37,4.85,-8.0,-4.0
2.0100000000000002,12.32,4.82,-5.0,-3.0
2.02,12.22,4.76,-10.0,-6.0
2.0300000000000002,12.09,4.69,-13.0,-7.0
2.04,11.96,4.61,-13.0,-8.0
2.05,11.85,4.53,-11.0,-8.0
2.06,11.76,4.47,-9.0,-6.0
2.07,11.7,4.43,-6.0,-4.0
2.08,11.63,4.39,-7.0,-4.0
2.09,11.5,4.3,-13.0,-9.0
2.1,11.36,4.22,-14.0,-8.0
2.11,11.25,4.16,-11.0,-6.0
2.12,11.12,4.09,-13.0,-7.0
2.13,11.01,4.05,-11.0,-4.0
2.14,10.91,4.01,-10.0,-4.0
2.15,10.84,3.98,-7.0,-3.0
2.16,10.8,3.96,-4.0,-2.0
2.17,10.73,3.92,-7.0,-4.0
2.18,10.67,3.88,-6.0,-4.0
2.19,10.64,3.86,-3.0,-2.0
2.2,10.62,3.84,-2.0,-2.0
2.21,10.62,3.84,0.0,0.0
2.22,10.62,3.84,0.0,0.0
2.23,10.62,3.84,0.0,0.0
2.24,10.62,3.84,0.0,0.0
2.25,10.62,3.84,0.0,0.0
2.2600000000000002,10.62,3.83,0.0,-1.0
2.27,10.61,3.81,-1.0,-2.0
2.2800000000000002,10.61,3.81,0.0,0.0
2.29,10.61,3.8,0.0,-1.0
2.3000000000000003,10.61,3.8,0.0,0.0
2.31,10.61,3.78,0.0,-2.0
2.32,10.61,3.78,0.0,0.0
2.33,10.61,3.78,0.0,0.0
2.34,10.61,3.78,0.0,0.0
2.35,10.6,3.76,-1.0,-2.0
2.36,10.6,3.76,0.0,0.0
2.37,10.6,3.76,0.0,0.0
2.38,10.6,3.76,0.0,0.0
2.39,10.6,3.76,0.0,0.0
