0.01,8.91,3.68,0.0,0.0
0.02,8.91,3.68,0.0,0.0
0.03,8.91,3.68,0.0,0.0
0.04,8.91,3.68,0.0,0.0
0.05,8.91,3.68,0.0,0.0
0.06,8.91,3.68,0.0,0.0
0.07,8.9,3.72,-1.0,4.0
0.08,8.89,3.76,-1.0,4.0
0.09,8.87,3.81,-2.0,5.0
0.1,8.87,3.83,0.0,2.0
0.11,8.85,3.87,-2.0,4.0
0.12,8.84,3.92,-1.0,5.0
0.13,8.82,3.97,-2.0,5.0
0.14,8.81,4.01,-1.0,4.0
0.15,8.79,4.06,-2.0,5.0
0.16,8.76,4.11,-3.0,5.0
0.17,8.73,4.21,-3.0,10.0
0.18,8.69,4.29,-4.0,8.0
0.19,8.63,4.42,-6.0,13.0
0.2,8.57,4.55,-6.0,13.0
0.21,8.52,4.68,-5.0,13.0
0.22,8.5,4.74,-2.0,6.0
0.23,8.48,4.82,-2.0,8.0
0.24,8.46,4.89,-2.0,7.0
0.25,8.43,4.96,-3.0,7.0
0.26,8.38,5.11,-5.0,15.0
0.27,8.35,5.21,-3.0,10.0
0.28,8.32,5.29,-3.0,8.0
0.29,8.3,5.41,-2.0,12.0
0.3,8.29,5.53,-1.0,12.0
0.31,8.26,5.7,-3.0,17.0
0.32,8.24,5.89,-2.0,19.0
0.33,8.24,6.03,0.0,14.0
0.34,8.24,6.17,0.0,14.0
0.35000000000000003,8.24,6.27,0.0,10.0
0.36,8.24,6.38,0.0,11.0
0.37,8.24,6.54,0.0,16.0
0.38,8.23,6.64,-1.0,10.0
0.39,8.23,6.75,0.0,11.0
0.4,8.23,6.83,0.0,8.0
0.41000000000000003,8.22,6.93,-1.0,10.0
0.42,8.22,7.01,0.0,8.0
0.43,8.22,7.09,0.0,8.0
0.44,8.22,7.17,0.0,8.0
0.45,8.21,7.29,-1.0,12.0
0.46,8.2,7.39,-1.0,10.0
0.47000000000000003,8.2,7.55,0.0,16.0
0.48,8.19,7.69,-1.0,14.0
0.49,8.18,7.85,-1.0,16.0
0.5,8.16,8.04,-2.0,19.0
0.51,8.15,8.18,-1.0,14.0
0.52,8.12,8.37,-3.0,19.0
0.53,8.11,8.5,-1.0,13.0
0.54,8.09,8.71,-2.0,21.0
0.55,8.08,8.86,-1.0,15.0
0.56,8.06,8.98,-2.0,12.0
0.5700000000000001,8.05,9.13,-1.0,15.0
0.58,8.06,9.24,1.0,11.0
0.59,8.05,9.36,-1.0,12.0
0.6,8.05,9.45,0.0,9.0
0.61,8.05,9.54,0.0,9.0
0.62,8.05,9.62,0.0,8.0
0.63,8.05,9.74,0.0,12.0
0.64,8.05,9.83,0.0,9.0
0.65,8.05,9.91,0.0,8.0
0.66,8.05,10.02,0.0,11.0
0.67,8.05,10.12,0.0,10.0
0.68,8.06,10.25,1.0,13.0
0.6900000000000001,8.06,10.31,0.0,6.0
0.7000000000000001,8.09,10.37,3.0,6.0
0.71,8.08,10.44,-1.0,7.0
0.72,8.08,10.5,0.0,6.0
0.73,8.09,10.56,1.0,6.0
0.74,8.11,10.62,2.0,6.0
0.75,8.12,10.7,1.0,8.0
0.76,8.14,10.77,2.0,7.0
0.77,8.15,10.88,1.0,11.0
0.78,8.18,10.97,3.0,9.0
0.79,8.2,11.07,2.0,10.0
0.8,8.22,11.13,2.0,6.0
0.81,8.26,11.21,4.0,8.0
0.8200000000000001,8.28,11.26,2.0,5.0
0.8300000000000001,8.31,11.32,3.0,6.0
0.84,8.33,11.38,2.0,6.0
0.85,8.36,11.44,3.0,6.0
0.86,8.41,11.53,5.0,9.0
0.87,8.44,11.58,3.0,5.0
0.88,8.47,11.64,3.0,6.0
0.89,8.49,11.68,2.0,4.0
0.9,8.51,11.73,2.0,5.0
0.91,8.54,11.77,3.0,4.0
0.92,8.57,11.81,3.0,4.0
0.93,8.59,11.86,2.0,5.0
0.9400000000000001,8.62,11.9,3.0,4.0
0.9500000000000001,8.64,11.95,2.0,5.0
0.96,8.66,11.97,2.0,2.0
0.97,8.69,12.02,3.0,5.0
0.98,8.71,12.05,2.0,3.0
0.99,8.73,12.1,2.0,5.0
1.0,8.75,12.13,2.0,3.0
1.01,8.77,12.16,2.0,3.0
1.02,8.78,12.2,1.0,4.0
1.03,8.8,12.24,2.0,4.0
1.04,8.82,12.28,2.0,4.0
1.05,8.84,12.33,2.0,5.0
1.06,8.85,12.36,1.0,3.0
1.07,8.86,12.39,1.0,3.0
1.08,8.87,12.42,1.0,3.0
1.09,8.89,12.46,2.0,4.0
1.1,8.91,12.51,2.0,5.0
1.11,8.93,12.53,2.0,2.0
1.12,8.95,12.56,2.0,3.0
1.1300000000000001,8.97,12.59,2.0,3.0
1.1400000000000001,9.02,12.64,5.0,5.0
1.1500000000000001,9.06,12.67,4.0,3.0
1.16,9.11,12.7,5.0,3.0
1.17,9.17,12.75,6.0,5.0
1.18,9.22,12.77,5.0,2.0
1.19,9.28,12.82,6.0,5.0
1.2,9.36,12.85,8.0,3.0
1.21,9.44,12.89,8.0,4.0
1.22,9.48,12.91,4.0,2.0
1.23,9.56,12.94,8.0,3.0
1.24,9.63,12.97,7.0,3.0
1.25,9.74,13.02,11.0,5.0
1.26,9.83,13.05,9.0,3.0
1.27,9.95,13.09,12.0,4.0
1.28,10.04,13.11,9.0,2.0
1.29,10.13,13.14,9.0,3.0
1.3,10.25,13.17,12.0,3.0
1.31,10.35,13.19,10.0,2.0
1.32,10.49,13.21,14.0,2.0
1.33,10.6,13.23,11.0,2.0
1.34,10.72,13.24,12.0,1.0
1.35,10.79,13.25,7.0,1.0
1.36,10.92,13.25,13.0,0.0
1.37,11.0,13.24,8.0,-1.0
1.3800000000000001,11.08,13.23,8.0,-1.0
1.3900000000000001,11.16,13.22,8.0,-1.0
1.4000000000000001,11.24,13.21,8.0,-1.0
1.41,11.32,13.19,8.0,-2.0
1.42,11.38,13.18,6.0,-1.0
1.43,11.44,13.14,6.0,-4.0
1.44,11.49,13.11,5.0,-3.0
1.45,11.53,13.09,4.0,-2.0
1.46,11.56,13.09,3.0,0.0
1.47,11.59,13.07,3.0,-2.0
1.48,11.66,13.06,7.0,-1.0
1.49,11.71,13.04,5.0,-2.0
1.5,11.78,13.03,7.0,-1.0
1.51,11.82,13.02,4.0,-1.0
1.52,11.87,13.0,5.0,-2.0
1.53,11.92,12.97,5.0,-3.0
1.54,11.96,12.94,4.0,-3.0
1.55,12.01,12.89,5.0,-5.0
1.56,12.05,12.85,4.0,-4.0
1.57,12.11,12.76,6.0,-9.0
1.58,12.15,12.67,4.0,-9.0
1.59,12.21,12.55,6.0,-12.0
1.6,12.27,12.37,6.0,-18.0
1.61,12.28,12.23,1.0,-14.0
1.62,12.31,12.06,3.0,-17.0
1.6300000000000001,12.35,11.93,4.0,-13.0
1.6400000000000001,12.35,11.8,0.0,-13.0
1.6500000000000001,12.35,11.67,0.0,-13.0
1.6600000000000001,12.35,11.53,0.0,-14.0
1.67,12.36,11.34,1.0,-19.0
1.68,12.38,11.2,2.0,-14.0
1.69,12.39,10.99,1.0,-21.0
1.7,12.41,10.78,2.0,-21.0
1.71,12.46,10.42,5.0,-36.0
1.72,12.47,10.23,1.0,-19.0
1.73,12.47,10.01,0.0,-22.0
1.74,12.47,9.81,0.0,-20.0
1.75,12.47,9.61,0.0,-20.0
1.76,12.47,9.35,0.0,-26.0
1.77,12.46,9.08,-1.0,-27.0
1.78,12.42,8.85,-4.0,-23.0
1.79,12.41,8.67,-1.0,-18.0
1.8,12.38,8.47,-3.0,-20.0
1.81,12.37,8.33,-1.0,-14.0
1.82,12.35,8.2,-2.0,-13.0
1.83,12.34,8.1,-1.0,-10.0
1.84,12.31,7.95,-3.0,-15.0
1.85,12.3,7.83,-1.0,-12.0
1.86,12.28,7.73,-2.0,-10.0
1.87,12.26,7.62,-2.0,-11.0
1.8800000000000001,12.24,7.55,-2.0,-7.0
1.8900000000000001,12.22,7.45,-2.0,-10.0
1.9000000000000001,12.21,7.35,-1.0,-10.0
1.9100000000000001,12.18,7.23,-3.0,-12.0
1.92,12.17,7.12,-1.0,-11.0
1.93,12.14,6.96,-3.0,-16.0
1.94,12.11,6.8,-3.0,-16.0
1.95,12.07,6.65,-4.0,-15.0
1.96,12.02,6.47,-5.0,-18.0
1.97,11.96,6.31,-6.0,-16.0
1.98,11.88,6.11,-8.0,-20.0
1.99,11.82,5.96,-6.0,-15.0
2.0,11.73,5.79,-9.0,-17.0
2.0100000000000002,11.64,5.64,-9.0,-15.0
2.02,11.58,5.48,-6.0,-16.0
2.0300000000000002,11.5,5.33,-8.0,-15.0
2.04,11.43,5.17,-7.0,-16.0
2.05,11.38,5.06,-5.0,-11.0
2.06,11.31,4.91,-7.0,-15.0
2.07,11.22,4.76,-9.0,-15.0
2.08,11.15,4.68,-7.0,-8.0
2.09,11.09,4.59,-6.0,-9.0
2.1,11.03,4.51,-6.0,-8.0
2.11,10.96,4.41,-7.0,-10.0
2.12,10.91,4.33,-5.0,-8.0
2.13,10.86,4.25,-5.0,-8.0
2.14,10.82,4.2,-4.0,-5.0
2.15,10.76,4.13,-6.0,-7.0
2.16,10.72,4.07,-4.0,-6.0
2.17,10.67,3.99,-5.0,-8.0
2.18,10.65,3.94,-2.0,-5.0
2.19,10.62,3.9,-3.0,-4.0
2.2,10.61,3.86,-1.0,-4.0
2.21,10.59,3.82,-2.0,-4.0
2.22,10.58,3.78,-1.0,-4.0
2.23,10.57,3.77,-1.0,-1.0
2.24,10.57,3.77,0.0,0.0
2.25,10.57,3.77,0.0,0.0
2.2600000000000002,10.57,3.76,0.0,-1.0
2.27,10.57,3.76,0.0,0.0
2.2800000000000002,10.57,3.76,0.0,0.0
2.29,10.57,3.76,0.0,0.0
