0.01,8.89,3.63,0.0,0.0
0.02,8.89,3.63,0.0,0.0
0.03,8.89,3.63,0.0,0.0
0.04,8.89,3.63,0.0,0.0
0.05,8.89,3.63,0.0,0.0
0.06,8.89,3.63,0.0,0.0
0.07,8.89,3.63,0.0,0.0
0.08,8.89,3.63,0.0,0.0
0.09,8.89,3.63,0.0,0.0
0.1,8.88,3.64,-1.0,1.0
0.11,8.83,3.72,-5.0,8.0
0.12,8.8,3.77,-3.0,5.0
0.13,8.77,3.82,-3.0,5.0
0.14,8.72,3.9,-5.0,8.0
0.15,8.68,3.95,-4.0,5.0
0.16,8.64,4.01,-4.0,6.0
0.17,8.59,4.08,-5.0,7.0
0.18,8.55,4.15,-4.0,7.0
0.19,8.51,4.22,-4.0,7.0
0.2,8.45,4.3,-6.0,8.0
0.21,8.4,4.38,-5.0,8.0
0.22,8.33,4.48,-7.0,10.0
0.23,8.27,4.56,-6.0,8.0
0.24,8.2,4.66,-7.0,10.0
0.25,8.15,4.76,-5.0,10.0
0.26,8.08,4.85,-7.0,9.0
0.27,8.01,4.96,-7.0,11.0
0.28,7.96,5.04,-5.0,8.0
0.29,7.9,5.13,-6.0,9.0
0.3,7.86,5.21,-4.0,8.0
0.31,7.82,5.28,-4.0,7.0
0.32,7.77,5.39,-5.0,11.0
0.33,7.71,5.48,-6.0,9.0
0.34,7.67,5.54,-4.0,6.0
0.35000000000000003,7.63,5.63,-4.0,9.0
0.36,7.59,5.7,-4.0,7.0
0.37,7.53,5.8,-6.0,10.0
0.38,7.49,5.89,-4.0,9.0
0.39,7.45,5.97,-4.0,8.0
0.4,7.41,6.06,-4.0,9.0
0.41000000000000003,7.38,6.16,-3.0,10.0
0.42,7.34,6.3,-4.0,14.0
0.43,7.29,6.45,-5.0,15.0
0.44,7.24,6.56,-5.0,11.0
0.45,7.17,6.73,-7.0,17.0
0.46,7.11,6.86,-6.0,13.0
0.47000000000000003,7.07,6.98,-4.0,12.0
0.48,7.01,7.16,-6.0,18.0
0.49,6.95,7.3,-6.0,14.0
0.5,6.86,7.47,-9.0,17.0
0.51,6.8,7.58,-6.0,11.0
0.52,6.74,7.66,-6.0,8.0
0.53,6.66,7.78,-8.0,12.0
0.54,6.6,7.88,-6.0,10.0
0.55,6.54,7.97,-6.0,9.0
0.56,6.48,8.07,-6.0,10.0
0.5700000000000001,6.43,8.14,-5.0,7.0
0.58,6.39,8.2,-4.0,6.0
0.59,6.33,8.27,-6.0,7.0
0.6,6.27,8.34,-6.0,7.0
0.61,6.2,8.45,-7.0,11.0
0.62,6.13,8.57,-7.0,12.0
0.63,6.05,8.76,-8.0,19.0
0.64,5.96,8.95,-9.0,19.0
0.65,5.88,9.15,-8.0,20.0
0.66,5.83,9.37,-5.0,22.0
0.67,5.79,9.58,-4.0,21.0
0.68,5.74,9.81,-5.0,23.0
0.6900000000000001,5.67,10.09,-7.0,28.0
0.7000000000000001,5.66,10.26,-1.0,17.0
0.71,5.65,10.45,-1.0,19.0
0.72,5.65,10.58,0.0,13.0
0.73,5.66,10.71,1.0,13.0
0.74,5.66,10.82,0.0,11.0
0.75,5.67,10.96,1.0,14.0
0.76,5.66,11.08,-1.0,12.0
0.77,5.66,11.2,0.0,12.0
0.78,5.65,11.34,-1.0,14.0
0.79,5.65,11.44,0.0,10.0
0.8,5.65,11.52,0.0,8.0
0.81,5.65,11.59,0.0,7.0
0.8200000000000001,5.65,11.66,0.0,7.0
0.8300000000000001,5.64,11.75,-1.0,9.0
0.84,5.64,11.81,0.0,6.0
0.85,5.66,11.91,2.0,10.0
0.86,5.66,11.99,0.0,8.0
0.87,5.66,12.08,0.0,9.0
0.88,5.67,12.19,1.0,11.0
0.89,5.67,12.28,0.0,9.0
0.9,5.69,12.37,2.0,9.0
0.91,5.72,12.5,3.0,13.0
0.92,5.73,12.6,1.0,10.0
0.93,5.74,12.72,1.0,12.0
0.9400000000000001,5.75,12.8,1.0,8.0
0.9500000000000001,5.76,12.88,1.0,8.0
0.96,5.76,12.99,0.0,11.0
0.97,5.77,13.07,1.0,8.0
0.98,5.81,13.15,4.0,8.0
0.99,5.83,13.22,2.0,7.0
1.0,5.86,13.29,3.0,7.0
1.01,5.91,13.36,5.0,7.0
1.02,5.95,13.44,4.0,8.0
1.03,6.0,13.51,5.0,7.0
1.04,6.04,13.56,4.0,5.0
1.05,6.06,13.59,2.0,3.0
1.06,6.07,13.63,1.0,4.0
1.07,6.08,13.65,1.0,2.0
1.08,6.1,13.68,2.0,3.0
1.09,6.11,13.69,1.0,1.0
1.1,6.14,13.74,3.0,5.0
1.11,6.15,13.77,1.0,3.0
1.12,6.17,13.8,2.0,3.0
1.1300000000000001,6.2,13.84,3.0,4.0
1.1400000000000001,6.23,13.86,3.0,2.0
1.1500000000000001,6.26,13.89,3.0,3.0
1.16,6.3,13.91,4.0,2.0
1.17,6.32,13.92,2.0,1.0
1.18,6.36,13.93,4.0,1.0
1.19,6.42,13.93,6.0,0.0
1.2,6.45,13.93,3.0,0.0
1.21,6.47,13.92,2.0,-1.0
1.22,6.49,13.92,2.0,0.0
1.23,6.52,13.91,3.0,-1.0
1.24,6.55,13.91,3.0,0.0
1.25,6.57,13.9,2.0,-1.0
1.26,6.62,13.89,5.0,-1.0
1.27,6.68,13.88,6.0,-1.0
1.28,6.71,13.86,3.0,-2.0
1.29,6.74,13.84,3.0,-2.0
1.3,6.79,13.83,5.0,-1.0
1.31,6.85,13.79,6.0,-4.0
1.32,6.94,13.74,9.0,-5.0
1.33,6.99,13.71,5.0,-3.0
1.34,7.04,13.69,5.0,-2.0
1.35,7.09,13.66,5.0,-3.0
1.36,7.16,13.63,7.0,-3.0
1.37,7.22,13.6,6.0,-3.0
1.3800000000000001,7.29,13.56,7.0,-4.0
1.3900000000000001,7.38,13.51,9.0,-5.0
1.4000000000000001,7.46,13.46,8.0,-5.0
1.41,7.58,13.38,12.0,-8.0
1.42,7.69,13.3,11.0,-8.0
1.43,7.77,13.22,8.0,-8.0
1.44,7.86,13.16,9.0,-6.0
1.45,7.96,13.09,10.0,-7.0
1.46,8.03,13.03,7.0,-6.0
1.47,8.12,12.93,9.0,-10.0
1.48,8.21,12.83,9.0,-10.0
1.49,8.29,12.73,8.0,-10.0
1.5,8.36,12.65,7.0,-8.0
1.51,8.44,12.52,8.0,-13.0
1.52,8.54,12.41,10.0,-11.0
1.53,8.62,12.29,8.0,-12.0
1.54,8.68,12.15,6.0,-14.0
1.55,8.73,12.06,5.0,-9.0
1.56,8.79,11.95,6.0,-11.0
1.57,8.84,11.88,5.0,-7.0
1.58,8.89,11.79,5.0,-9.0
1.59,8.94,11.7,5.0,-9.0
1.6,9.0,11.6,6.0,-10.0
1.61,9.08,11.48,8.0,-12.0
1.62,9.13,11.39,5.0,-9.0
1.6300000000000001,9.2,11.26,7.0,-13.0
1.6400000000000001,9.25,11.16,5.0,-10.0
1.6500000000000001,9.31,11.03,6.0,-13.0
1.6600000000000001,9.36,10.9,5.0,-13.0
1.67,9.42,10.76,6.0,-14.0
1.68,9.46,10.61,4.0,-15.0
1.69,9.49,10.51,3.0,-10.0
1.7,9.53,10.39,4.0,-12.0
1.71,9.56,10.25,3.0,-14.0
1.72,9.59,10.13,3.0,-12.0
1.73,9.63,10.0,4.0,-13.0
1.74,9.67,9.89,4.0,-11.0
1.75,9.71,9.77,4.0,-12.0
1.76,9.74,9.66,3.0,-11.0
1.77,9.77,9.55,3.0,-11.0
1.78,9.82,9.4,5.0,-15.0
1.79,9.87,9.26,5.0,-14.0
1.8,9.9,9.09,3.0,-17.0
1.81,9.92,8.95,2.0,-14.0
1.82,9.95,8.81,3.0,-14.0
1.83,9.95,8.71,0.0,-10.0
1.84,9.95,8.61,0.0,-10.0
1.85,9.96,8.49,1.0,-12.0
1.86,9.96,8.4,0.0,-9.0
1.87,9.96,8.3,0.0,-10.0
1.8800000000000001,9.96,8.22,0.0,-8.0
1.8900000000000001,9.96,8.14,0.0,-8.0
1.9000000000000001,9.96,8.04,0.0,-10.0
1.9100000000000001,9.96,7.96,0.0,-8.0
1.92,9.97,7.86,1.0,-10.0
1.93,9.97,7.77,0.0,-9.0
1.94,9.98,7.68,1.0,-9.0
1.95,10.0,7.56,2.0,-12.0
1.96,10.01,7.47,1.0,-9.0
1.97,10.04,7.36,3.0,-11.0
1.98,10.05,7.28,1.0,-8.0
1.99,10.07,7.2,2.0,-8.0
2.0,10.09,7.11,2.0,-9.0
2.0100000000000002,10.1,7.03,1.0,-8.0
2.02,10.12,6.95,2.0,-8.0
2.0300000000000002,10.13,6.87,1.0,-8.0
2.04,10.14,6.79,1.0,-8.0
2.05,10.15,6.71,1.0,-8.0
2.06,10.16,6.64,1.0,-7.0
2.07,10.18,6.56,2.0,-8.0
2.08,10.19,6.5,1.0,-6.0
2.09,10.2,6.44,1.0,-6.0
2.1,10.21,6.38,1.0,-6.0
2.11,10.21,6.31,0.0,-7.0
2.12,10.21,6.23,0.0,-8.0
2.13,10.21,6.16,0.0,-7.0
2.14,10.21,6.1,0.0,-6.0
2.15,10.21,6.04,0.0,-6.0
2.16,10.21,5.97,0.0,-7.0
2.17,10.22,5.91,1.0,-6.0
2.18,10.23,5.85,1.0,-6.0
2.19,10.25,5.8,2.0,-5.0
2.2,10.28,5.73,3.0,-7.0
2.21,10.34,5.61,6.0,-12.0
2.22,10.37,5.52,3.0,-9.0
2.23,10.4,5.41,3.0,-11.0
2.24,10.43,5.32,3.0,-9.0
2.25,10.46,5.22,3.0,-10.0
2.2600000000000002,10.48,5.1,2.0,-12.0
2.27,10.48,4.99,0.0,-11.0
2.2800000000000002,10.5,4.89,2.0,-10.0
2.29,10.52,4.82,2.0,-7.0
2.3000000000000003,10.53,4.75,1.0,-7.0
2.31,10.54,4.68,1.0,-7.0
2.32,10.55,4.65,1.0,-3.0
2.33,10.56,4.62,1.0,-3.0
2.34,10.58,4.54,2.0,-8.0
2.35,10.59,4.48,1.0,-6.0
2.36,10.6,4.41,1.0,-7.0
2.37,10.61,4.37,1.0,-4.0
2.38,10.61,4.32,0.0,-5.0
2.39,10.62,4.25,1.0,-7.0
2.4,10.63,4.21,1.0,-4.0
2.41,10.63,4.18,0.0,-3.0
2.42,10.64,4.15,1.0,-3.0
2.43,10.64,4.12,0.0,-3.0
2.44,10.65,4.07,1.0,-5.0
2.45,10.66,4.02,1.0,-5.0
2.46,10.66,3.99,0.0,-3.0
2.47,10.67,3.98,1.0,-1.0
2.48,10.68,3.95,1.0,-3.0
2.49,10.69,3.92,1.0,-3.0
2.5,10.69,3.9,0.0,-2.0
2.5100000000000002,10.7,3.87,1.0,-3.0
2.52,10.7,3.86,0.0,-1.0
2.5300000000000002,10.7,3.86,0.0,0.0
2.54,10.7,3.86,0.0,0.0
2.5500000000000003,10.7,3.86,0.0,0.0
2.56,10.7,3.86,0.0,0.0
2.57,10.7,3.86,0.0,0.0
2.58,10.7,3.86,0.0,0.0
2.59,10.7,3.86,0.0,0.0
2.6,10.7,3.86,0.0,0.0
2.61,10.7,3.86,0.0,0.0
2.62,10.69,3.84,-1.0,-2.0
2.63,10.69,3.82,0.0,-2.0
2.64,10.69,3.81,0.0,-1.0
2.65,10.69,3.81,0.0,0.0
2.66,10.69,3.81,0.0,0.0
2.67,10.69,3.8,0.0,-1.0
2.68,10.68,3.77,-1.0,-3.0
2.69,10.67,3.76,-1.0,-1.0
2.7,10.67,3.74,0.0,-2.0
2.71,10.67,3.73,0.0,-1.0
