0.01,8.88,3.68,0.0,0.0
0.02,8.88,3.68,0.0,0.0
0.03,8.88,3.68,0.0,0.0
0.04,8.88,3.68,0.0,0.0
0.05,8.88,3.68,0.0,0.0
0.06,8.88,3.68,0.0,0.0
0.07,8.81,3.69,-7.0,1.0
0.08,8.75,3.69,-6.0,0.0
0.09,8.7,3.71,-5.0,2.0
0.1,8.56,3.72,-14.0,1.0
0.11,8.47,3.72,-9.0,0.0
0.12,8.4,3.74,-7.0,2.0
0.13,8.34,3.76,-6.0,2.0
0.14,8.29,3.78,-5.0,2.0
0.15,8.24,3.79,-5.0,1.0
0.16,8.15,3.81,-9.0,2.0
0.17,8.05,3.82,-10.0,1.0
0.18,7.91,3.84,-14.0,2.0
0.19,7.8,3.86,-11.0,2.0
0.2,7.66,3.88,-14.0,2.0
0.21,7.56,3.9,-10.0,2.0
0.22,7.48,3.91,-8.0,1.0
0.23,7.36,3.93,-12.0,2.0
0.24,7.26,3.95,-10.0,2.0
0.25,7.12,3.97,-14.0,2.0
0.26,7.05,3.98,-7.0,1.0
0.27,6.92,3.99,-13.0,1.0
0.28,6.81,4.01,-11.0,2.0
0.29,6.72,4.02,-9.0,1.0
0.3,6.59,4.04,-13.0,2.0
0.31,6.45,4.06,-14.0,2.0
0.32,6.31,4.08,-14.0,2.0
0.33,6.21,4.09,-10.0,1.0
0.34,6.11,4.11,-10.0,2.0
0.35000000000000003,5.96,4.12,-15.0,1.0
0.36,5.84,4.13,-12.0,1.0
0.37,5.65,4.14,-19.0,1.0
0.38,5.51,4.15,-14.0,1.0
0.39,5.4,4.15,-11.0,0.0
0.4,5.25,4.16,-15.0,1.0
0.41000000000000003,5.14,4.16,-11.0,0.0
0.42,5.02,4.16,-12.0,0.0
0.43,4.92,4.17,-10.0,1.0
0.44,4.81,4.17,-11.0,0.0
0.45,4.65,4.17,-16.0,0.0
0.46,4.47,4.19,-18.0,2.0
0.47000000000000003,4.27,4.22,-20.0,3.0
0.48,4.19,4.24,-8.0,2.0
0.49,4.09,4.25,-10.0,1.0
0.5,3.97,4.27,-12.0,2.0
0.51,3.9,4.28,-7.0,1.0
0.52,3.81,4.29,-9.0,1.0
0.53,3.77,4.3,-4.0,1.0
0.54,3.73,4.31,-4.0,1.0
0.55,3.66,4.31,-7.0,0.0
0.56,3.59,4.31,-7.0,0.0
0.5700000000000001,3.5,4.32,-9.0,1.0
0.58,3.43,4.33,-7.0,1.0
0.59,3.31,4.36,-12.0,3.0
0.6,3.25,4.38,-6.0,2.0
0.61,3.2,4.4,-5.0,2.0
0.62,3.13,4.42,-7.0,2.0
0.63,3.07,4.44,-6.0,2.0
0.64,3.04,4.45,-3.0,1.0
0.65,3.0,4.46,-4.0,1.0
0.66,2.95,4.48,-5.0,2.0
0.67,2.91,4.51,-4.0,3.0
0.68,2.88,4.53,-3.0,2.0
0.6900000000000001,2.84,4.57,-4.0,4.0
0.7000000000000001,2.8,4.61,-4.0,4.0
0.71,2.79,4.65,-1.0,4.0
0.72,2.76,4.72,-3.0,7.0
0.73,2.74,4.77,-2.0,5.0
0.74,2.74,4.83,0.0,6.0
0.75,2.74,4.9,0.0,7.0
0.76,2.74,4.97,0.0,7.0
0.77,2.74,5.05,0.0,8.0
0.78,2.75,5.12,1.0,7.0
0.79,2.78,5.22,3.0,10.0
0.8,2.79,5.27,1.0,5.0
0.81,2.81,5.33,2.0,6.0
0.8200000000000001,2.86,5.44,5.0,11.0
0.8300000000000001,2.92,5.53,6.0,9.0
0.84,2.99,5.63,7.0,10.0
0.85,3.11,5.79,12.0,16.0
0.86,3.22,5.91,11.0,12.0
0.87,3.34,6.05,12.0,14.0
0.88,3.43,6.15,9.0,10.0
0.89,3.52,6.23,9.0,8.0
0.9,3.63,6.34,11.0,11.0
0.91,3.73,6.43,10.0,9.0
0.92,3.87,6.56,14.0,13.0
0.93,3.99,6.69,12.0,13.0
0.9400000000000001,4.16,6.84,17.0,15.0
0.9500000000000001,4.27,6.94,11.0,10.0
0.96,4.37,7.04,10.0,10.0
0.97,4.51,7.18,14.0,14.0
0.98,4.64,7.31,13.0,13.0
0.99,4.78,7.46,14.0,15.0
1.0,4.92,7.57,14.0,11.0
1.01,5.09,7.71,17.0,14.0
1.02,5.27,7.83,18.0,12.0
1.03,5.42,7.94,15.0,11.0
1.04,5.59,8.06,17.0,12.0
1.05,5.76,8.18,17.0,12.0
1.06,5.98,8.33,22.0,15.0
1.07,6.19,8.45,21.0,12.0
1.08,6.48,8.67,29.0,22.0
1.09,6.74,8.85,26.0,18.0
1.1,7.14,9.11,40.0,26.0
1.11,7.39,9.26,25.0,15.0
1.12,7.6,9.4,21.0,14.0
1.1300000000000001,7.82,9.54,22.0,14.0
1.1400000000000001,7.98,9.64,16.0,10.0
1.1500000000000001,8.2,9.75,22.0,11.0
1.16,8.32,9.83,12.0,8.0
1.17,8.47,9.92,15.0,9.0
1.18,8.57,9.98,10.0,6.0
1.19,8.68,10.04,11.0,6.0
1.2,8.82,10.12,14.0,8.0
1.21,8.96,10.19,14.0,7.0
1.22,9.16,10.28,20.0,9.0
1.23,9.34,10.37,18.0,9.0
1.24,9.52,10.46,18.0,9.0
1.25,9.67,10.55,15.0,9.0
1.26,9.85,10.64,18.0,9.0
1.27,10.0,10.72,15.0,8.0
1.28,10.16,10.79,16.0,7.0
1.29,10.42,10.88,26.0,9.0
1.3,10.6,10.93,18.0,5.0
1.31,10.74,10.99,14.0,6.0
1.32,10.79,11.02,5.0,3.0
1.33,10.88,11.06,9.0,4.0
1.34,11.05,11.11,17.0,5.0
1.35,11.17,11.15,12.0,4.0
1.36,11.31,11.2,14.0,5.0
1.37,11.4,11.24,9.0,4.0
1.3800000000000001,11.56,11.29,16.0,5.0
1.3900000000000001,11.71,11.34,15.0,5.0
1.4000000000000001,11.87,11.38,16.0,4.0
1.41,12.08,11.44,21.0,6.0
1.42,12.27,11.48,19.0,4.0
1.43,12.42,11.51,15.0,3.0
1.44,12.55,11.53,13.0,2.0
1.45,12.67,11.55,12.0,2.0
1.46,12.78,11.57,11.0,2.0
1.47,12.87,11.59,9.0,2.0
1.48,12.91,11.59,4.0,0.0
1.49,12.98,11.59,7.0,0.0
1.5,13.16,11.59,18.0,0.0
1.51,13.33,11.6,17.0,1.0
1.52,13.46,11.6,13.0,0.0
1.53,13.57,11.59,11.0,-1.0
1.54,13.71,11.59,14.0,0.0
1.55,13.85,11.59,14.0,0.0
1.56,13.93,11.59,8.0,0.0
1.57,14.03,11.59,10.0,0.0
1.58,14.13,11.6,10.0,1.0
1.59,14.21,11.61,8.0,1.0
1.6,14.33,11.61,12.0,0.0
1.61,14.45,11.63,12.0,2.0
1.62,14.59,11.65,14.0,2.0
1.6300000000000001,14.67,11.66,8.0,1.0
1.6400000000000001,14.83,11.7,16.0,4.0
1.6500000000000001,15.08,11.75,25.0,5.0
1.6600000000000001,15.25,11.77,17.0,2.0
1.67,15.46,11.78,21.0,1.0
1.68,15.74,11.78,28.0,0.0
1.69,16.0,11.76,26.0,-2.0
1.7,16.31,11.73,31.0,-3.0
1.71,16.5,11.72,19.0,-1.0
1.72,16.68,11.72,18.0,0.0
1.73,16.78,11.72,10.0,0.0
1.74,16.9,11.72,12.0,0.0
1.75,16.98,11.72,8.0,0.0
1.76,17.07,11.72,9.0,0.0
1.77,17.17,11.73,10.0,1.0
1.78,17.3,11.73,13.0,0.0
1.79,17.43,11.73,13.0,0.0
1.8,17.53,11.73,10.0,0.0
1.81,17.64,11.7,11.0,-3.0
1.82,17.72,11.68,8.0,-2.0
1.83,17.78,11.67,6.0,-1.0
1.84,17.85,11.66,7.0,-1.0
1.85,17.9,11.65,5.0,-1.0
1.86,17.96,11.64,6.0,-1.0
1.87,18.03,11.62,7.0,-2.0
1.8800000000000001,18.1,11.58,7.0,-4.0
1.8900000000000001,18.15,11.57,5.0,-1.0
1.9000000000000001,18.23,11.56,8.0,-1.0
1.9100000000000001,18.3,11.54,7.0,-2.0
1.92,18.35,11.52,5.0,-2.0
1.93,18.45,11.5,10.0,-2.0
1.94,18.49,11.5,4.0,0.0
1.95,18.53,11.48,4.0,-2.0
1.96,18.6,11.47,7.0,-1.0
1.97,18.66,11.46,6.0,-1.0
1.98,18.67,11.45,1.0,-1.0
1.99,18.72,11.43,5.0,-2.0
2.0,18.79,11.4,7.0,-3.0
2.0100000000000002,18.83,11.38,4.0,-2.0
2.02,18.87,11.35,4.0,-3.0
2.0300000000000002,18.91,11.32,4.0,-3.0
2.04,18.92,11.3,1.0,-2.0
2.05,18.95,11.29,3.0,-1.0
2.06,18.98,11.26,3.0,-3.0
2.07,19.01,11.23,3.0,-3.0
2.08,19.03,11.2,2.0,-3.0
2.09,19.04,11.17,1.0,-3.0
2.1,19.06,11.1,2.0,-7.0
2.11,19.07,11.03,1.0,-7.0
2.12,19.08,10.93,1.0,-10.0
2.13,19.08,10.83,0.0,-10.0
2.14,19.08,10.73,0.0,-10.0
2.15,19.07,10.59,-1.0,-14.0
2.16,19.07,10.5,0.0,-9.0
2.17,19.07,10.37,0.0,-13.0
2.18,19.06,10.25,-1.0,-12.0
2.19,19.04,10.12,-2.0,-13.0
2.2,19.02,10.0,-2.0,-12.0
2.21,19.0,9.87,-2.0,-13.0
2.22,18.98,9.75,-2.0,-12.0
2.23,18.96,9.66,-2.0,-9.0
2.24,18.92,9.52,-4.0,-14.0
2.25,18.88,9.41,-4.0,-11.0
2.2600000000000002,18.81,9.29,-7.0,-12.0
2.27,18.75,9.19,-6.0,-10.0
2.2800000000000002,18.67,9.08,-8.0,-11.0
2.29,18.61,8.99,-6.0,-9.0
2.3000000000000003,18.56,8.93,-5.0,-6.0
2.31,18.47,8.83,-9.0,-10.0
2.32,18.39,8.73,-8.0,-10.0
2.33,18.29,8.64,-10.0,-9.0
2.34,18.17,8.53,-12.0,-11.0
2.35,18.08,8.43,-9.0,-10.0
2.36,17.96,8.31,-12.0,-12.0
2.37,17.87,8.21,-9.0,-10.0
2.38,17.74,8.1,-13.0,-11.0
2.39,17.64,8.01,-10.0,-9.0
2.4,17.55,7.93,-9.0,-8.0
2.41,17.39,7.8,-16.0,-13.0
2.42,17.27,7.72,-12.0,-8.0
2.43,17.09,7.61,-18.0,-11.0
2.44,16.97,7.52,-12.0,-9.0
2.45,16.82,7.43,-15.0,-9.0
2.46,16.67,7.33,-15.0,-10.0
2.47,16.57,7.26,-10.0,-7.0
2.48,16.44,7.19,-13.0,-7.0
2.49,16.36,7.15,-8.0,-4.0
2.5,16.23,7.08,-13.0,-7.0
2.5100000000000002,16.11,7.02,-12.0,-6.0
2.52,16.0,6.96,-11.0,-6.0
2.5300000000000002,15.84,6.88,-16.0,-8.0
2.54,15.73,6.83,-11.0,-5.0
2.5500000000000003,15.59,6.76,-14.0,-7.0
2.56,15.41,6.66,-18.0,-10.0
2.57,15.26,6.58,-15.0,-8.0
2.58,15.08,6.47,-18.0,-11.0
2.59,14.92,6.38,-16.0,-9.0
2.6,14.77,6.28,-15.0,-10.0
2.61,14.66,6.22,-11.0,-6.0
2.62,14.54,6.13,-12.0,-9.0
2.63,14.45,6.07,-9.0,-6.0
2.64,14.35,6.01,-10.0,-6.0
2.65,14.24,5.94,-11.0,-7.0
2.66,14.13,5.87,-11.0,-7.0
2.67,13.99,5.77,-14.0,-10.0
2.68,13.88,5.71,-11.0,-6.0
2.69,13.73,5.62,-15.0,-9.0
2.7,13.58,5.54,-15.0,-8.0
2.71,13.48,5.48,-10.0,-6.0
2.72,13.31,5.39,-17.0,-9.0
2.73,13.18,5.32,-13.0,-7.0
2.74,13.09,5.28,-9.0,-4.0
2.75,13.04,5.25,-5.0,-3.0
2.7600000000000002,12.96,5.2,-8.0,-5.0
2.77,12.86,5.14,-10.0,-6.0
2.7800000000000002,12.78,5.08,-8.0,-6.0
2.79,12.68,5.02,-10.0,-6.0
2.8000000000000003,12.6,4.97,-8.0,-5.0
2.81,12.5,4.9,-10.0,-7.0
2.82,12.43,4.86,-7.0,-4.0
2.83,12.35,4.8,-8.0,-6.0
2.84,12.25,4.72,-10.0,-8.0
2.85,12.15,4.65,-10.0,-7.0
2.86,12.07,4.59,-8.0,-6.0
2.87,11.96,4.51,-11.0,-8.0
2.88,11.88,4.45,-8.0,-6.0
2.89,11.82,4.39,-6.0,-6.0
2.9,11.76,4.33,-6.0,-6.0
2.91,11.71,4.28,-5.0,-5.0
2.92,11.65,4.24,-6.0,-4.0
2.93,11.6,4.2,-5.0,-4.0
2.94,11.54,4.16,-6.0,-4.0
2.95,11.49,4.12,-5.0,-4.0
2.96,11.41,4.08,-8.0,-4.0
2.97,11.35,4.04,-6.0,-4.0
2.98,11.26,4.0,-9.0,-4.0
2.99,11.15,3.94,-11.0,-6.0
3.0,11.09,3.91,-6.0,-3.0
3.0100000000000002,10.99,3.86,-10.0,-5.0
3.02,10.91,3.83,-8.0,-3.0
3.0300000000000002,10.85,3.8,-6.0,-3.0
3.04,10.77,3.77,-8.0,-3.0
3.0500000000000003,10.72,3.75,-5.0,-2.0
3.06,10.66,3.72,-6.0,-3.0
3.0700000000000003,10.59,3.7,-7.0,-2.0
3.08,10.52,3.68,-7.0,-2.0
3.09,10.52,3.68,0.0,0.0
3.1,10.52,3.68,0.0,0.0
3.11,10.52,3.68,0.0,0.0
3.12,10.51,3.69,-1.0,1.0
3.13,10.49,3.7,-2.0,1.0
3.14,10.49,3.7,0.0,0.0
