0.01,8.9,3.65,0.0,0.0
0.02,8.9,3.65,0.0,0.0
0.03,8.9,3.65,0.0,0.0
0.04,8.9,3.65,0.0,0.0
0.05,8.9,3.65,0.0,0.0
0.06,8.9,3.65,0.0,0.0
0.07,8.88,3.69,-2.0,4.0
0.08,8.85,3.73,-3.0,4.0
0.09,8.82,3.78,-3.0,5.0
0.1,8.8,3.82,-2.0,4.0
0.11,8.76,3.87,-4.0,5.0
0.12,8.71,3.93,-5.0,6.0
0.13,8.66,3.98,-5.0,5.0
0.14,8.61,4.05,-5.0,7.0
0.15,8.55,4.11,-6.0,6.0
0.16,8.48,4.19,-7.0,8.0
0.17,8.43,4.24,-5.0,5.0
0.18,8.38,4.3,-5.0,6.0
0.19,8.29,4.4,-9.0,10.0
0.2,8.24,4.47,-5.0,7.0
0.21,8.14,4.57,-10.0,10.0
0.22,8.06,4.66,-8.0,9.0
0.23,8.0,4.75,-6.0,9.0
0.24,7.94,4.83,-6.0,8.0
0.25,7.87,4.93,-7.0,10.0
0.26,7.81,5.01,-6.0,8.0
0.27,7.75,5.08,-6.0,7.0
0.28,7.69,5.16,-6.0,8.0
0.29,7.63,5.23,-6.0,7.0
0.3,7.57,5.32,-6.0,9.0
0.31,7.52,5.38,-5.0,6.0
0.32,7.47,5.46,-5.0,8.0
0.33,7.42,5.53,-5.0,7.0
0.34,7.37,5.61,-5.0,8.0
0.35000000000000003,7.31,5.7,-6.0,9.0
0.36,7.26,5.79,-5.0,9.0
0.37,7.2,5.88,-6.0,9.0
0.38,7.14,5.97,-6.0,9.0
0.39,7.06,6.05,-8.0,8.0
0.4,6.96,6.14,-10.0,9.0
0.41000000000000003,6.89,6.21,-7.0,7.0
0.42,6.81,6.29,-8.0,8.0
0.43,6.71,6.42,-10.0,13.0
0.44,6.59,6.56,-12.0,14.0
0.45,6.43,6.74,-16.0,18.0
0.46,6.34,6.87,-9.0,13.0
0.47000000000000003,6.22,7.03,-12.0,16.0
0.48,6.15,7.16,-7.0,13.0
0.49,6.07,7.3,-8.0,14.0
0.5,6.02,7.41,-5.0,11.0
0.51,5.98,7.53,-4.0,12.0
0.52,5.92,7.66,-6.0,13.0
0.53,5.87,7.77,-5.0,11.0
0.54,5.83,7.88,-4.0,11.0
0.55,5.8,7.95,-3.0,7.0
0.56,5.75,8.06,-5.0,11.0
0.5700000000000001,5.72,8.14,-3.0,8.0
0.58,5.66,8.24,-6.0,10.0
0.59,5.61,8.34,-5.0,10.0
0.6,5.56,8.43,-5.0,9.0
0.61,5.5,8.52,-6.0,9.0
0.62,5.47,8.58,-3.0,6.0
0.63,5.45,8.65,-2.0,7.0
0.64,5.42,8.73,-3.0,8.0
0.65,5.4,8.79,-2.0,6.0
0.66,5.38,8.86,-2.0,7.0
0.67,5.34,8.95,-4.0,9.0
0.68,5.31,9.03,-3.0,8.0
0.6900000000000001,5.28,9.12,-3.0,9.0
0.7000000000000001,5.25,9.18,-3.0,6.0
0.71,5.24,9.24,-1.0,6.0
0.72,5.23,9.28,-1.0,4.0
0.73,5.22,9.32,-1.0,4.0
0.74,5.21,9.36,-1.0,4.0
0.75,5.19,9.4,-2.0,4.0
0.76,5.15,9.46,-4.0,6.0
0.77,5.08,9.54,-7.0,8.0
0.78,5.03,9.61,-5.0,7.0
0.79,4.98,9.72,-5.0,11.0
0.8,4.96,9.8,-2.0,8.0
0.81,4.94,9.89,-2.0,9.0
0.8200000000000001,4.93,9.95,-1.0,6.0
0.8300000000000001,4.92,10.01,-1.0,6.0
0.84,4.91,10.07,-1.0,6.0
0.85,4.91,10.12,0.0,5.0
0.86,4.89,10.17,-2.0,5.0
0.87,4.88,10.21,-1.0,4.0
0.88,4.86,10.26,-2.0,5.0
0.89,4.83,10.32,-3.0,6.0
0.9,4.8,10.39,-3.0,7.0
0.91,4.78,10.46,-2.0,7.0
0.92,4.74,10.56,-4.0,10.0
0.93,4.71,10.64,-3.0,8.0
0.9400000000000001,4.68,10.73,-3.0,9.0
0.9500000000000001,4.67,10.82,-1.0,9.0
0.96,4.64,10.92,-3.0,10.0
0.97,4.64,11.0,0.0,8.0
0.98,4.63,11.07,-1.0,7.0
0.99,4.62,11.15,-1.0,8.0
1.0,4.62,11.2,0.0,5.0
1.01,4.61,11.27,-1.0,7.0
1.02,4.59,11.33,-2.0,6.0
1.03,4.57,11.4,-2.0,7.0
1.04,4.55,11.48,-2.0,8.0
1.05,4.53,11.55,-2.0,7.0
1.06,4.51,11.61,-2.0,6.0
1.07,4.5,11.66,-1.0,5.0
1.08,4.48,11.71,-2.0,5.0
1.09,4.47,11.75,-1.0,4.0
1.1,4.46,11.79,-1.0,4.0
1.11,4.46,11.83,0.0,4.0
1.12,4.46,11.86,0.0,3.0
1.1300000000000001,4.46,11.9,0.0,4.0
1.1400000000000001,4.46,11.92,0.0,2.0
1.1500000000000001,4.47,11.93,1.0,1.0
1.16,4.48,11.97,1.0,4.0
1.17,4.5,12.0,2.0,3.0
1.18,4.53,12.04,3.0,4.0
1.19,4.56,12.08,3.0,4.0
1.2,4.59,12.13,3.0,5.0
1.21,4.62,12.17,3.0,4.0
1.22,4.66,12.21,4.0,4.0
1.23,4.72,12.26,6.0,5.0
1.24,4.77,12.29,5.0,3.0
1.25,4.85,12.34,8.0,5.0
1.26,4.91,12.37,6.0,3.0
1.27,5.0,12.4,9.0,3.0
1.28,5.1,12.43,10.0,3.0
1.29,5.17,12.44,7.0,1.0
1.3,5.25,12.48,8.0,4.0
1.31,5.31,12.5,6.0,2.0
1.32,5.39,12.52,8.0,2.0
1.33,5.5,12.53,11.0,1.0
1.34,5.58,12.55,8.0,2.0
1.35,5.72,12.57,14.0,2.0
1.36,5.83,12.59,11.0,2.0
1.37,5.94,12.6,11.0,1.0
1.3800000000000001,6.03,12.62,9.0,2.0
1.3900000000000001,6.11,12.64,8.0,2.0
1.4000000000000001,6.18,12.66,7.0,2.0
1.41,6.23,12.67,5.0,1.0
1.42,6.29,12.68,6.0,1.0
1.43,6.34,12.68,5.0,0.0
1.44,6.42,12.7,8.0,2.0
1.45,6.5,12.71,8.0,1.0
1.46,6.61,12.74,11.0,3.0
1.47,6.74,12.76,13.0,2.0
1.48,6.83,12.78,9.0,2.0
1.49,6.98,12.8,15.0,2.0
1.5,7.13,12.82,15.0,2.0
1.51,7.29,12.85,16.0,3.0
1.52,7.55,12.88,26.0,3.0
1.53,7.73,12.89,18.0,1.0
1.54,7.89,12.9,16.0,1.0
1.55,8.05,12.9,16.0,0.0
1.56,8.23,12.91,18.0,1.0
1.57,8.42,12.91,19.0,0.0
1.58,8.56,12.9,14.0,-1.0
1.59,8.75,12.89,19.0,-1.0
1.6,8.91,12.88,16.0,-1.0
1.61,9.0,12.88,9.0,0.0
1.62,9.1,12.86,10.0,-2.0
1.6300000000000001,9.23,12.85,13.0,-1.0
1.6400000000000001,9.41,12.85,18.0,0.0
1.6500000000000001,9.52,12.85,11.0,0.0
1.6600000000000001,9.65,12.83,13.0,-2.0
1.67,9.75,12.82,10.0,-1.0
1.68,9.87,12.8,12.0,-2.0
1.69,10.0,12.78,13.0,-2.0
1.7,10.1,12.77,10.0,-1.0
1.71,10.22,12.75,12.0,-2.0
1.72,10.35,12.74,13.0,-1.0
1.73,10.49,12.71,14.0,-3.0
1.74,10.7,12.71,21.0,0.0
1.75,10.88,12.71,18.0,0.0
1.76,11.05,12.71,17.0,0.0
1.77,11.16,12.69,11.0,-2.0
1.78,11.29,12.69,13.0,0.0
1.79,11.43,12.68,14.0,-1.0
1.8,11.5,12.67,7.0,-1.0
1.81,11.55,12.64,5.0,-3.0
1.82,11.65,12.61,10.0,-3.0
1.83,11.76,12.59,11.0,-2.0
1.84,11.96,12.56,20.0,-3.0
1.85,12.09,12.54,13.0,-2.0
1.86,12.19,12.52,10.0,-2.0
1.87,12.3,12.5,11.0,-2.0
1.8800000000000001,12.38,12.49,8.0,-1.0
1.8900000000000001,12.45,12.47,7.0,-2.0
1.9000000000000001,12.54,12.44,9.0,-3.0
1.9100000000000001,12.65,12.41,11.0,-3.0
1.92,12.72,12.38,7.0,-3.0
1.93,12.82,12.36,10.0,-2.0
1.94,12.94,12.32,12.0,-4.0
1.95,13.01,12.3,7.0,-2.0
1.96,13.07,12.28,6.0,-2.0
1.97,13.14,12.26,7.0,-2.0
1.98,13.19,12.24,5.0,-2.0
1.99,13.24,12.22,5.0,-2.0
2.0,13.27,12.21,3.0,-1.0
2.0100000000000002,13.31,12.18,4.0,-3.0
2.02,13.38,12.15,7.0,-3.0
2.0300000000000002,13.43,12.12,5.0,-3.0
2.04,13.5,12.09,7.0,-3.0
2.05,13.54,12.06,4.0,-3.0
2.06,13.6,12.03,6.0,-3.0
2.07,13.65,12.01,5.0,-2.0
2.08,13.69,11.98,4.0,-3.0
2.09,13.76,11.96,7.0,-2.0
2.1,13.82,11.92,6.0,-4.0
2.11,13.89,11.9,7.0,-2.0
2.12,13.96,11.87,7.0,-3.0
2.13,14.01,11.84,5.0,-3.0
2.14,14.06,11.82,5.0,-2.0
2.15,14.11,11.8,5.0,-2.0
2.16,14.16,11.77,5.0,-3.0
2.17,14.19,11.76,3.0,-1.0
2.18,14.21,11.75,2.0,-1.0
2.19,14.22,11.73,1.0,-2.0
2.2,14.28,11.69,6.0,-4.0
2.21,14.34,11.65,6.0,-4.0
2.22,14.36,11.64,2.0,-1.0
2.23,14.42,11.61,6.0,-3.0
2.24,14.47,11.59,5.0,-2.0
2.25,14.53,11.56,6.0,-3.0
2.2600000000000002,14.57,11.54,4.0,-2.0
2.27,14.61,11.51,4.0,-3.0
2.2800000000000002,14.66,11.48,5.0,-3.0
2.29,14.7,11.46,4.0,-2.0
2.3000000000000003,14.73,11.43,3.0,-3.0
2.31,14.76,11.39,3.0,-4.0
2.32,14.79,11.35,3.0,-4.0
2.33,14.82,11.31,3.0,-4.0
2.34,14.84,11.26,2.0,-5.0
2.35,14.86,11.23,2.0,-3.0
2.36,14.87,11.18,1.0,-5.0
2.37,14.87,11.13,0.0,-5.0
2.38,14.87,11.09,0.0,-4.0
2.39,14.87,11.05,0.0,-4.0
2.4,14.87,10.99,0.0,-6.0
2.41,14.87,10.89,0.0,-10.0
2.42,14.86,10.8,-1.0,-9.0
2.43,14.84,10.7,-2.0,-10.0
2.44,14.81,10.55,-3.0,-15.0
2.45,14.79,10.45,-2.0,-10.0
2.46,14.75,10.35,-4.0,-10.0
2.47,14.72,10.25,-3.0,-10.0
2.48,14.66,10.13,-6.0,-12.0
2.49,14.61,10.04,-5.0,-9.0
2.5,14.56,9.97,-5.0,-7.0
2.5100000000000002,14.5,9.87,-6.0,-10.0
2.52,14.44,9.77,-6.0,-10.0
2.5300000000000002,14.36,9.65,-8.0,-12.0
2.54,14.29,9.53,-7.0,-12.0
2.5500000000000003,14.23,9.43,-6.0,-10.0
2.56,14.15,9.3,-8.0,-13.0
2.57,14.07,9.19,-8.0,-11.0
2.58,13.97,9.05,-10.0,-14.0
2.59,13.89,8.94,-8.0,-11.0
2.6,13.82,8.83,-7.0,-11.0
2.61,13.75,8.7,-7.0,-13.0
2.62,13.69,8.6,-6.0,-10.0
2.63,13.61,8.49,-8.0,-11.0
2.64,13.54,8.4,-7.0,-9.0
2.65,13.48,8.3,-6.0,-10.0
2.66,13.42,8.22,-6.0,-8.0
2.67,13.38,8.15,-4.0,-7.0
2.68,13.33,8.08,-5.0,-7.0
2.69,13.3,8.03,-3.0,-5.0
2.7,13.25,7.95,-5.0,-8.0
2.71,13.19,7.88,-6.0,-7.0
2.72,13.13,7.8,-6.0,-8.0
2.73,13.06,7.7,-7.0,-10.0
2.74,13.01,7.62,-5.0,-8.0
2.75,12.95,7.54,-6.0,-8.0
2.7600000000000002,12.87,7.41,-8.0,-13.0
2.77,12.81,7.31,-6.0,-10.0
2.7800000000000002,12.76,7.2,-5.0,-11.0
2.79,12.72,7.12,-4.0,-8.0
2.8000000000000003,12.69,7.02,-3.0,-10.0
2.81,12.66,6.95,-3.0,-7.0
2.82,12.64,6.89,-2.0,-6.0
2.83,12.6,6.82,-4.0,-7.0
2.84,12.57,6.76,-3.0,-6.0
2.85,12.53,6.68,-4.0,-8.0
2.86,12.5,6.61,-3.0,-7.0
2.87,12.47,6.53,-3.0,-8.0
2.88,12.43,6.45,-4.0,-8.0
2.89,12.39,6.39,-4.0,-6.0
2.9,12.35,6.32,-4.0,-7.0
2.91,12.3,6.22,-5.0,-10.0
2.92,12.24,6.13,-6.0,-9.0
2.93,12.2,6.06,-4.0,-7.0
2.94,12.12,5.97,-8.0,-9.0
2.95,12.08,5.9,-4.0,-7.0
2.96,12.05,5.85,-3.0,-5.0
2.97,12.0,5.79,-5.0,-6.0
2.98,11.96,5.73,-4.0,-6.0
2.99,11.92,5.67,-4.0,-6.0
3.0,11.87,5.59,-5.0,-8.0
3.0100000000000002,11.83,5.53,-4.0,-6.0
3.02,11.77,5.43,-6.0,-10.0
3.0300000000000002,11.73,5.35,-4.0,-8.0
3.04,11.68,5.26,-5.0,-9.0
3.0500000000000003,11.61,5.17,-7.0,-9.0
3.06,11.52,5.03,-9.0,-14.0
3.0700000000000003,11.46,4.93,-6.0,-10.0
3.08,11.42,4.88,-4.0,-5.0
3.09,11.39,4.83,-3.0,-5.0
3.1,11.36,4.79,-3.0,-4.0
3.11,11.32,4.73,-4.0,-6.0
3.12,11.29,4.68,-3.0,-5.0
3.13,11.26,4.62,-3.0,-6.0
3.14,11.23,4.56,-3.0,-6.0
3.15,11.19,4.52,-4.0,-4.0
3.16,11.16,4.46,-3.0,-6.0
3.17,11.13,4.41,-3.0,-5.0
3.18,11.09,4.36,-4.0,-5.0
3.19,11.06,4.29,-3.0,-7.0
3.2,11.03,4.24,-3.0,-5.0
3.21,11.02,4.21,-1.0,-3.0
3.22,11.0,4.18,-2.0,-3.0
3.23,10.98,4.15,-2.0,-3.0
3.24,10.96,4.11,-2.0,-4.0
3.25,10.93,4.07,-3.0,-4.0
3.2600000000000002,10.89,4.01,-4.0,-6.0
3.27,10.87,3.98,-2.0,-3.0
3.2800000000000002,10.85,3.96,-2.0,-2.0
3.29,10.83,3.93,-2.0,-3.0
3.3000000000000003,10.81,3.92,-2.0,-1.0
3.31,10.8,3.89,-1.0,-3.0
3.3200000000000003,10.77,3.85,-3.0,-4.0
3.33,10.75,3.82,-2.0,-3.0
3.34,10.73,3.8,-2.0,-2.0
3.35,10.71,3.79,-2.0,-1.0
3.36,10.69,3.77,-2.0,-2.0
3.37,10.67,3.76,-2.0,-1.0
3.38,10.65,3.74,-2.0,-2.0
3.39,10.63,3.72,-2.0,-2.0
3.4,10.63,3.72,0.0,0.0
3.41,10.63,3.72,0.0,0.0
3.42,10.63,3.72,0.0,0.0
3.43,10.63,3.72,0.0,0.0
