0.01,8.89,3.68,0.0,0.0
0.02,8.89,3.68,0.0,0.0
0.03,8.89,3.68,0.0,0.0
0.04,8.89,3.68,0.0,0.0
0.05,8.89,3.68,0.0,0.0
0.06,8.89,3.69,0.0,1.0
0.07,8.86,3.73,-3.0,4.0
0.08,8.83,3.75,-3.0,2.0
0.09,8.79,3.78,-4.0,3.0
0.1,8.66,3.84,-13.0,6.0
0.11,8.53,3.89,-13.0,5.0
0.12,8.4,3.93,-13.0,4.0
0.13,8.32,3.96,-8.0,3.0
0.14,8.24,3.98,-8.0,2.0
0.15,8.15,4.01,-9.0,3.0
0.16,8.09,4.03,-6.0,2.0
0.17,8.02,4.05,-7.0,2.0
0.18,7.96,4.07,-6.0,2.0
0.19,7.89,4.09,-7.0,2.0
0.2,7.8,4.13,-9.0,4.0
0.21,7.69,4.16,-11.0,3.0
0.22,7.57,4.19,-12.0,3.0
0.23,7.43,4.21,-14.0,2.0
0.24,7.33,4.22,-10.0,1.0
0.25,7.19,4.23,-14.0,1.0
0.26,7.03,4.27,-16.0,4.0
0.27,6.9,4.3,-13.0,3.0
0.28,6.79,4.33,-11.0,3.0
0.29,6.65,4.35,-14.0,2.0
0.3,6.51,4.37,-14.0,2.0
0.31,6.38,4.39,-13.0,2.0
0.32,6.27,4.41,-11.0,2.0
0.33,6.11,4.43,-16.0,2.0
0.34,5.97,4.45,-14.0,2.0
0.35000000000000003,5.78,4.47,-19.0,2.0
0.36,5.61,4.48,-17.0,1.0
0.37,5.45,4.51,-16.0,3.0
0.38,5.35,4.53,-10.0,2.0
0.39,5.28,4.55,-7.0,2.0
0.4,5.18,4.57,-10.0,2.0
0.41000000000000003,5.07,4.6,-11.0,3.0
0.42,4.95,4.62,-12.0,2.0
0.43,4.81,4.65,-14.0,3.0
0.44,4.69,4.68,-12.0,3.0
0.45,4.57,4.7,-12.0,2.0
0.46,4.42,4.74,-15.0,4.0
0.47000000000000003,4.3,4.78,-12.0,4.0
0.48,4.18,4.81,-12.0,3.0
0.49,4.02,4.85,-16.0,4.0
0.5,3.89,4.89,-13.0,4.0
0.51,3.76,4.93,-13.0,4.0
0.52,3.64,4.95,-12.0,2.0
0.53,3.56,4.96,-8.0,1.0
0.54,3.44,4.98,-12.0,2.0
0.55,3.36,5.01,-8.0,3.0
0.56,3.3,5.02,-6.0,1.0
0.5700000000000001,3.23,5.02,-7.0,0.0
0.58,3.16,5.03,-7.0,1.0
0.59,3.06,5.05,-10.0,2.0
0.6,2.95,5.06,-11.0,1.0
0.61,2.86,5.08,-9.0,2.0
0.62,2.77,5.09,-9.0,1.0
0.63,2.68,5.1,-9.0,1.0
0.64,2.56,5.12,-12.0,2.0
0.65,2.45,5.13,-11.0,1.0
0.66,2.36,5.14,-9.0,1.0
0.67,2.22,5.14,-14.0,0.0
0.68,2.11,5.15,-11.0,1.0
0.6900000000000001,1.99,5.16,-12.0,1.0
0.7000000000000001,1.89,5.16,-10.0,0.0
0.71,1.73,5.16,-16.0,0.0
0.72,1.61,5.17,-12.0,1.0
0.73,1.59,5.18,-2.0,1.0
0.74,1.58,5.19,-1.0,1.0
0.75,1.56,5.22,-2.0,3.0
0.76,1.54,5.23,-2.0,1.0
0.77,1.51,5.26,-3.0,3.0
0.78,1.48,5.29,-3.0,3.0
0.79,1.42,5.34,-6.0,5.0
0.8,1.38,5.36,-4.0,2.0
0.81,1.35,5.4,-3.0,4.0
0.8200000000000001,1.32,5.42,-3.0,2.0
0.8300000000000001,1.28,5.46,-4.0,4.0
0.84,1.25,5.49,-3.0,3.0
0.85,1.23,5.51,-2.0,2.0
0.86,1.22,5.53,-1.0,2.0
0.87,1.2,5.55,-2.0,2.0
0.88,1.18,5.58,-2.0,3.0
0.89,1.13,5.62,-5.0,4.0
0.9,1.11,5.64,-2.0,2.0
0.91,1.08,5.68,-3.0,4.0
0.92,1.06,5.71,-2.0,3.0
0.93,1.04,5.75,-2.0,4.0
0.9400000000000001,1.03,5.77,-1.0,2.0
0.9500000000000001,1.02,5.78,-1.0,1.0
0.96,1.02,5.8,0.0,2.0
0.97,1.01,5.83,-1.0,3.0
0.98,1.0,5.87,-1.0,4.0
0.99,0.99,5.94,-1.0,7.0
1.0,0.98,6.0,-1.0,6.0
1.01,0.97,6.06,-1.0,6.0
1.02,0.97,6.11,0.0,5.0
1.03,0.97,6.13,0.0,2.0
1.04,0.97,6.16,0.0,3.0
1.05,0.97,6.19,0.0,3.0
1.06,0.98,6.22,1.0,3.0
1.07,0.99,6.25,1.0,3.0
1.08,1.0,6.29,1.0,4.0
1.09,1.02,6.34,2.0,5.0
1.1,1.03,6.39,1.0,5.0
1.11,1.05,6.42,2.0,3.0
1.12,1.07,6.46,2.0,4.0
1.1300000000000001,1.08,6.5,1.0,4.0
1.1400000000000001,1.1,6.54,2.0,4.0
1.1500000000000001,1.12,6.58,2.0,4.0
1.16,1.13,6.61,1.0,3.0
1.17,1.15,6.66,2.0,5.0
1.18,1.21,6.74,6.0,8.0
1.19,1.27,6.81,6.0,7.0
1.2,1.34,6.89,7.0,8.0
1.21,1.42,6.98,8.0,9.0
1.22,1.51,7.08,9.0,10.0
1.23,1.57,7.16,6.0,8.0
1.24,1.64,7.24,7.0,8.0
1.25,1.69,7.29,5.0,5.0
1.26,1.74,7.34,5.0,5.0
1.27,1.78,7.38,4.0,4.0
1.28,1.82,7.4,4.0,2.0
1.29,1.89,7.45,7.0,5.0
1.3,1.97,7.51,8.0,6.0
1.31,2.06,7.57,9.0,6.0
1.32,2.16,7.63,10.0,6.0
1.33,2.26,7.7,10.0,7.0
1.34,2.37,7.77,11.0,7.0
1.35,2.54,7.87,17.0,10.0
1.36,2.65,7.95,11.0,8.0
1.37,2.78,8.02,13.0,7.0
1.3800000000000001,2.85,8.07,7.0,5.0
1.3900000000000001,2.93,8.12,8.0,5.0
1.4000000000000001,3.05,8.2,12.0,8.0
1.41,3.15,8.26,10.0,6.0
1.42,3.28,8.33,13.0,7.0
1.43,3.38,8.39,10.0,6.0
1.44,3.46,8.44,8.0,5.0
1.45,3.54,8.49,8.0,5.0
1.46,3.6,8.53,6.0,4.0
1.47,3.68,8.59,8.0,6.0
1.48,3.78,8.65,10.0,6.0
1.49,3.88,8.71,10.0,6.0
1.5,3.94,8.75,6.0,4.0
1.51,4.01,8.8,7.0,5.0
1.52,4.14,8.88,13.0,8.0
1.53,4.26,8.96,12.0,8.0
1.54,4.38,9.01,12.0,5.0
1.55,4.52,9.1,14.0,9.0
1.56,4.65,9.17,13.0,7.0
1.57,4.79,9.26,14.0,9.0
1.58,5.0,9.4,21.0,14.0
1.59,5.11,9.47,11.0,7.0
1.6,5.25,9.58,14.0,11.0
1.61,5.41,9.66,16.0,8.0
1.62,5.57,9.74,16.0,8.0
1.6300000000000001,5.65,9.77,8.0,3.0
1.6400000000000001,5.77,9.81,12.0,4.0
1.6500000000000001,5.89,9.85,12.0,4.0
1.6600000000000001,5.99,9.88,10.0,3.0
1.67,6.1,9.91,11.0,3.0
1.68,6.19,9.93,9.0,2.0
1.69,6.3,9.96,11.0,3.0
1.7,6.41,10.0,11.0,4.0
1.71,6.5,10.03,9.0,3.0
1.72,6.56,10.07,6.0,4.0
1.73,6.63,10.09,7.0,2.0
1.74,6.71,10.13,8.0,4.0
1.75,6.76,10.15,5.0,2.0
1.76,6.85,10.19,9.0,4.0
1.77,6.94,10.22,9.0,3.0
1.78,7.02,10.25,8.0,3.0
1.79,7.1,10.28,8.0,3.0
1.8,7.18,10.32,8.0,4.0
1.81,7.28,10.37,10.0,5.0
1.82,7.36,10.41,8.0,4.0
1.83,7.44,10.45,8.0,4.0
1.84,7.48,10.49,4.0,4.0
1.85,7.53,10.51,5.0,2.0
1.86,7.6,10.54,7.0,3.0
1.87,7.69,10.58,9.0,4.0
1.8800000000000001,7.77,10.61,8.0,3.0
1.8900000000000001,7.87,10.66,10.0,5.0
1.9000000000000001,7.94,10.71,7.0,5.0
1.9100000000000001,8.0,10.73,6.0,2.0
1.92,8.1,10.77,10.0,4.0
1.93,8.2,10.81,10.0,4.0
1.94,8.33,10.85,13.0,4.0
1.95,8.4,10.88,7.0,3.0
1.96,8.51,10.92,11.0,4.0
1.97,8.57,10.95,6.0,3.0
1.98,8.62,10.97,5.0,2.0
1.99,8.69,11.0,7.0,3.0
2.0,8.75,11.04,6.0,4.0
2.0100000000000002,8.79,11.07,4.0,3.0
2.02,8.84,11.11,5.0,4.0
2.0300000000000002,8.89,11.14,5.0,3.0
2.04,8.96,11.18,7.0,4.0
2.05,9.02,11.21,6.0,3.0
2.06,9.05,11.23,3.0,2.0
2.07,9.13,11.27,8.0,4.0
2.08,9.2,11.29,7.0,2.0
2.09,9.26,11.32,6.0,3.0
2.1,9.33,11.36,7.0,4.0
2.11,9.41,11.38,8.0,2.0
2.12,9.47,11.4,6.0,2.0
2.13,9.52,11.41,5.0,1.0
2.14,9.58,11.42,6.0,1.0
2.15,9.67,11.45,9.0,3.0
2.16,9.75,11.48,8.0,3.0
2.17,9.85,11.5,10.0,2.0
2.18,9.97,11.52,12.0,2.0
2.19,10.06,11.54,9.0,2.0
2.2,10.12,11.57,6.0,3.0
2.21,10.17,11.59,5.0,2.0
2.22,10.24,11.62,7.0,3.0
2.23,10.35,11.65,11.0,3.0
2.24,10.43,11.67,8.0,2.0
2.25,10.5,11.68,7.0,1.0
2.2600000000000002,10.57,11.7,7.0,2.0
2.27,10.63,11.71,6.0,1.0
2.2800000000000002,10.75,11.75,12.0,4.0
2.29,10.86,11.77,11.0,2.0
2.3000000000000003,10.95,11.8,9.0,3.0
2.31,11.09,11.85,14.0,5.0
2.32,11.18,11.88,9.0,3.0
2.33,11.28,11.93,10.0,5.0
2.34,11.38,11.97,10.0,4.0
2.35,11.47,12.01,9.0,4.0
2.36,11.59,12.05,12.0,4.0
2.37,11.65,12.08,6.0,3.0
2.38,11.77,12.11,12.0,3.0
2.39,11.86,12.13,9.0,2.0
2.4,11.95,12.15,9.0,2.0
2.41,12.09,12.17,14.0,2.0
2.42,12.14,12.18,5.0,1.0
2.43,12.17,12.19,3.0,1.0
2.44,12.2,12.2,3.0,1.0
2.45,12.22,12.2,2.0,0.0
2.46,12.32,12.22,10.0,2.0
2.47,12.47,12.25,15.0,3.0
2.48,12.63,12.27,16.0,2.0
2.49,12.71,12.28,8.0,1.0
2.5,12.8,12.28,9.0,0.0
2.5100000000000002,12.86,12.27,6.0,-1.0
2.52,12.93,12.27,7.0,0.0
2.5300000000000002,13.02,12.27,9.0,0.0
2.54,13.14,12.28,12.0,1.0
2.5500000000000003,13.26,12.3,12.0,2.0
2.56,13.36,12.32,10.0,2.0
2.57,13.49,12.36,13.0,4.0
2.58,13.57,12.38,8.0,2.0
2.59,13.7,12.42,13.0,4.0
2.6,13.83,12.45,13.0,3.0
2.61,13.93,12.47,10.0,2.0
2.62,14.05,12.49,12.0,2.0
2.63,14.14,12.5,9.0,1.0
2.64,14.23,12.51,9.0,1.0
2.65,14.35,12.53,12.0,2.0
2.66,14.48,12.55,13.0,2.0
2.67,14.59,12.57,11.0,2.0
2.68,14.69,12.58,10.0,1.0
2.69,14.79,12.58,10.0,0.0
2.7,14.9,12.6,11.0,2.0
2.71,14.99,12.61,9.0,1.0
2.72,15.06,12.61,7.0,0.0
2.73,15.12,12.62,6.0,1.0
2.74,15.2,12.63,8.0,1.0
2.75,15.27,12.63,7.0,0.0
2.7600000000000002,15.32,12.63,5.0,0.0
2.77,15.38,12.63,6.0,0.0
2.7800000000000002,15.43,12.63,5.0,0.0
2.79,15.48,12.64,5.0,1.0
2.8000000000000003,15.53,12.64,5.0,0.0
2.81,15.58,12.64,5.0,0.0
2.82,15.64,12.64,6.0,0.0
2.83,15.68,12.64,4.0,0.0
2.84,15.73,12.64,5.0,0.0
2.85,15.8,12.64,7.0,0.0
2.86,15.84,12.64,4.0,0.0
2.87,15.85,12.64,1.0,0.0
2.88,15.85,12.64,0.0,0.0
2.89,15.86,12.63,1.0,-1.0
2.9,15.93,12.63,7.0,0.0
2.91,15.94,12.62,1.0,-1.0
2.92,15.94,12.62,0.0,0.0
2.93,15.94,12.62,0.0,0.0
2.94,15.97,12.6,3.0,-2.0
2.95,16.03,12.56,6.0,-4.0
2.96,16.05,12.54,2.0,-2.0
2.97,16.06,12.53,1.0,-1.0
2.98,16.1,12.49,4.0,-4.0
2.99,16.14,12.45,4.0,-4.0
3.0,16.17,12.38,3.0,-7.0
3.0100000000000002,16.17,12.33,0.0,-5.0
3.02,16.17,12.29,0.0,-4.0
3.0300000000000002,16.17,12.25,0.0,-4.0
3.04,16.17,12.21,0.0,-4.0
3.0500000000000003,16.18,12.15,1.0,-6.0
3.06,16.18,12.1,0.0,-5.0
3.0700000000000003,16.18,12.04,0.0,-6.0
3.08,16.17,11.98,-1.0,-6.0
3.09,16.17,11.92,0.0,-6.0
3.1,16.15,11.85,-2.0,-7.0
3.11,16.14,11.77,-1.0,-8.0
3.12,16.13,11.68,-1.0,-9.0
3.13,16.11,11.61,-2.0,-7.0
3.14,16.1,11.5,-1.0,-11.0
3.15,16.1,11.4,0.0,-10.0
3.16,16.1,11.28,0.0,-12.0
3.17,16.08,11.15,-2.0,-13.0
3.18,16.07,11.05,-1.0,-10.0
3.19,16.04,10.94,-3.0,-11.0
3.2,16.03,10.86,-1.0,-8.0
3.21,16.0,10.78,-3.0,-8.0
3.22,15.99,10.73,-1.0,-5.0
3.23,15.98,10.69,-1.0,-4.0
3.24,15.95,10.63,-3.0,-6.0
3.25,15.91,10.57,-4.0,-6.0
3.2600000000000002,15.84,10.47,-7.0,-10.0
3.27,15.78,10.39,-6.0,-8.0
3.2800000000000002,15.71,10.29,-7.0,-10.0
3.29,15.62,10.17,-9.0,-12.0
3.3000000000000003,15.57,10.09,-5.0,-8.0
3.31,15.5,10.0,-7.0,-9.0
3.3200000000000003,15.45,9.94,-5.0,-6.0
3.33,15.41,9.89,-4.0,-5.0
3.34,15.34,9.8,-7.0,-9.0
3.35,15.28,9.72,-6.0,-8.0
3.36,15.22,9.65,-6.0,-7.0
3.37,15.14,9.53,-8.0,-12.0
3.38,15.08,9.43,-6.0,-10.0
3.39,14.99,9.32,-9.0,-11.0
3.4,14.92,9.22,-7.0,-10.0
3.41,14.82,9.09,-10.0,-13.0
3.42,14.76,8.99,-6.0,-10.0
3.43,14.67,8.9,-9.0,-9.0
3.44,14.6,8.81,-7.0,-9.0
3.45,14.55,8.77,-5.0,-4.0
3.46,14.5,8.73,-5.0,-4.0
3.47,14.41,8.66,-9.0,-7.0
3.48,14.33,8.58,-8.0,-8.0
3.49,14.26,8.51,-7.0,-7.0
3.5,14.19,8.44,-7.0,-7.0
3.5100000000000002,14.14,8.37,-5.0,-7.0
3.52,14.12,8.34,-2.0,-3.0
3.5300000000000002,14.11,8.32,-1.0,-2.0
3.54,14.1,8.29,-1.0,-3.0
3.5500000000000003,14.04,8.22,-6.0,-7.0
3.56,13.96,8.13,-8.0,-9.0
3.5700000000000003,13.85,8.03,-11.0,-10.0
3.58,13.75,7.91,-10.0,-12.0
3.59,13.66,7.79,-9.0,-12.0
3.6,13.52,7.63,-14.0,-16.0
3.61,13.49,7.58,-3.0,-5.0
3.62,13.44,7.53,-5.0,-5.0
3.63,13.39,7.47,-5.0,-6.0
3.64,13.33,7.4,-6.0,-7.0
3.65,13.24,7.31,-9.0,-9.0
3.66,13.18,7.23,-6.0,-8.0
3.67,13.11,7.13,-7.0,-10.0
3.68,13.03,7.04,-8.0,-9.0
3.69,12.99,6.98,-4.0,-6.0
3.7,12.91,6.89,-8.0,-9.0
3.71,12.87,6.82,-4.0,-7.0
3.72,12.81,6.75,-6.0,-7.0
3.73,12.79,6.71,-2.0,-4.0
3.74,12.75,6.66,-4.0,-5.0
3.75,12.69,6.58,-6.0,-8.0
3.7600000000000002,12.63,6.51,-6.0,-7.0
3.77,12.58,6.44,-5.0,-7.0
3.7800000000000002,12.5,6.33,-8.0,-11.0
3.79,12.42,6.23,-8.0,-10.0
3.8000000000000003,12.34,6.11,-8.0,-12.0
3.81,12.27,6.01,-7.0,-10.0
3.8200000000000003,12.21,5.92,-6.0,-9.0
3.83,12.16,5.81,-5.0,-11.0
3.84,12.11,5.74,-5.0,-7.0
3.85,12.05,5.66,-6.0,-8.0
3.86,12.03,5.6,-2.0,-6.0
3.87,11.99,5.55,-4.0,-5.0
3.88,11.96,5.5,-3.0,-5.0
3.89,11.92,5.44,-4.0,-6.0
3.9,11.88,5.38,-4.0,-6.0
3.91,11.84,5.34,-4.0,-4.0
3.92,11.8,5.28,-4.0,-6.0
3.93,11.73,5.2,-7.0,-8.0
3.94,11.67,5.13,-6.0,-7.0
3.95,11.59,5.04,-8.0,-9.0
3.96,11.54,4.99,-5.0,-5.0
3.97,11.48,4.92,-6.0,-7.0
3.98,11.42,4.85,-6.0,-7.0
3.99,11.37,4.78,-5.0,-7.0
4.0,11.32,4.73,-5.0,-5.0
4.01,11.26,4.66,-6.0,-7.0
4.0200000000000005,11.21,4.59,-5.0,-7.0
4.03,11.16,4.53,-5.0,-6.0
4.04,11.12,4.48,-4.0,-5.0
4.05,11.08,4.42,-4.0,-6.0
4.0600000000000005,11.04,4.37,-4.0,-5.0
4.07,11.0,4.3,-4.0,-7.0
4.08,10.96,4.22,-4.0,-8.0
4.09,10.92,4.17,-4.0,-5.0
4.1,10.88,4.1,-4.0,-7.0
4.11,10.86,4.06,-2.0,-4.0
4.12,10.84,4.02,-2.0,-4.0
4.13,10.83,3.98,-1.0,-4.0
4.14,10.81,3.95,-2.0,-3.0
4.15,10.79,3.92,-2.0,-3.0
4.16,10.78,3.9,-1.0,-2.0
4.17,10.77,3.88,-1.0,-2.0
4.18,10.77,3.88,0.0,0.0
4.19,10.77,3.88,0.0,0.0
4.2,10.77,3.88,0.0,0.0
4.21,10.77,3.88,0.0,0.0
4.22,10.76,3.86,-1.0,-2.0
4.23,10.74,3.82,-2.0,-4.0
4.24,10.73,3.78,-1.0,-4.0
4.25,10.73,3.77,0.0,-1.0
4.26,10.73,3.77,0.0,0.0
4.2700000000000005,10.73,3.77,0.0,0.0
4.28,10.73,3.77,0.0,0.0
4.29,10.73,3.77,0.0,0.0
4.3,10.71,3.75,-2.0,-2.0
4.3100000000000005,10.65,3.71,-6.0,-4.0
4.32,10.63,3.68,-2.0,-3.0
4.33,10.63,3.68,0.0,0.0
4.34,10.63,3.68,0.0,0.0
4.3500000000000005,10.63,3.68,0.0,0.0
