0.01,8.9,3.7,0.0,0.0
0.02,8.9,3.7,0.0,0.0
0.03,8.9,3.7,0.0,0.0
0.04,8.9,3.7,0.0,0.0
0.05,8.86,3.73,-4.0,3.0
0.06,8.84,3.75,-2.0,2.0
0.07,8.8,3.79,-4.0,4.0
0.08,8.74,3.85,-6.0,6.0
0.09,8.64,3.91,-10.0,6.0
0.1,8.53,3.97,-11.0,6.0
0.11,8.4,4.03,-13.0,6.0
0.12,8.3,4.08,-10.0,5.0
0.13,8.2,4.13,-10.0,5.0
0.14,8.11,4.18,-9.0,5.0
0.15,7.99,4.27,-12.0,9.0
0.16,7.92,4.3,-7.0,3.0
0.17,7.76,4.39,-16.0,9.0
0.18,7.64,4.46,-12.0,7.0
0.19,7.56,4.52,-8.0,6.0
0.2,7.43,4.6,-13.0,8.0
0.21,7.32,4.67,-11.0,7.0
0.22,7.23,4.73,-9.0,6.0
0.23,7.13,4.78,-10.0,5.0
0.24,7.03,4.85,-10.0,7.0
0.25,6.94,4.9,-9.0,5.0
0.26,6.86,4.96,-8.0,6.0
0.27,6.75,5.02,-11.0,6.0
0.28,6.65,5.09,-10.0,7.0
0.29,6.55,5.16,-10.0,7.0
0.3,6.38,5.25,-17.0,9.0
0.31,6.3,5.28,-8.0,3.0
0.32,6.25,5.3,-5.0,2.0
0.33,6.19,5.34,-6.0,4.0
0.34,6.12,5.39,-7.0,5.0
0.35000000000000003,6.05,5.44,-7.0,5.0
0.36,5.99,5.49,-6.0,5.0
0.37,5.88,5.58,-11.0,9.0
0.38,5.78,5.66,-10.0,8.0
0.39,5.7,5.73,-8.0,7.0
0.4,5.6,5.81,-10.0,8.0
0.41000000000000003,5.53,5.88,-7.0,7.0
0.42,5.49,5.93,-4.0,5.0
0.43,5.44,5.99,-5.0,6.0
0.44,5.4,6.04,-4.0,5.0
0.45,5.35,6.1,-5.0,6.0
0.46,5.29,6.15,-6.0,5.0
0.47000000000000003,5.25,6.19,-4.0,4.0
0.48,5.22,6.23,-3.0,4.0
0.49,5.17,6.28,-5.0,5.0
0.5,5.13,6.32,-4.0,4.0
0.51,5.08,6.37,-5.0,5.0
0.52,5.03,6.43,-5.0,6.0
0.53,5.0,6.47,-3.0,4.0
0.54,4.97,6.51,-3.0,4.0
0.55,4.94,6.55,-3.0,4.0
0.56,4.92,6.58,-2.0,3.0
0.5700000000000001,4.9,6.62,-2.0,4.0
0.58,4.88,6.65,-2.0,3.0
0.59,4.86,6.7,-2.0,5.0
0.6,4.84,6.75,-2.0,5.0
0.61,4.83,6.78,-1.0,3.0
0.62,4.83,6.84,0.0,6.0
0.63,4.84,6.91,1.0,7.0
0.64,4.84,6.95,0.0,4.0
0.65,4.85,7.0,1.0,5.0
0.66,4.87,7.08,2.0,8.0
0.67,4.89,7.13,2.0,5.0
0.68,4.91,7.16,2.0,3.0
0.6900000000000001,4.94,7.21,3.0,5.0
0.7000000000000001,4.99,7.27,5.0,6.0
0.71,5.04,7.32,5.0,5.0
0.72,5.13,7.37,9.0,5.0
0.73,5.23,7.44,10.0,7.0
0.74,5.37,7.52,14.0,8.0
0.75,5.5,7.58,13.0,6.0
0.76,5.58,7.62,8.0,4.0
0.77,5.67,7.65,9.0,3.0
0.78,5.77,7.68,10.0,3.0
0.79,5.86,7.71,9.0,3.0
0.8,5.97,7.73,11.0,2.0
0.81,6.12,7.75,15.0,2.0
0.8200000000000001,6.28,7.77,16.0,2.0
0.8300000000000001,6.47,7.78,19.0,1.0
0.84,6.68,7.79,21.0,1.0
0.85,6.85,7.79,17.0,0.0
0.86,7.01,7.79,16.0,0.0
0.87,7.34,7.78,33.0,-1.0
0.88,7.46,7.76,12.0,-2.0
0.89,7.6,7.74,14.0,-2.0
0.9,7.75,7.74,15.0,0.0
0.91,7.92,7.74,17.0,0.0
0.92,8.08,7.73,16.0,-1.0
0.93,8.23,7.73,15.0,0.0
0.9400000000000001,8.42,7.71,19.0,-2.0
0.9500000000000001,8.66,7.69,24.0,-2.0
0.96,8.86,7.65,20.0,-4.0
0.97,9.15,7.59,29.0,-6.0
0.98,9.27,7.56,12.0,-3.0
0.99,9.37,7.51,10.0,-5.0
1.0,9.48,7.47,11.0,-4.0
1.01,9.58,7.44,10.0,-3.0
1.02,9.66,7.41,8.0,-3.0
1.03,9.79,7.36,13.0,-5.0
1.04,9.88,7.33,9.0,-3.0
1.05,9.98,7.29,10.0,-4.0
1.06,10.08,7.26,10.0,-3.0
1.07,10.22,7.21,14.0,-5.0
1.08,10.37,7.14,15.0,-7.0
1.09,10.46,7.1,9.0,-4.0
1.1,10.56,7.05,10.0,-5.0
1.11,10.67,6.98,11.0,-7.0
1.12,10.74,6.92,7.0,-6.0
1.1300000000000001,10.83,6.86,9.0,-6.0
1.1400000000000001,10.89,6.81,6.0,-5.0
1.1500000000000001,10.96,6.76,7.0,-5.0
1.16,11.03,6.72,7.0,-4.0
1.17,11.11,6.68,8.0,-4.0
1.18,11.19,6.63,8.0,-5.0
1.19,11.29,6.55,10.0,-8.0
1.2,11.36,6.49,7.0,-6.0
1.21,11.45,6.39,9.0,-10.0
1.22,11.53,6.31,8.0,-8.0
1.23,11.62,6.23,9.0,-8.0
1.24,11.67,6.15,5.0,-8.0
1.25,11.75,6.03,8.0,-12.0
1.26,11.78,5.98,3.0,-5.0
1.27,11.82,5.93,4.0,-5.0
1.28,11.85,5.89,3.0,-4.0
1.29,11.88,5.85,3.0,-4.0
1.3,11.91,5.82,3.0,-3.0
1.31,11.97,5.78,6.0,-4.0
1.32,12.03,5.73,6.0,-5.0
1.33,12.08,5.66,5.0,-7.0
1.34,12.15,5.57,7.0,-9.0
1.35,12.22,5.48,7.0,-9.0
1.36,12.26,5.41,4.0,-7.0
1.37,12.31,5.32,5.0,-9.0
1.3800000000000001,12.36,5.24,5.0,-8.0
1.3900000000000001,12.41,5.17,5.0,-7.0
1.4000000000000001,12.45,5.12,4.0,-5.0
1.41,12.48,5.08,3.0,-4.0
1.42,12.51,5.01,3.0,-7.0
1.43,12.54,4.97,3.0,-4.0
1.44,12.58,4.91,4.0,-6.0
1.45,12.61,4.86,3.0,-5.0
1.46,12.63,4.81,2.0,-5.0
1.47,12.65,4.74,2.0,-7.0
1.48,12.68,4.69,3.0,-5.0
1.49,12.71,4.62,3.0,-7.0
1.5,12.74,4.56,3.0,-6.0
1.51,12.76,4.5,2.0,-6.0
1.52,12.78,4.46,2.0,-4.0
1.53,12.79,4.4,1.0,-6.0
1.54,12.8,4.35,1.0,-5.0
1.55,12.81,4.31,1.0,-4.0
1.56,12.8,4.29,-1.0,-2.0
1.57,12.79,4.26,-1.0,-3.0
1.58,12.76,4.23,-3.0,-3.0
1.59,12.73,4.2,-3.0,-3.0
1.6,12.66,4.17,-7.0,-3.0
1.61,12.56,4.14,-10.0,-3.0
1.62,12.45,4.12,-11.0,-2.0
1.6300000000000001,12.39,4.11,-6.0,-1.0
1.6400000000000001,12.31,4.1,-8.0,-1.0
1.6500000000000001,12.19,4.07,-12.0,-3.0
1.6600000000000001,12.1,4.04,-9.0,-3.0
1.67,12.0,4.01,-10.0,-3.0
1.68,11.92,3.99,-8.0,-2.0
1.69,11.84,3.98,-8.0,-1.0
1.7,11.75,3.98,-9.0,0.0
1.71,11.66,3.98,-9.0,0.0
1.72,11.57,3.97,-9.0,-1.0
1.73,11.53,3.96,-4.0,-1.0
1.74,11.46,3.95,-7.0,-1.0
1.75,11.41,3.95,-5.0,0.0
1.76,11.36,3.95,-5.0,0.0
1.77,11.31,3.94,-5.0,-1.0
1.78,11.25,3.93,-6.0,-1.0
1.79,11.18,3.91,-7.0,-2.0
1.8,11.12,3.9,-6.0,-1.0
1.81,11.04,3.88,-8.0,-2.0
1.82,10.99,3.87,-5.0,-1.0
1.83,10.92,3.86,-7.0,-1.0
1.84,10.86,3.86,-6.0,0.0
1.85,10.82,3.85,-4.0,-1.0
1.86,10.8,3.84,-2.0,-1.0
1.87,10.78,3.83,-2.0,-1.0
1.8800000000000001,10.75,3.82,-3.0,-1.0
1.8900000000000001,10.74,3.82,-1.0,0.0
1.9000000000000001,10.74,3.82,0.0,0.0
1.9100000000000001,10.71,3.8,-3.0,-2.0
1.92,10.68,3.78,-3.0,-2.0
1.93,10.66,3.77,-2.0,-1.0
1.94,10.66,3.77,0.0,0.0
1.95,10.66,3.77,0.0,0.0
1.96,10.66,3.77,0.0,0.0
1.97,10.66,3.77,0.0,0.0
1.98,10.64,3.77,-2.0,0.0
1.99,10.64,3.76,0.0,-1.0
