0.01,8.89,3.71,0.0,0.0
0.02,8.89,3.71,0.0,0.0
0.03,8.89,3.71,0.0,0.0
0.04,8.89,3.71,0.0,0.0
0.05,8.89,3.71,0.0,0.0
0.06,8.83,3.79,-6.0,8.0
0.07,8.81,3.82,-2.0,3.0
0.08,8.81,3.82,0.0,0.0
0.09,8.81,3.82,0.0,0.0
0.1,8.79,3.86,-2.0,4.0
0.11,8.77,3.9,-2.0,4.0
0.12,8.74,3.95,-3.0,5.0
0.13,8.7,4.0,-4.0,5.0
0.14,8.66,4.07,-4.0,7.0
0.15,8.61,4.14,-5.0,7.0
0.16,8.57,4.19,-4.0,5.0
0.17,8.52,4.26,-5.0,7.0
0.18,8.45,4.34,-7.0,8.0
0.19,8.37,4.43,-8.0,9.0
0.2,8.3,4.5,-7.0,7.0
0.21,8.25,4.57,-5.0,7.0
0.22,8.2,4.63,-5.0,6.0
0.23,8.15,4.69,-5.0,6.0
0.24,8.12,4.75,-3.0,6.0
0.25,8.07,4.82,-5.0,7.0
0.26,8.03,4.88,-4.0,6.0
0.27,7.97,4.98,-6.0,10.0
0.28,7.94,5.03,-3.0,5.0
0.29,7.88,5.11,-6.0,8.0
0.3,7.84,5.17,-4.0,6.0
0.31,7.8,5.23,-4.0,6.0
0.32,7.74,5.31,-6.0,8.0
0.33,7.71,5.37,-3.0,6.0
0.34,7.67,5.42,-4.0,5.0
0.35000000000000003,7.62,5.5,-5.0,8.0
0.36,7.56,5.6,-6.0,10.0
0.37,7.49,5.72,-7.0,12.0
0.38,7.45,5.8,-4.0,8.0
0.39,7.42,5.83,-3.0,3.0
0.4,7.4,5.87,-2.0,4.0
0.41000000000000003,7.36,5.93,-4.0,6.0
0.42,7.32,6.0,-4.0,7.0
0.43,7.27,6.06,-5.0,6.0
0.44,7.23,6.14,-4.0,8.0
0.45,7.18,6.22,-5.0,8.0
0.46,7.13,6.28,-5.0,6.0
0.47000000000000003,7.09,6.36,-4.0,8.0
0.48,7.03,6.46,-6.0,10.0
0.49,6.99,6.53,-4.0,7.0
0.5,6.95,6.61,-4.0,8.0
0.51,6.91,6.67,-4.0,6.0
0.52,6.87,6.73,-4.0,6.0
0.53,6.81,6.83,-6.0,10.0
0.54,6.76,6.92,-5.0,9.0
0.55,6.7,7.03,-6.0,11.0
0.56,6.63,7.14,-7.0,11.0
0.5700000000000001,6.6,7.22,-3.0,8.0
0.58,6.57,7.28,-3.0,6.0
0.59,6.55,7.34,-2.0,6.0
0.6,6.52,7.41,-3.0,7.0
0.61,6.49,7.47,-3.0,6.0
0.62,6.47,7.54,-2.0,7.0
0.63,6.45,7.61,-2.0,7.0
0.64,6.44,7.66,-1.0,5.0
0.65,6.42,7.72,-2.0,6.0
0.66,6.38,7.8,-4.0,8.0
0.67,6.37,7.86,-1.0,6.0
0.68,6.36,7.92,-1.0,6.0
0.6900000000000001,6.34,7.98,-2.0,6.0
0.7000000000000001,6.31,8.07,-3.0,9.0
0.71,6.29,8.15,-2.0,8.0
0.72,6.26,8.26,-3.0,11.0
0.73,6.24,8.36,-2.0,10.0
0.74,6.23,8.45,-1.0,9.0
0.75,6.22,8.55,-1.0,10.0
0.76,6.2,8.63,-2.0,8.0
0.77,6.19,8.74,-1.0,11.0
0.78,6.18,8.82,-1.0,8.0
0.79,6.17,8.94,-1.0,12.0
0.8,6.16,9.05,-1.0,11.0
0.81,6.16,9.16,0.0,11.0
0.8200000000000001,6.16,9.27,0.0,11.0
0.8300000000000001,6.16,9.33,0.0,6.0
0.84,6.15,9.39,-1.0,6.0
0.85,6.14,9.42,-1.0,3.0
0.86,6.14,9.45,0.0,3.0
0.87,6.14,9.49,0.0,4.0
0.88,6.13,9.57,-1.0,8.0
0.89,6.12,9.63,-1.0,6.0
0.9,6.11,9.74,-1.0,11.0
0.91,6.1,9.84,-1.0,10.0
0.92,6.1,9.92,0.0,8.0
0.93,6.1,9.98,0.0,6.0
0.9400000000000001,6.1,10.03,0.0,5.0
0.9500000000000001,6.1,10.08,0.0,5.0
0.96,6.1,10.13,0.0,5.0
0.97,6.1,10.18,0.0,5.0
0.98,6.1,10.25,0.0,7.0
0.99,6.1,10.29,0.0,4.0
1.0,6.1,10.36,0.0,7.0
1.01,6.1,10.44,0.0,8.0
1.02,6.1,10.5,0.0,6.0
1.03,6.1,10.52,0.0,2.0
1.04,6.1,10.52,0.0,0.0
1.05,6.1,10.55,0.0,3.0
1.06,6.1,10.62,0.0,7.0
1.07,6.1,10.66,0.0,4.0
1.08,6.11,10.72,1.0,6.0
1.09,6.12,10.78,1.0,6.0
1.1,6.13,10.86,1.0,8.0
1.11,6.13,10.98,0.0,12.0
1.12,6.15,11.06,2.0,8.0
1.1300000000000001,6.16,11.12,1.0,6.0
1.1400000000000001,6.17,11.15,1.0,3.0
1.1500000000000001,6.18,11.18,1.0,3.0
1.16,6.19,11.21,1.0,3.0
1.17,6.2,11.25,1.0,4.0
1.18,6.2,11.3,0.0,5.0
1.19,6.19,11.32,-1.0,2.0
1.2,6.18,11.35,-1.0,3.0
1.21,6.17,11.37,-1.0,2.0
1.22,6.17,11.39,0.0,2.0
1.23,6.15,11.42,-2.0,3.0
1.24,6.12,11.44,-3.0,2.0
1.25,6.11,11.46,-1.0,2.0
1.26,6.09,11.49,-2.0,3.0
1.27,6.08,11.53,-1.0,4.0
1.28,6.06,11.58,-2.0,5.0
1.29,6.06,11.62,0.0,4.0
1.3,6.05,11.66,-1.0,4.0
1.31,6.05,11.7,0.0,4.0
1.32,6.04,11.78,-1.0,8.0
1.33,6.05,11.84,1.0,6.0
1.34,6.07,11.88,2.0,4.0
1.35,6.11,11.92,4.0,4.0
1.36,6.14,11.94,3.0,2.0
1.37,6.19,11.97,5.0,3.0
1.3800000000000001,6.27,12.03,8.0,6.0
1.3900000000000001,6.33,12.06,6.0,3.0
1.4000000000000001,6.39,12.1,6.0,4.0
1.41,6.45,12.11,6.0,1.0
1.42,6.49,12.14,4.0,3.0
1.43,6.56,12.16,7.0,2.0
1.44,6.62,12.17,6.0,1.0
1.45,6.69,12.18,7.0,1.0
1.46,6.77,12.2,8.0,2.0
1.47,6.86,12.22,9.0,2.0
1.48,6.95,12.24,9.0,2.0
1.49,7.02,12.26,7.0,2.0
1.5,7.13,12.29,11.0,3.0
1.51,7.24,12.31,11.0,2.0
1.52,7.32,12.32,8.0,1.0
1.53,7.39,12.33,7.0,1.0
1.54,7.46,12.33,7.0,0.0
1.55,7.6,12.34,14.0,1.0
1.56,7.75,12.36,15.0,2.0
1.57,7.84,12.38,9.0,2.0
1.58,7.98,12.38,14.0,0.0
1.59,8.11,12.39,13.0,1.0
1.6,8.23,12.41,12.0,2.0
1.61,8.38,12.43,15.0,2.0
1.62,8.51,12.45,13.0,2.0
1.6300000000000001,8.65,12.47,14.0,2.0
1.6400000000000001,8.81,12.47,16.0,0.0
1.6500000000000001,8.99,12.48,18.0,1.0
1.6600000000000001,9.18,12.49,19.0,1.0
1.67,9.31,12.49,13.0,0.0
1.68,9.44,12.49,13.0,0.0
1.69,9.62,12.49,18.0,0.0
1.7,9.79,12.48,17.0,-1.0
1.71,10.03,12.48,24.0,0.0
1.72,10.18,12.48,15.0,0.0
1.73,10.38,12.48,20.0,0.0
1.74,10.57,12.48,19.0,0.0
1.75,10.73,12.47,16.0,-1.0
1.76,10.88,12.46,15.0,-1.0
1.77,11.02,12.45,14.0,-1.0
1.78,11.14,12.42,12.0,-3.0
1.79,11.31,12.4,17.0,-2.0
1.8,11.43,12.36,12.0,-4.0
1.81,11.54,12.32,11.0,-4.0
1.82,11.61,12.29,7.0,-3.0
1.83,11.66,12.26,5.0,-3.0
1.84,11.75,12.22,9.0,-4.0
1.85,11.82,12.2,7.0,-2.0
1.86,11.89,12.17,7.0,-3.0
1.87,11.93,12.14,4.0,-3.0
1.8800000000000001,11.98,12.11,5.0,-3.0
1.8900000000000001,12.05,12.07,7.0,-4.0
1.9000000000000001,12.14,12.03,9.0,-4.0
1.9100000000000001,12.26,11.98,12.0,-5.0
1.92,12.34,11.95,8.0,-3.0
1.93,12.43,11.91,9.0,-4.0
1.94,12.49,11.88,6.0,-3.0
1.95,12.56,11.85,7.0,-3.0
1.96,12.65,11.8,9.0,-5.0
1.97,12.75,11.77,10.0,-3.0
1.98,12.85,11.73,10.0,-4.0
1.99,12.88,11.71,3.0,-2.0
2.0,12.91,11.69,3.0,-2.0
2.0100000000000002,12.98,11.66,7.0,-3.0
2.02,13.06,11.62,8.0,-4.0
2.0300000000000002,13.11,11.59,5.0,-3.0
2.04,13.16,11.57,5.0,-2.0
2.05,13.22,11.54,6.0,-3.0
2.06,13.27,11.51,5.0,-3.0
2.07,13.36,11.48,9.0,-3.0
2.08,13.4,11.45,4.0,-3.0
2.09,13.42,11.44,2.0,-1.0
2.1,13.45,11.42,3.0,-2.0
2.11,13.46,11.4,1.0,-2.0
2.12,13.52,11.36,6.0,-4.0
2.13,13.55,11.33,3.0,-3.0
2.14,13.57,11.29,2.0,-4.0
2.15,13.58,11.22,1.0,-7.0
2.16,13.59,11.15,1.0,-7.0
2.17,13.59,11.08,0.0,-7.0
2.18,13.59,10.98,0.0,-10.0
2.19,13.59,10.89,0.0,-9.0
2.2,13.59,10.78,0.0,-11.0
2.21,13.59,10.71,0.0,-7.0
2.22,13.59,10.63,0.0,-8.0
2.23,13.58,10.51,-1.0,-12.0
2.24,13.57,10.38,-1.0,-13.0
2.25,13.55,10.24,-2.0,-14.0
2.2600000000000002,13.55,10.13,0.0,-11.0
2.27,13.53,10.02,-2.0,-11.0
2.2800000000000002,13.51,9.88,-2.0,-14.0
2.29,13.49,9.75,-2.0,-13.0
2.3000000000000003,13.46,9.6,-3.0,-15.0
2.31,13.45,9.5,-1.0,-10.0
2.32,13.44,9.4,-1.0,-10.0
2.33,13.41,9.25,-3.0,-15.0
2.34,13.38,9.13,-3.0,-12.0
2.35,13.35,9.03,-3.0,-10.0
2.36,13.32,8.89,-3.0,-14.0
2.37,13.28,8.77,-4.0,-12.0
2.38,13.25,8.62,-3.0,-15.0
2.39,13.22,8.51,-3.0,-11.0
2.4,13.2,8.42,-2.0,-9.0
2.41,13.17,8.3,-3.0,-12.0
2.42,13.14,8.2,-3.0,-10.0
2.43,13.11,8.09,-3.0,-11.0
2.44,13.07,7.96,-4.0,-13.0
2.45,13.04,7.84,-3.0,-12.0
2.46,13.0,7.72,-4.0,-12.0
2.47,12.95,7.58,-5.0,-14.0
2.48,12.9,7.47,-5.0,-11.0
2.49,12.84,7.34,-6.0,-13.0
2.5,12.8,7.24,-4.0,-10.0
2.5100000000000002,12.76,7.15,-4.0,-9.0
2.52,12.71,7.06,-5.0,-9.0
2.5300000000000002,12.66,6.99,-5.0,-7.0
2.54,12.6,6.89,-6.0,-10.0
2.5500000000000003,12.55,6.8,-5.0,-9.0
2.56,12.5,6.73,-5.0,-7.0
2.57,12.44,6.64,-6.0,-9.0
2.58,12.4,6.58,-4.0,-6.0
2.59,12.35,6.52,-5.0,-6.0
2.6,12.29,6.43,-6.0,-9.0
2.61,12.24,6.35,-5.0,-8.0
2.62,12.16,6.24,-8.0,-11.0
2.63,12.1,6.16,-6.0,-8.0
2.64,12.05,6.08,-5.0,-8.0
2.65,11.98,5.96,-7.0,-12.0
2.66,11.92,5.87,-6.0,-9.0
2.67,11.84,5.75,-8.0,-12.0
2.68,11.78,5.65,-6.0,-10.0
2.69,11.73,5.56,-5.0,-9.0
2.7,11.68,5.48,-5.0,-8.0
2.71,11.62,5.41,-6.0,-7.0
2.72,11.57,5.33,-5.0,-8.0
2.73,11.51,5.24,-6.0,-9.0
2.74,11.46,5.17,-5.0,-7.0
2.75,11.41,5.1,-5.0,-7.0
2.7600000000000002,11.37,5.04,-4.0,-6.0
2.77,11.33,4.99,-4.0,-5.0
2.7800000000000002,11.29,4.93,-4.0,-6.0
2.79,11.24,4.87,-5.0,-6.0
2.8000000000000003,11.19,4.79,-5.0,-8.0
2.81,11.14,4.7,-5.0,-9.0
2.82,11.08,4.62,-6.0,-8.0
2.83,11.03,4.53,-5.0,-9.0
2.84,10.98,4.46,-5.0,-7.0
2.85,10.93,4.39,-5.0,-7.0
2.86,10.9,4.35,-3.0,-4.0
2.87,10.87,4.3,-3.0,-5.0
2.88,10.83,4.24,-4.0,-6.0
2.89,10.79,4.17,-4.0,-7.0
2.9,10.74,4.11,-5.0,-6.0
2.91,10.69,4.03,-5.0,-8.0
2.92,10.66,3.96,-3.0,-7.0
2.93,10.64,3.9,-2.0,-6.0
2.94,10.63,3.86,-1.0,-4.0
2.95,10.62,3.8,-1.0,-6.0
2.96,10.61,3.77,-1.0,-3.0
2.97,10.61,3.76,0.0,-1.0
2.98,10.61,3.75,0.0,-1.0
2.99,10.61,3.75,0.0,0.0
3.0,10.61,3.75,0.0,0.0
3.0100000000000002,10.61,3.75,0.0,0.0
3.02,10.61,3.75,0.0,0.0
