0.01,8.9,3.7,0.0,0.0
0.02,8.9,3.7,0.0,0.0
0.03,8.9,3.7,0.0,0.0
0.04,8.9,3.71,0.0,1.0
0.05,8.9,3.71,0.0,0.0
0.06,8.9,3.71,0.0,0.0
0.07,8.87,3.74,-3.0,3.0
0.08,8.84,3.78,-3.0,4.0
0.09,8.81,3.83,-3.0,5.0
0.1,8.76,3.9,-5.0,7.0
0.11,8.72,3.96,-4.0,6.0
0.12,8.68,4.0,-4.0,4.0
0.13,8.64,4.05,-4.0,5.0
0.14,8.61,4.08,-3.0,3.0
0.15,8.55,4.12,-6.0,4.0
0.16,8.52,4.15,-3.0,3.0
0.17,8.47,4.18,-5.0,3.0
0.18,8.38,4.23,-9.0,5.0
0.19,8.3,4.29,-8.0,6.0
0.2,8.22,4.35,-8.0,6.0
0.21,8.17,4.39,-5.0,4.0
0.22,8.11,4.45,-6.0,6.0
0.23,8.04,4.52,-7.0,7.0
0.24,7.98,4.58,-6.0,6.0
0.25,7.92,4.65,-6.0,7.0
0.26,7.86,4.7,-6.0,5.0
0.27,7.8,4.77,-6.0,7.0
0.28,7.75,4.82,-5.0,5.0
0.29,7.69,4.88,-6.0,6.0
0.3,7.63,4.93,-6.0,5.0
0.31,7.55,4.98,-8.0,5.0
0.32,7.5,5.02,-5.0,4.0
0.33,7.42,5.08,-8.0,6.0
0.34,7.36,5.11,-6.0,3.0
0.35000000000000003,7.3,5.17,-6.0,6.0
0.36,7.23,5.23,-7.0,6.0
0.37,7.15,5.3,-8.0,7.0
0.38,7.07,5.37,-8.0,7.0
0.39,7.02,5.42,-5.0,5.0
0.4,6.94,5.49,-8.0,7.0
0.41000000000000003,6.9,5.53,-4.0,4.0
0.42,6.84,5.58,-6.0,5.0
0.43,6.8,5.6,-4.0,2.0
0.44,6.77,5.63,-3.0,3.0
0.45,6.68,5.69,-9.0,6.0
0.46,6.61,5.76,-7.0,7.0
0.47000000000000003,6.53,5.83,-8.0,7.0
0.48,6.47,5.9,-6.0,7.0
0.49,6.39,5.98,-8.0,8.0
0.5,6.33,6.06,-6.0,8.0
0.51,6.26,6.14,-7.0,8.0
0.52,6.18,6.25,-8.0,11.0
0.53,6.14,6.33,-4.0,8.0
0.54,6.08,6.4,-6.0,7.0
0.55,6.04,6.47,-4.0,7.0
0.56,5.98,6.56,-6.0,9.0
0.5700000000000001,5.95,6.61,-3.0,5.0
0.58,5.91,6.67,-4.0,6.0
0.59,5.85,6.75,-6.0,8.0
0.6,5.79,6.83,-6.0,8.0
0.61,5.75,6.89,-4.0,6.0
0.62,5.69,6.97,-6.0,8.0
0.63,5.66,7.03,-3.0,6.0
0.64,5.61,7.1,-5.0,7.0
0.65,5.58,7.15,-3.0,5.0
0.66,5.54,7.21,-4.0,6.0
0.67,5.51,7.26,-3.0,5.0
0.68,5.48,7.29,-3.0,3.0
0.6900000000000001,5.45,7.34,-3.0,5.0
0.7000000000000001,5.42,7.39,-3.0,5.0
0.71,5.39,7.42,-3.0,3.0
0.72,5.36,7.48,-3.0,6.0
0.73,5.33,7.52,-3.0,4.0
0.74,5.29,7.59,-4.0,7.0
0.75,5.27,7.62,-2.0,3.0
0.76,5.25,7.68,-2.0,6.0
0.77,5.22,7.75,-3.0,7.0
0.78,5.2,7.8,-2.0,5.0
0.79,5.18,7.84,-2.0,4.0
0.8,5.16,7.87,-2.0,3.0
0.81,5.15,7.91,-1.0,4.0
0.8200000000000001,5.14,7.94,-1.0,3.0
0.8300000000000001,5.13,7.95,-1.0,1.0
0.84,5.13,7.95,0.0,0.0
0.85,5.14,7.99,1.0,4.0
0.86,5.15,8.03,1.0,4.0
0.87,5.15,8.08,0.0,5.0
0.88,5.15,8.11,0.0,3.0
0.89,5.15,8.12,0.0,1.0
0.9,5.15,8.16,0.0,4.0
0.91,5.15,8.19,0.0,3.0
0.92,5.15,8.22,0.0,3.0
0.93,5.15,8.24,0.0,2.0
0.9400000000000001,5.15,8.27,0.0,3.0
0.9500000000000001,5.16,8.3,1.0,3.0
0.96,5.18,8.34,2.0,4.0
0.97,5.2,8.37,2.0,3.0
0.98,5.22,8.4,2.0,3.0
0.99,5.24,8.43,2.0,3.0
1.0,5.26,8.45,2.0,2.0
1.01,5.28,8.48,2.0,3.0
1.02,5.31,8.49,3.0,1.0
1.03,5.34,8.51,3.0,2.0
1.04,5.37,8.53,3.0,2.0
1.05,5.42,8.56,5.0,3.0
1.06,5.47,8.58,5.0,2.0
1.07,5.52,8.6,5.0,2.0
1.08,5.57,8.61,5.0,1.0
1.09,5.62,8.62,5.0,1.0
1.1,5.71,8.63,9.0,1.0
1.11,5.79,8.65,8.0,2.0
1.12,5.89,8.66,10.0,1.0
1.1300000000000001,5.96,8.67,7.0,1.0
1.1400000000000001,6.06,8.67,10.0,0.0
1.1500000000000001,6.13,8.67,7.0,0.0
1.16,6.25,8.67,12.0,0.0
1.17,6.33,8.67,8.0,0.0
1.18,6.42,8.67,9.0,0.0
1.19,6.56,8.67,14.0,0.0
1.2,6.68,8.67,12.0,0.0
1.21,6.78,8.67,10.0,0.0
1.22,6.91,8.67,13.0,0.0
1.23,7.05,8.67,14.0,0.0
1.24,7.21,8.67,16.0,0.0
1.25,7.4,8.67,19.0,0.0
1.26,7.54,8.67,14.0,0.0
1.27,7.71,8.67,17.0,0.0
1.28,7.9,8.66,19.0,-1.0
1.29,8.05,8.66,15.0,0.0
1.3,8.19,8.64,14.0,-2.0
1.31,8.3,8.59,11.0,-5.0
1.32,8.43,8.55,13.0,-4.0
1.33,8.52,8.52,9.0,-3.0
1.34,8.59,8.51,7.0,-1.0
1.35,8.72,8.5,13.0,-1.0
1.36,8.81,8.49,9.0,-1.0
1.37,8.9,8.48,9.0,-1.0
1.3800000000000001,9.0,8.47,10.0,-1.0
1.3900000000000001,9.1,8.44,10.0,-3.0
1.4000000000000001,9.23,8.4,13.0,-4.0
1.41,9.33,8.38,10.0,-2.0
1.42,9.49,8.35,16.0,-3.0
1.43,9.6,8.32,11.0,-3.0
1.44,9.72,8.28,12.0,-4.0
1.45,9.91,8.2,19.0,-8.0
1.46,10.03,8.15,12.0,-5.0
1.47,10.18,8.08,15.0,-7.0
1.48,10.28,8.03,10.0,-5.0
1.49,10.39,7.95,11.0,-8.0
1.5,10.44,7.9,5.0,-5.0
1.51,10.48,7.82,4.0,-8.0
1.52,10.53,7.76,5.0,-6.0
1.53,10.64,7.68,11.0,-8.0
1.54,10.76,7.62,12.0,-6.0
1.55,10.82,7.6,6.0,-2.0
1.56,10.92,7.55,10.0,-5.0
1.57,11.03,7.49,11.0,-6.0
1.58,11.12,7.45,9.0,-4.0
1.59,11.27,7.4,15.0,-5.0
1.6,11.35,7.35,8.0,-5.0
1.61,11.42,7.32,7.0,-3.0
1.62,11.51,7.26,9.0,-6.0
1.6300000000000001,11.56,7.23,5.0,-3.0
1.6400000000000001,11.64,7.18,8.0,-5.0
1.6500000000000001,11.7,7.13,6.0,-5.0
1.6600000000000001,11.8,7.07,10.0,-6.0
1.67,11.88,7.01,8.0,-6.0
1.68,11.97,6.95,9.0,-6.0
1.69,12.08,6.88,11.0,-7.0
1.7,12.16,6.82,8.0,-6.0
1.71,12.27,6.74,11.0,-8.0
1.72,12.36,6.69,9.0,-5.0
1.73,12.47,6.64,11.0,-5.0
1.74,12.6,6.57,13.0,-7.0
1.75,12.72,6.51,12.0,-6.0
1.76,12.82,6.45,10.0,-6.0
1.77,12.9,6.41,8.0,-4.0
1.78,12.98,6.34,8.0,-7.0
1.79,13.05,6.3,7.0,-4.0
1.8,13.09,6.27,4.0,-3.0
1.81,13.1,6.23,1.0,-4.0
1.82,13.13,6.18,3.0,-5.0
1.83,13.18,6.1,5.0,-8.0
1.84,13.26,6.0,8.0,-10.0
1.85,13.3,5.93,4.0,-7.0
1.86,13.34,5.86,4.0,-7.0
1.87,13.4,5.77,6.0,-9.0
1.8800000000000001,13.45,5.69,5.0,-8.0
1.8900000000000001,13.48,5.65,3.0,-4.0
1.9000000000000001,13.51,5.6,3.0,-5.0
1.9100000000000001,13.54,5.55,3.0,-5.0
1.92,13.59,5.48,5.0,-7.0
1.93,13.62,5.4,3.0,-8.0
1.94,13.65,5.32,3.0,-8.0
1.95,13.69,5.23,4.0,-9.0
1.96,13.71,5.17,2.0,-6.0
1.97,13.73,5.11,2.0,-6.0
1.98,13.76,5.04,3.0,-7.0
1.99,13.77,4.99,1.0,-5.0
2.0,13.78,4.92,1.0,-7.0
2.0100000000000002,13.79,4.86,1.0,-6.0
2.02,13.79,4.79,0.0,-7.0
2.0300000000000002,13.79,4.73,0.0,-6.0
2.04,13.78,4.68,-1.0,-5.0
2.05,13.78,4.64,0.0,-4.0
2.06,13.77,4.61,-1.0,-3.0
2.07,13.76,4.57,-1.0,-4.0
2.08,13.75,4.53,-1.0,-4.0
2.09,13.74,4.49,-1.0,-4.0
2.1,13.72,4.44,-2.0,-5.0
2.11,13.71,4.4,-1.0,-4.0
2.12,13.7,4.36,-1.0,-4.0
2.13,13.66,4.31,-4.0,-5.0
2.14,13.64,4.28,-2.0,-3.0
2.15,13.62,4.23,-2.0,-5.0
2.16,13.59,4.18,-3.0,-5.0
2.17,13.57,4.15,-2.0,-3.0
2.18,13.55,4.14,-2.0,-1.0
2.19,13.53,4.13,-2.0,-1.0
2.2,13.48,4.12,-5.0,-1.0
2.21,13.44,4.11,-4.0,-1.0
2.22,13.36,4.1,-8.0,-1.0
2.23,13.31,4.1,-5.0,0.0
2.24,13.27,4.1,-4.0,0.0
2.25,13.19,4.09,-8.0,-1.0
2.2600000000000002,13.16,4.08,-3.0,-1.0
2.27,13.12,4.08,-4.0,0.0
2.2800000000000002,13.05,4.07,-7.0,-1.0
2.29,12.99,4.06,-6.0,-1.0
2.3000000000000003,12.93,4.05,-6.0,-1.0
2.31,12.88,4.05,-5.0,0.0
2.32,12.81,4.03,-7.0,-2.0
2.33,12.75,4.02,-6.0,-1.0
2.34,12.7,4.02,-5.0,0.0
2.35,12.62,4.0,-8.0,-2.0
2.36,12.54,3.99,-8.0,-1.0
2.37,12.47,3.97,-7.0,-2.0
2.38,12.4,3.96,-7.0,-1.0
2.39,12.32,3.95,-8.0,-1.0
2.4,12.18,3.95,-14.0,0.0
2.41,12.08,3.94,-10.0,-1.0
2.42,11.99,3.93,-9.0,-1.0
2.43,11.94,3.9,-5.0,-3.0
2.44,11.87,3.89,-7.0,-1.0
2.45,11.8,3.88,-7.0,-1.0
2.46,11.76,3.88,-4.0,0.0
2.47,11.73,3.87,-3.0,-1.0
2.48,11.72,3.87,-1.0,0.0
2.49,11.65,3.87,-7.0,0.0
2.5,11.57,3.87,-8.0,0.0
2.5100000000000002,11.49,3.87,-8.0,0.0
2.52,11.42,3.87,-7.0,0.0
2.5300000000000002,11.33,3.87,-9.0,0.0
2.54,11.27,3.87,-6.0,0.0
2.5500000000000003,11.24,3.87,-3.0,0.0
2.56,11.17,3.86,-7.0,-1.0
2.57,11.12,3.85,-5.0,-1.0
2.58,11.1,3.84,-2.0,-1.0
2.59,11.1,3.84,0.0,0.0
2.6,11.1,3.84,0.0,0.0
2.61,11.06,3.84,-4.0,0.0
2.62,10.93,3.82,-13.0,-2.0
2.63,10.89,3.81,-4.0,-1.0
2.64,10.85,3.81,-4.0,0.0
2.65,10.8,3.81,-5.0,0.0
2.66,10.76,3.81,-4.0,0.0
2.67,10.71,3.81,-5.0,0.0
2.68,10.7,3.81,-1.0,0.0
2.69,10.66,3.82,-4.0,1.0
2.7,10.64,3.82,-2.0,0.0
2.71,10.61,3.82,-3.0,0.0
2.72,10.57,3.82,-4.0,0.0
2.73,10.57,3.82,0.0,0.0
2.74,10.57,3.82,0.0,0.0
2.75,10.57,3.82,0.0,0.0
