0.01,8.88,3.69,0.0,0.0
0.02,8.88,3.69,0.0,0.0
0.03,8.88,3.69,0.0,0.0
0.04,8.88,3.7,0.0,1.0
0.05,8.88,3.7,0.0,0.0
0.06,8.87,3.7,-1.0,0.0
0.07,8.84,3.74,-3.0,4.0
0.08,8.81,3.77,-3.0,3.0
0.09,8.77,3.81,-4.0,4.0
0.1,8.72,3.87,-5.0,6.0
0.11,8.68,3.91,-4.0,4.0
0.12,8.59,3.97,-9.0,6.0
0.13,8.53,4.01,-6.0,4.0
0.14,8.46,4.05,-7.0,4.0
0.15,8.41,4.09,-5.0,4.0
0.16,8.31,4.14,-10.0,5.0
0.17,8.23,4.18,-8.0,4.0
0.18,8.14,4.23,-9.0,5.0
0.19,8.07,4.27,-7.0,4.0
0.2,8.01,4.31,-6.0,4.0
0.21,7.95,4.36,-6.0,5.0
0.22,7.85,4.42,-10.0,6.0
0.23,7.8,4.46,-5.0,4.0
0.24,7.69,4.54,-11.0,8.0
0.25,7.58,4.61,-11.0,7.0
0.26,7.5,4.67,-8.0,6.0
0.27,7.37,4.74,-13.0,7.0
0.28,7.29,4.8,-8.0,6.0
0.29,7.17,4.87,-12.0,7.0
0.3,7.05,4.95,-12.0,8.0
0.31,6.92,5.02,-13.0,7.0
0.32,6.86,5.07,-6.0,5.0
0.33,6.76,5.12,-10.0,5.0
0.34,6.61,5.2,-15.0,8.0
0.35000000000000003,6.5,5.25,-11.0,5.0
0.36,6.34,5.33,-16.0,8.0
0.37,6.2,5.39,-14.0,6.0
0.38,6.0,5.46,-20.0,7.0
0.39,5.89,5.51,-11.0,5.0
0.4,5.74,5.57,-15.0,6.0
0.41000000000000003,5.63,5.62,-11.0,5.0
0.42,5.55,5.66,-8.0,4.0
0.43,5.46,5.72,-9.0,6.0
0.44,5.39,5.76,-7.0,4.0
0.45,5.27,5.84,-12.0,8.0
0.46,5.18,5.9,-9.0,6.0
0.47000000000000003,5.05,5.99,-13.0,9.0
0.48,4.94,6.07,-11.0,8.0
0.49,4.84,6.14,-10.0,7.0
0.5,4.74,6.22,-10.0,8.0
0.51,4.67,6.28,-7.0,6.0
0.52,4.58,6.35,-9.0,7.0
0.53,4.51,6.41,-7.0,6.0
0.54,4.38,6.51,-13.0,10.0
0.55,4.3,6.57,-8.0,6.0
0.56,4.2,6.64,-10.0,7.0
0.5700000000000001,4.12,6.69,-8.0,5.0
0.58,3.99,6.78,-13.0,9.0
0.59,3.88,6.86,-11.0,8.0
0.6,3.74,6.97,-14.0,11.0
0.61,3.63,7.05,-11.0,8.0
0.62,3.49,7.14,-14.0,9.0
0.63,3.41,7.19,-8.0,5.0
0.64,3.34,7.24,-7.0,5.0
0.65,3.25,7.3,-9.0,6.0
0.66,3.18,7.35,-7.0,5.0
0.67,3.1,7.41,-8.0,6.0
0.68,3.05,7.44,-5.0,3.0
0.6900000000000001,2.97,7.5,-8.0,6.0
0.7000000000000001,2.89,7.56,-8.0,6.0
0.71,2.78,7.66,-11.0,10.0
0.72,2.68,7.74,-10.0,8.0
0.73,2.56,7.84,-12.0,10.0
0.74,2.44,7.95,-12.0,11.0
0.75,2.38,8.01,-6.0,6.0
0.76,2.3,8.07,-8.0,6.0
0.77,2.24,8.11,-6.0,4.0
0.78,2.21,8.13,-3.0,2.0
0.79,2.21,8.13,0.0,0.0
0.8,2.21,8.13,0.0,0.0
0.81,2.13,8.19,-8.0,6.0
0.8200000000000001,2.03,8.25,-10.0,6.0
0.8300000000000001,1.97,8.29,-6.0,4.0
0.84,1.91,8.33,-6.0,4.0
0.85,1.83,8.4,-8.0,7.0
0.86,1.75,8.47,-8.0,7.0
0.87,1.67,8.52,-8.0,5.0
0.88,1.61,8.56,-6.0,4.0
0.89,1.52,8.62,-9.0,6.0
0.9,1.4,8.71,-12.0,9.0
0.91,1.29,8.8,-11.0,9.0
0.92,1.16,8.89,-13.0,9.0
0.93,1.08,8.97,-8.0,8.0
0.9400000000000001,1.01,9.05,-7.0,8.0
0.9500000000000001,0.97,9.1,-4.0,5.0
0.96,0.93,9.15,-4.0,5.0
0.97,0.91,9.18,-2.0,3.0
0.98,0.86,9.22,-5.0,4.0
0.99,0.8,9.27,-6.0,5.0
1.0,0.78,9.31,-2.0,4.0
1.01,0.73,9.37,-5.0,6.0
1.02,0.7,9.41,-3.0,4.0
1.03,0.67,9.44,-3.0,3.0
1.04,0.65,9.47,-2.0,3.0
1.05,0.6,9.52,-5.0,5.0
1.06,0.56,9.56,-4.0,4.0
1.07,0.53,9.6,-3.0,4.0
1.08,0.51,9.65,-2.0,5.0
1.09,0.48,9.68,-3.0,3.0
1.1,0.44,9.74,-4.0,6.0
1.11,0.42,9.79,-2.0,5.0
1.12,0.38,9.85,-4.0,6.0
1.1300000000000001,0.36,9.89,-2.0,4.0
1.1400000000000001,0.34,9.92,-2.0,3.0
1.1500000000000001,0.33,9.97,-1.0,5.0
1.16,0.32,9.99,-1.0,2.0
1.17,0.31,10.02,-1.0,3.0
1.18,0.3,10.05,-1.0,3.0
1.19,0.29,10.08,-1.0,3.0
1.2,0.28,10.12,-1.0,4.0
1.21,0.26,10.16,-2.0,4.0
1.22,0.25,10.21,-1.0,5.0
1.23,0.25,10.26,0.0,5.0
1.24,0.24,10.29,-1.0,3.0
1.25,0.24,10.33,0.0,4.0
1.26,0.25,10.38,1.0,5.0
1.27,0.26,10.42,1.0,4.0
1.28,0.28,10.47,2.0,5.0
1.29,0.31,10.52,3.0,5.0
1.3,0.34,10.56,3.0,4.0
1.31,0.35,10.59,1.0,3.0
1.32,0.36,10.61,1.0,2.0
1.33,0.39,10.65,3.0,4.0
1.34,0.43,10.7,4.0,5.0
1.35,0.49,10.76,6.0,6.0
1.36,0.55,10.81,6.0,5.0
1.37,0.65,10.87,10.0,6.0
1.3800000000000001,0.76,10.93,11.0,6.0
1.3900000000000001,0.88,11.0,12.0,7.0
1.4000000000000001,0.98,11.03,10.0,3.0
1.41,1.08,11.08,10.0,5.0
1.42,1.18,11.12,10.0,4.0
1.43,1.3,11.17,12.0,5.0
1.44,1.5,11.26,20.0,9.0
1.45,1.66,11.31,16.0,5.0
1.46,1.81,11.38,15.0,7.0
1.47,1.92,11.43,11.0,5.0
1.48,2.13,11.49,21.0,6.0
1.49,2.28,11.52,15.0,3.0
1.5,2.48,11.57,20.0,5.0
1.51,2.64,11.62,16.0,5.0
1.52,2.79,11.65,15.0,3.0
1.53,2.94,11.7,15.0,5.0
1.54,3.03,11.73,9.0,3.0
1.55,3.13,11.75,10.0,2.0
1.56,3.21,11.78,8.0,3.0
1.57,3.33,11.82,12.0,4.0
1.58,3.41,11.84,8.0,2.0
1.59,3.49,11.85,8.0,1.0
1.6,3.59,11.88,10.0,3.0
1.61,3.71,11.91,12.0,3.0
1.62,3.87,11.97,16.0,6.0
1.6300000000000001,4.0,12.01,13.0,4.0
1.6400000000000001,4.22,12.07,22.0,6.0
1.6500000000000001,4.37,12.13,15.0,6.0
1.6600000000000001,4.54,12.17,17.0,4.0
1.67,4.73,12.21,19.0,4.0
1.68,4.9,12.26,17.0,5.0
1.69,5.07,12.3,17.0,4.0
1.7,5.28,12.35,21.0,5.0
1.71,5.44,12.4,16.0,5.0
1.72,5.6,12.43,16.0,3.0
1.73,5.72,12.47,12.0,4.0
1.74,5.85,12.49,13.0,2.0
1.75,5.98,12.51,13.0,2.0
1.76,6.09,12.53,11.0,2.0
1.77,6.24,12.55,15.0,2.0
1.78,6.34,12.57,10.0,2.0
1.79,6.47,12.59,13.0,2.0
1.8,6.56,12.61,9.0,2.0
1.81,6.68,12.65,12.0,4.0
1.82,6.79,12.68,11.0,3.0
1.83,7.0,12.72,21.0,4.0
1.84,7.16,12.75,16.0,3.0
1.85,7.32,12.77,16.0,2.0
1.86,7.49,12.81,17.0,4.0
1.87,7.66,12.83,17.0,2.0
1.8800000000000001,7.85,12.86,19.0,3.0
1.8900000000000001,8.01,12.88,16.0,2.0
1.9000000000000001,8.25,12.9,24.0,2.0
1.9100000000000001,8.43,12.91,18.0,1.0
1.92,8.56,12.91,13.0,0.0
1.93,8.71,12.91,15.0,0.0
1.94,8.73,12.91,2.0,0.0
1.95,8.77,12.9,4.0,-1.0
1.96,8.9,12.89,13.0,-1.0
1.97,9.08,12.89,18.0,0.0
1.98,9.23,12.9,15.0,1.0
1.99,9.48,12.91,25.0,1.0
2.0,9.66,12.91,18.0,0.0
2.0100000000000002,9.78,12.91,12.0,0.0
2.02,9.85,12.94,7.0,3.0
2.0300000000000002,9.96,12.94,11.0,0.0
2.04,10.08,12.94,12.0,0.0
2.05,10.16,12.94,8.0,0.0
2.06,10.29,12.94,13.0,0.0
2.07,10.4,12.94,11.0,0.0
2.08,10.57,12.94,17.0,0.0
2.09,10.76,12.94,19.0,0.0
2.1,10.93,12.94,17.0,0.0
2.11,11.12,12.92,19.0,-2.0
2.12,11.26,12.88,14.0,-4.0
2.13,11.26,12.88,0.0,0.0
2.14,11.4,12.88,14.0,0.0
2.15,11.54,12.87,14.0,-1.0
2.16,11.64,12.84,10.0,-3.0
2.17,11.8,12.79,16.0,-5.0
2.18,11.93,12.75,13.0,-4.0
2.19,12.01,12.74,8.0,-1.0
2.2,12.14,12.72,13.0,-2.0
2.21,12.25,12.71,11.0,-1.0
2.22,12.31,12.7,6.0,-1.0
2.23,12.41,12.68,10.0,-2.0
2.24,12.46,12.65,5.0,-3.0
2.25,12.53,12.64,7.0,-1.0
2.2600000000000002,12.62,12.64,9.0,0.0
2.27,12.67,12.64,5.0,0.0
2.2800000000000002,12.76,12.62,9.0,-2.0
2.29,12.85,12.6,9.0,-2.0
2.3000000000000003,12.94,12.57,9.0,-3.0
2.31,12.98,12.55,4.0,-2.0
2.32,13.05,12.54,7.0,-1.0
2.33,13.12,12.49,7.0,-5.0
2.34,13.19,12.46,7.0,-3.0
2.35,13.25,12.44,6.0,-2.0
2.36,13.3,12.44,5.0,0.0
2.37,13.35,12.42,5.0,-2.0
2.38,13.42,12.39,7.0,-3.0
2.39,13.46,12.35,4.0,-4.0
2.4,13.49,12.33,3.0,-2.0
2.41,13.54,12.31,5.0,-2.0
2.42,13.56,12.29,2.0,-2.0
2.43,13.58,12.25,2.0,-4.0
2.44,13.6,12.21,2.0,-4.0
2.45,13.62,12.13,2.0,-8.0
2.46,13.62,12.04,0.0,-9.0
2.47,13.64,11.95,2.0,-9.0
2.48,13.66,11.89,2.0,-6.0
2.49,13.67,11.78,1.0,-11.0
2.5,13.68,11.66,1.0,-12.0
2.5100000000000002,13.68,11.6,0.0,-6.0
2.52,13.68,11.55,0.0,-5.0
2.5300000000000002,13.67,11.46,-1.0,-9.0
2.54,13.67,11.37,0.0,-9.0
2.5500000000000003,13.66,11.28,-1.0,-9.0
2.56,13.63,11.18,-3.0,-10.0
2.57,13.59,10.99,-4.0,-19.0
2.58,13.57,10.9,-2.0,-9.0
2.59,13.54,10.79,-3.0,-11.0
2.6,13.53,10.69,-1.0,-10.0
2.61,13.5,10.58,-3.0,-11.0
2.62,13.47,10.46,-3.0,-12.0
2.63,13.46,10.39,-1.0,-7.0
2.64,13.42,10.29,-4.0,-10.0
2.65,13.38,10.17,-4.0,-12.0
2.66,13.35,10.08,-3.0,-9.0
2.67,13.31,9.99,-4.0,-9.0
2.68,13.28,9.9,-3.0,-9.0
2.69,13.23,9.79,-5.0,-11.0
2.7,13.19,9.71,-4.0,-8.0
2.71,13.15,9.61,-4.0,-10.0
2.72,13.09,9.48,-6.0,-13.0
2.73,13.05,9.38,-4.0,-10.0
2.74,13.0,9.26,-5.0,-12.0
2.75,12.96,9.14,-4.0,-12.0
2.7600000000000002,12.89,8.96,-7.0,-18.0
2.77,12.84,8.84,-5.0,-12.0
2.7800000000000002,12.78,8.69,-6.0,-15.0
2.79,12.71,8.49,-7.0,-20.0
2.8000000000000003,12.66,8.36,-5.0,-13.0
2.81,12.59,8.15,-7.0,-21.0
2.82,12.54,8.0,-5.0,-15.0
2.83,12.49,7.83,-5.0,-17.0
2.84,12.44,7.71,-5.0,-12.0
2.85,12.4,7.61,-4.0,-10.0
2.86,12.34,7.45,-6.0,-16.0
2.87,12.26,7.29,-8.0,-16.0
2.88,12.22,7.2,-4.0,-9.0
2.89,12.18,7.12,-4.0,-8.0
2.9,12.13,7.03,-5.0,-9.0
2.91,12.06,6.9,-7.0,-13.0
2.92,12.01,6.8,-5.0,-10.0
2.93,11.94,6.69,-7.0,-11.0
2.94,11.9,6.62,-4.0,-7.0
2.95,11.86,6.56,-4.0,-6.0
2.96,11.81,6.47,-5.0,-9.0
2.97,11.76,6.39,-5.0,-8.0
2.98,11.69,6.28,-7.0,-11.0
2.99,11.64,6.18,-5.0,-10.0
3.0,11.57,6.05,-7.0,-13.0
3.0100000000000002,11.49,5.92,-8.0,-13.0
3.02,11.41,5.78,-8.0,-14.0
3.0300000000000002,11.3,5.62,-11.0,-16.0
3.04,11.24,5.49,-6.0,-13.0
3.0500000000000003,11.17,5.34,-7.0,-15.0
3.06,11.11,5.21,-6.0,-13.0
3.0700000000000003,11.08,5.1,-3.0,-11.0
3.08,11.04,5.01,-4.0,-9.0
3.09,11.01,4.92,-3.0,-9.0
3.1,10.97,4.82,-4.0,-10.0
3.11,10.94,4.72,-3.0,-10.0
3.12,10.9,4.61,-4.0,-11.0
3.13,10.87,4.52,-3.0,-9.0
3.14,10.85,4.41,-2.0,-11.0
3.15,10.84,4.32,-1.0,-9.0
3.16,10.83,4.25,-1.0,-7.0
3.17,10.82,4.17,-1.0,-8.0
3.18,10.81,4.1,-1.0,-7.0
3.19,10.8,4.04,-1.0,-6.0
3.2,10.78,3.99,-2.0,-5.0
3.21,10.76,3.94,-2.0,-5.0
3.22,10.74,3.89,-2.0,-5.0
3.23,10.72,3.86,-2.0,-3.0
3.24,10.7,3.83,-2.0,-3.0
3.25,10.68,3.8,-2.0,-3.0
3.2600000000000002,10.66,3.75,-2.0,-5.0
3.27,10.64,3.73,-2.0,-2.0
3.2800000000000002,10.62,3.7,-2.0,-3.0
3.29,10.61,3.68,-1.0,-2.0
3.3000000000000003,10.6,3.67,-1.0,-1.0
3.31,10.59,3.66,-1.0,-1.0
