0.01,8.9,3.7,0.0,0.0
0.02,8.9,3.7,0.0,0.0
0.03,8.9,3.7,0.0,0.0
0.04,8.9,3.7,0.0,0.0
0.05,8.9,3.7,0.0,0.0
0.06,8.9,3.7,0.0,0.0
0.07,8.84,3.79,-6.0,9.0
0.08,8.78,3.88,-6.0,9.0
0.09,8.7,4.0,-8.0,12.0
0.1,8.65,4.07,-5.0,7.0
0.11,8.61,4.11,-4.0,4.0
0.12,8.56,4.15,-5.0,4.0
0.13,8.5,4.2,-6.0,5.0
0.14,8.41,4.27,-9.0,7.0
0.15,8.36,4.32,-5.0,5.0
0.16,8.31,4.36,-5.0,4.0
0.17,8.23,4.42,-8.0,6.0
0.18,8.17,4.46,-6.0,4.0
0.19,8.13,4.49,-4.0,3.0
0.2,8.04,4.55,-9.0,6.0
0.21,7.97,4.6,-7.0,5.0
0.22,7.87,4.68,-10.0,8.0
0.23,7.8,4.75,-7.0,7.0
0.24,7.71,4.83,-9.0,8.0
0.25,7.57,4.92,-14.0,9.0
0.26,7.48,4.99,-9.0,7.0
0.27,7.38,5.05,-10.0,6.0
0.28,7.22,5.16,-16.0,11.0
0.29,7.12,5.23,-10.0,7.0
0.3,7.0,5.31,-12.0,8.0
0.31,6.86,5.41,-14.0,10.0
0.32,6.75,5.48,-11.0,7.0
0.33,6.66,5.55,-9.0,7.0
0.34,6.59,5.62,-7.0,7.0
0.35000000000000003,6.51,5.68,-8.0,6.0
0.36,6.4,5.78,-11.0,10.0
0.37,6.3,5.87,-10.0,9.0
0.38,6.19,5.96,-11.0,9.0
0.39,6.07,6.06,-12.0,10.0
0.4,5.98,6.12,-9.0,6.0
0.41000000000000003,5.88,6.19,-10.0,7.0
0.42,5.81,6.25,-7.0,6.0
0.43,5.74,6.32,-7.0,7.0
0.44,5.64,6.43,-10.0,11.0
0.45,5.56,6.53,-8.0,10.0
0.46,5.47,6.64,-9.0,11.0
0.47000000000000003,5.4,6.75,-7.0,11.0
0.48,5.32,6.85,-8.0,10.0
0.49,5.24,6.96,-8.0,11.0
0.5,5.19,7.02,-5.0,6.0
0.51,5.14,7.07,-5.0,5.0
0.52,5.09,7.13,-5.0,6.0
0.53,5.03,7.19,-6.0,6.0
0.54,4.97,7.25,-6.0,6.0
0.55,4.91,7.31,-6.0,6.0
0.56,4.85,7.35,-6.0,4.0
0.5700000000000001,4.77,7.42,-8.0,7.0
0.58,4.71,7.49,-6.0,7.0
0.59,4.63,7.56,-8.0,7.0
0.6,4.55,7.64,-8.0,8.0
0.61,4.48,7.7,-7.0,6.0
0.62,4.41,7.78,-7.0,8.0
0.63,4.34,7.84,-7.0,6.0
0.64,4.27,7.92,-7.0,8.0
0.65,4.21,8.0,-6.0,8.0
0.66,4.17,8.05,-4.0,5.0
0.67,4.15,8.08,-2.0,3.0
0.68,4.12,8.12,-3.0,4.0
0.6900000000000001,4.08,8.19,-4.0,7.0
0.7000000000000001,4.03,8.24,-5.0,5.0
0.71,4.01,8.29,-2.0,5.0
0.72,3.99,8.31,-2.0,2.0
0.73,3.98,8.32,-1.0,1.0
0.74,3.97,8.38,-1.0,6.0
0.75,3.95,8.41,-2.0,3.0
0.76,3.95,8.44,0.0,3.0
0.77,3.94,8.46,-1.0,2.0
0.78,3.93,8.49,-1.0,3.0
0.79,3.9,8.57,-3.0,8.0
0.8,3.88,8.61,-2.0,4.0
0.81,3.87,8.65,-1.0,4.0
0.8200000000000001,3.86,8.68,-1.0,3.0
0.8300000000000001,3.85,8.71,-1.0,3.0
0.84,3.84,8.73,-1.0,2.0
0.85,3.84,8.77,0.0,4.0
0.86,3.84,8.82,0.0,5.0
0.87,3.84,8.85,0.0,3.0
0.88,3.84,8.87,0.0,2.0
0.89,3.84,8.9,0.0,3.0
0.9,3.84,8.95,0.0,5.0
0.91,3.84,8.99,0.0,4.0
0.92,3.86,9.03,2.0,4.0
0.93,3.88,9.08,2.0,5.0
0.9400000000000001,3.9,9.13,2.0,5.0
0.9500000000000001,3.96,9.18,6.0,5.0
0.96,4.01,9.23,5.0,5.0
0.97,4.08,9.28,7.0,5.0
0.98,4.17,9.32,9.0,4.0
0.99,4.22,9.36,5.0,4.0
1.0,4.29,9.4,7.0,4.0
1.01,4.38,9.43,9.0,3.0
1.02,4.45,9.46,7.0,3.0
1.03,4.51,9.48,6.0,2.0
1.04,4.61,9.52,10.0,4.0
1.05,4.74,9.56,13.0,4.0
1.06,4.85,9.59,11.0,3.0
1.07,4.99,9.64,14.0,5.0
1.08,5.11,9.66,12.0,2.0
1.09,5.26,9.7,15.0,4.0
1.1,5.38,9.73,12.0,3.0
1.11,5.49,9.75,11.0,2.0
1.12,5.62,9.76,13.0,1.0
1.1300000000000001,5.76,9.77,14.0,1.0
1.1400000000000001,5.9,9.79,14.0,2.0
1.1500000000000001,6.06,9.82,16.0,3.0
1.16,6.18,9.84,12.0,2.0
1.17,6.38,9.88,20.0,4.0
1.18,6.56,9.91,18.0,3.0
1.19,6.76,9.94,20.0,3.0
1.2,6.96,9.98,20.0,4.0
1.21,7.17,10.02,21.0,4.0
1.22,7.5,10.08,33.0,6.0
1.23,7.72,10.09,22.0,1.0
1.24,7.89,10.12,17.0,3.0
1.25,8.09,10.13,20.0,1.0
1.26,8.24,10.13,15.0,0.0
1.27,8.48,10.14,24.0,1.0
1.28,8.66,10.16,18.0,2.0
1.29,8.92,10.17,26.0,1.0
1.3,9.13,10.2,21.0,3.0
1.31,9.37,10.2,24.0,0.0
1.32,9.7,10.21,33.0,1.0
1.33,10.0,10.21,30.0,0.0
1.34,10.24,10.21,24.0,0.0
1.35,10.42,10.21,18.0,0.0
1.36,10.64,10.21,22.0,0.0
1.37,10.87,10.2,23.0,-1.0
1.3800000000000001,11.02,10.2,15.0,0.0
1.3900000000000001,11.21,10.2,19.0,0.0
1.4000000000000001,11.37,10.2,16.0,0.0
1.41,11.52,10.2,15.0,0.0
1.42,11.72,10.2,20.0,0.0
1.43,11.88,10.19,16.0,-1.0
1.44,12.02,10.17,14.0,-2.0
1.45,12.13,10.15,11.0,-2.0
1.46,12.26,10.14,13.0,-1.0
1.47,12.41,10.11,15.0,-3.0
1.48,12.5,10.11,9.0,0.0
1.49,12.62,10.11,12.0,0.0
1.5,12.76,10.09,14.0,-2.0
1.51,12.93,10.06,17.0,-3.0
1.52,13.12,10.05,19.0,-1.0
1.53,13.23,10.03,11.0,-2.0
1.54,13.32,10.01,9.0,-2.0
1.55,13.44,9.97,12.0,-4.0
1.56,13.57,9.95,13.0,-2.0
1.57,13.65,9.94,8.0,-1.0
1.58,13.74,9.92,9.0,-2.0
1.59,13.84,9.91,10.0,-1.0
1.6,13.94,9.89,10.0,-2.0
1.61,14.02,9.86,8.0,-3.0
1.62,14.13,9.82,11.0,-4.0
1.6300000000000001,14.23,9.79,10.0,-3.0
1.6400000000000001,14.32,9.77,9.0,-2.0
1.6500000000000001,14.41,9.74,9.0,-3.0
1.6600000000000001,14.52,9.69,11.0,-5.0
1.67,14.63,9.66,11.0,-3.0
1.68,14.67,9.65,4.0,-1.0
1.69,14.73,9.62,6.0,-3.0
1.7,14.82,9.59,9.0,-3.0
1.71,14.88,9.57,6.0,-2.0
1.72,14.94,9.56,6.0,-1.0
1.73,14.99,9.54,5.0,-2.0
1.74,15.04,9.52,5.0,-2.0
1.75,15.1,9.49,6.0,-3.0
1.76,15.16,9.46,6.0,-3.0
1.77,15.18,9.44,2.0,-2.0
1.78,15.18,9.44,0.0,0.0
1.79,15.21,9.42,3.0,-2.0
1.8,15.29,9.37,8.0,-5.0
1.81,15.33,9.34,4.0,-3.0
1.82,15.37,9.3,4.0,-4.0
1.83,15.42,9.24,5.0,-6.0
1.84,15.45,9.21,3.0,-3.0
1.85,15.47,9.19,2.0,-2.0
1.86,15.5,9.14,3.0,-5.0
1.87,15.52,9.12,2.0,-2.0
1.8800000000000001,15.52,9.12,0.0,0.0
1.8900000000000001,15.55,9.06,3.0,-6.0
1.9000000000000001,15.56,9.03,1.0,-3.0
1.9100000000000001,15.58,8.97,2.0,-6.0
1.92,15.58,8.91,0.0,-6.0
1.93,15.58,8.83,0.0,-8.0
1.94,15.56,8.71,-2.0,-12.0
1.95,15.55,8.62,-1.0,-9.0
1.96,15.53,8.51,-2.0,-11.0
1.97,15.49,8.38,-4.0,-13.0
1.98,15.46,8.25,-3.0,-13.0
1.99,15.44,8.12,-2.0,-13.0
2.0,15.42,8.04,-2.0,-8.0
2.0100000000000002,15.4,7.97,-2.0,-7.0
2.02,15.36,7.88,-4.0,-9.0
2.0300000000000002,15.31,7.78,-5.0,-10.0
2.04,15.24,7.68,-7.0,-10.0
2.05,15.16,7.57,-8.0,-11.0
2.06,15.08,7.46,-8.0,-11.0
2.07,15.0,7.34,-8.0,-12.0
2.08,14.93,7.26,-7.0,-8.0
2.09,14.8,7.15,-13.0,-11.0
2.1,14.7,7.06,-10.0,-9.0
2.11,14.59,6.96,-11.0,-10.0
2.12,14.48,6.85,-11.0,-11.0
2.13,14.35,6.73,-13.0,-12.0
2.14,14.18,6.57,-17.0,-16.0
2.15,14.04,6.44,-14.0,-13.0
2.16,13.91,6.32,-13.0,-12.0
2.17,13.75,6.18,-16.0,-14.0
2.18,13.65,6.06,-10.0,-12.0
2.19,13.47,5.9,-18.0,-16.0
2.2,13.35,5.78,-12.0,-12.0
2.21,13.26,5.69,-9.0,-9.0
2.22,13.16,5.61,-10.0,-8.0
2.23,13.05,5.54,-11.0,-7.0
2.24,12.92,5.44,-13.0,-10.0
2.25,12.82,5.37,-10.0,-7.0
2.2600000000000002,12.73,5.31,-9.0,-6.0
2.27,12.59,5.24,-14.0,-7.0
2.2800000000000002,12.5,5.18,-9.0,-6.0
2.29,12.41,5.12,-9.0,-6.0
2.3000000000000003,12.29,5.04,-12.0,-8.0
2.31,12.19,4.97,-10.0,-7.0
2.32,12.09,4.9,-10.0,-7.0
2.33,12.01,4.83,-8.0,-7.0
2.34,11.92,4.77,-9.0,-6.0
2.35,11.8,4.69,-12.0,-8.0
2.36,11.7,4.61,-10.0,-8.0
2.37,11.56,4.52,-14.0,-9.0
2.38,11.45,4.44,-11.0,-8.0
2.39,11.36,4.36,-9.0,-8.0
2.4,11.27,4.28,-9.0,-8.0
2.41,11.16,4.19,-11.0,-9.0
2.42,11.11,4.16,-5.0,-3.0
2.43,11.05,4.12,-6.0,-4.0
2.44,11.0,4.08,-5.0,-4.0
2.45,10.93,4.03,-7.0,-5.0
2.46,10.88,3.98,-5.0,-5.0
2.47,10.81,3.92,-7.0,-6.0
2.48,10.76,3.88,-5.0,-4.0
2.49,10.72,3.84,-4.0,-4.0
2.5,10.71,3.81,-1.0,-3.0
2.5100000000000002,10.69,3.78,-2.0,-3.0
2.52,10.66,3.74,-3.0,-4.0
2.5300000000000002,10.65,3.71,-1.0,-3.0
2.54,10.62,3.68,-3.0,-3.0
2.5500000000000003,10.59,3.67,-3.0,-1.0
