0.01,8.88,3.63,0.0,0.0
0.02,8.88,3.63,0.0,0.0
0.03,8.88,3.63,0.0,0.0
0.04,8.88,3.63,0.0,0.0
0.05,8.88,3.63,0.0,0.0
0.06,8.88,3.63,0.0,0.0
0.07,8.88,3.64,0.0,1.0
0.08,8.88,3.66,0.0,2.0
0.09,8.89,3.68,1.0,2.0
0.1,8.89,3.7,0.0,2.0
0.11,8.89,3.72,0.0,2.0
0.12,8.89,3.76,0.0,4.0
0.13,8.89,3.84,0.0,8.0
0.14,8.89,3.93,0.0,9.0
0.15,8.89,3.99,0.0,6.0
0.16,8.9,4.07,1.0,8.0
0.17,8.91,4.16,1.0,9.0
0.18,8.92,4.29,1.0,13.0
0.19,8.94,4.38,2.0,9.0
0.2,8.95,4.44,1.0,6.0
0.21,8.96,4.51,1.0,7.0
0.22,8.97,4.59,1.0,8.0
0.23,8.98,4.64,1.0,5.0
0.24,8.99,4.72,1.0,8.0
0.25,8.99,4.81,0.0,9.0
0.26,9.0,4.92,1.0,11.0
0.27,9.0,4.99,0.0,7.0
0.28,9.01,5.07,1.0,8.0
0.29,9.01,5.16,0.0,9.0
0.3,9.01,5.21,0.0,5.0
0.31,9.02,5.26,1.0,5.0
0.32,9.03,5.32,1.0,6.0
0.33,9.04,5.41,1.0,9.0
0.34,9.06,5.51,2.0,10.0
0.35000000000000003,9.07,5.64,1.0,13.0
0.36,9.1,5.8,3.0,16.0
0.37,9.14,5.95,4.0,15.0
0.38,9.18,6.08,4.0,13.0
0.39,9.2,6.24,2.0,16.0
0.4,9.2,6.36,0.0,12.0
0.41000000000000003,9.21,6.51,1.0,15.0
0.42,9.22,6.64,1.0,13.0
0.43,9.22,6.73,0.0,9.0
0.44,9.22,6.83,0.0,10.0
0.45,9.23,6.95,1.0,12.0
0.46,9.25,7.05,2.0,10.0
0.47000000000000003,9.25,7.16,0.0,11.0
0.48,9.27,7.26,2.0,10.0
0.49,9.3,7.42,3.0,16.0
0.5,9.32,7.57,2.0,15.0
0.51,9.34,7.69,2.0,12.0
0.52,9.36,7.82,2.0,13.0
0.53,9.38,7.94,2.0,12.0
0.54,9.39,8.01,1.0,7.0
0.55,9.4,8.07,1.0,6.0
0.56,9.42,8.14,2.0,7.0
0.5700000000000001,9.43,8.2,1.0,6.0
0.58,9.47,8.27,4.0,7.0
0.59,9.51,8.39,4.0,12.0
0.6,9.54,8.45,3.0,6.0
0.61,9.56,8.52,2.0,7.0
0.62,9.57,8.59,1.0,7.0
0.63,9.58,8.67,1.0,8.0
0.64,9.59,8.77,1.0,10.0
0.65,9.61,8.84,2.0,7.0
0.66,9.62,8.92,1.0,8.0
0.67,9.64,8.99,2.0,7.0
0.68,9.65,9.08,1.0,9.0
0.6900000000000001,9.68,9.17,3.0,9.0
0.7000000000000001,9.71,9.24,3.0,7.0
0.71,9.72,9.3,1.0,6.0
0.72,9.74,9.37,2.0,7.0
0.73,9.75,9.43,1.0,6.0
0.74,9.76,9.47,1.0,4.0
0.75,9.77,9.5,1.0,3.0
0.76,9.78,9.53,1.0,3.0
0.77,9.79,9.58,1.0,5.0
0.78,9.8,9.62,1.0,4.0
0.79,9.83,9.69,3.0,7.0
0.8,9.86,9.76,3.0,7.0
0.81,9.91,9.84,5.0,8.0
0.8200000000000001,9.96,9.92,5.0,8.0
0.8300000000000001,10.01,10.0,5.0,8.0
0.84,10.09,10.12,8.0,12.0
0.85,10.16,10.2,7.0,8.0
0.86,10.21,10.31,5.0,11.0
0.87,10.25,10.41,4.0,10.0
0.88,10.3,10.52,5.0,11.0
0.89,10.36,10.64,6.0,12.0
0.9,10.45,10.78,9.0,14.0
0.91,10.55,10.95,10.0,17.0
0.92,10.66,11.13,11.0,18.0
0.93,10.77,11.29,11.0,16.0
0.9400000000000001,10.8,11.34,3.0,5.0
0.9500000000000001,10.84,11.38,4.0,4.0
0.96,10.93,11.46,9.0,8.0
0.97,11.03,11.55,10.0,9.0
0.98,11.08,11.59,5.0,4.0
0.99,11.13,11.65,5.0,6.0
1.0,11.19,11.73,6.0,8.0
1.01,11.26,11.84,7.0,11.0
1.02,11.33,11.94,7.0,10.0
1.03,11.37,12.0,4.0,6.0
1.04,11.4,12.08,3.0,8.0
1.05,11.44,12.14,4.0,6.0
1.06,11.5,12.22,6.0,8.0
1.07,11.55,12.3,5.0,8.0
1.08,11.62,12.39,7.0,9.0
1.09,11.66,12.45,4.0,6.0
1.1,11.75,12.61,9.0,16.0
1.11,11.85,12.79,10.0,18.0
1.12,11.93,13.02,8.0,23.0
1.1300000000000001,12.03,13.21,10.0,19.0
1.1400000000000001,12.1,13.33,7.0,12.0
1.1500000000000001,12.16,13.37,6.0,4.0
1.16,12.2,13.4,4.0,3.0
1.17,12.28,13.44,8.0,4.0
1.18,12.36,13.48,8.0,4.0
1.19,12.45,13.54,9.0,6.0
1.2,12.51,13.59,6.0,5.0
1.21,12.6,13.64,9.0,5.0
1.22,12.64,13.69,4.0,5.0
1.23,12.73,13.76,9.0,7.0
1.24,12.78,13.8,5.0,4.0
1.25,12.82,13.83,4.0,3.0
1.26,12.92,13.89,10.0,6.0
1.27,12.98,13.93,6.0,4.0
1.28,13.05,13.97,7.0,4.0
1.29,13.12,14.01,7.0,4.0
1.3,13.17,14.05,5.0,4.0
1.31,13.28,14.12,11.0,7.0
1.32,13.42,14.24,14.0,12.0
1.33,13.48,14.3,6.0,6.0
1.34,13.49,14.32,1.0,2.0
1.35,13.51,14.35,2.0,3.0
1.36,13.53,14.36,2.0,1.0
1.37,13.55,14.38,2.0,2.0
1.3800000000000001,13.58,14.4,3.0,2.0
1.3900000000000001,13.62,14.43,4.0,3.0
1.4000000000000001,13.67,14.46,5.0,3.0
1.41,13.73,14.48,6.0,2.0
1.42,13.79,14.49,6.0,1.0
1.43,13.86,14.5,7.0,1.0
1.44,13.91,14.52,5.0,2.0
1.45,13.95,14.54,4.0,2.0
1.46,14.0,14.54,5.0,0.0
1.47,14.03,14.55,3.0,1.0
1.48,14.06,14.55,3.0,0.0
1.49,14.11,14.56,5.0,1.0
1.5,14.2,14.53,9.0,-3.0
1.51,14.24,14.5,4.0,-3.0
1.52,14.31,14.38,7.0,-12.0
1.53,14.38,14.27,7.0,-11.0
1.54,14.44,14.15,6.0,-12.0
1.55,14.51,14.0,7.0,-15.0
1.56,14.59,13.83,8.0,-17.0
1.57,14.66,13.71,7.0,-12.0
1.58,14.69,13.58,3.0,-13.0
1.59,14.7,13.47,1.0,-11.0
1.6,14.71,13.36,1.0,-11.0
1.61,14.71,13.25,0.0,-11.0
1.62,14.69,13.07,-2.0,-18.0
1.6300000000000001,14.67,12.91,-2.0,-16.0
1.6400000000000001,14.64,12.72,-3.0,-19.0
1.6500000000000001,14.61,12.47,-3.0,-25.0
1.6600000000000001,14.57,12.21,-4.0,-26.0
1.67,14.52,12.0,-5.0,-21.0
1.68,14.45,11.74,-7.0,-26.0
1.69,14.38,11.49,-7.0,-25.0
1.7,14.31,11.23,-7.0,-26.0
1.71,14.26,11.01,-5.0,-22.0
1.72,14.18,10.79,-8.0,-22.0
1.73,14.11,10.55,-7.0,-24.0
1.74,14.03,10.28,-8.0,-27.0
1.75,13.97,10.05,-6.0,-23.0
1.76,13.9,9.82,-7.0,-23.0
1.77,13.84,9.63,-6.0,-19.0
1.78,13.78,9.42,-6.0,-21.0
1.79,13.69,9.21,-9.0,-21.0
1.8,13.58,8.96,-11.0,-25.0
1.81,13.45,8.7,-13.0,-26.0
1.82,13.33,8.49,-12.0,-21.0
1.83,13.19,8.24,-14.0,-25.0
1.84,13.03,7.97,-16.0,-27.0
1.85,12.87,7.74,-16.0,-23.0
1.86,12.74,7.54,-13.0,-20.0
1.87,12.59,7.32,-15.0,-22.0
1.8800000000000001,12.39,6.99,-20.0,-33.0
1.8900000000000001,12.24,6.79,-15.0,-20.0
1.9000000000000001,12.12,6.63,-12.0,-16.0
1.9100000000000001,11.97,6.42,-15.0,-21.0
1.92,11.82,6.2,-15.0,-22.0
1.93,11.67,5.98,-15.0,-22.0
1.94,11.51,5.79,-16.0,-19.0
1.95,11.41,5.62,-10.0,-17.0
1.96,11.29,5.47,-12.0,-15.0
1.97,11.19,5.34,-10.0,-13.0
1.98,11.1,5.2,-9.0,-14.0
1.99,11.04,5.09,-6.0,-11.0
2.0,10.97,4.98,-7.0,-11.0
2.0100000000000002,10.9,4.87,-7.0,-11.0
2.02,10.83,4.76,-7.0,-11.0
2.0300000000000002,10.79,4.69,-4.0,-7.0
2.04,10.74,4.59,-5.0,-10.0
2.05,10.72,4.5,-2.0,-9.0
2.06,10.67,4.37,-5.0,-13.0
2.07,10.62,4.29,-5.0,-8.0
2.08,10.59,4.2,-3.0,-9.0
2.09,10.57,4.13,-2.0,-7.0
2.1,10.55,4.08,-2.0,-5.0
2.11,10.55,4.03,0.0,-5.0
2.12,10.54,3.97,-1.0,-6.0
2.13,10.54,3.92,0.0,-5.0
2.14,10.55,3.88,1.0,-4.0
2.15,10.56,3.86,1.0,-2.0
2.16,10.58,3.82,2.0,-4.0
2.17,10.6,3.77,2.0,-5.0
2.18,10.61,3.75,1.0,-2.0
2.19,10.62,3.73,1.0,-2.0
2.2,10.65,3.7,3.0,-3.0
2.21,10.65,3.69,0.0,-1.0
