0.01,8.87,3.66,0.0,0.0
0.02,8.87,3.66,0.0,0.0
0.03,8.87,3.66,0.0,0.0
0.04,8.85,3.67,-2.0,1.0
0.05,8.81,3.69,-4.0,2.0
0.06,8.73,3.73,-8.0,4.0
0.07,8.67,3.79,-6.0,6.0
0.08,8.58,3.86,-9.0,7.0
0.09,8.45,3.98,-13.0,12.0
0.1,8.35,4.06,-10.0,8.0
0.11,8.24,4.14,-11.0,8.0
0.12,8.15,4.21,-9.0,7.0
0.13,8.04,4.31,-11.0,10.0
0.14,7.97,4.37,-7.0,6.0
0.15,7.89,4.44,-8.0,7.0
0.16,7.8,4.53,-9.0,9.0
0.17,7.72,4.61,-8.0,8.0
0.18,7.62,4.69,-10.0,8.0
0.19,7.55,4.75,-7.0,6.0
0.2,7.45,4.83,-10.0,8.0
0.21,7.33,4.92,-12.0,9.0
0.22,7.25,4.98,-8.0,6.0
0.23,7.1,5.1,-15.0,12.0
0.24,6.93,5.23,-17.0,13.0
0.25,6.8,5.32,-13.0,9.0
0.26,6.72,5.4,-8.0,8.0
0.27,6.61,5.49,-11.0,9.0
0.28,6.47,5.59,-14.0,10.0
0.29,6.39,5.66,-8.0,7.0
0.3,6.3,5.72,-9.0,6.0
0.31,6.18,5.81,-12.0,9.0
0.32,6.09,5.87,-9.0,6.0
0.33,6.03,5.92,-6.0,5.0
0.34,5.98,5.96,-5.0,4.0
0.35000000000000003,5.92,6.03,-6.0,7.0
0.36,5.81,6.11,-11.0,8.0
0.37,5.74,6.18,-7.0,7.0
0.38,5.66,6.27,-8.0,9.0
0.39,5.59,6.33,-7.0,6.0
0.4,5.54,6.38,-5.0,5.0
0.41000000000000003,5.46,6.46,-8.0,8.0
0.42,5.38,6.52,-8.0,6.0
0.43,5.32,6.58,-6.0,6.0
0.44,5.28,6.62,-4.0,4.0
0.45,5.19,6.72,-9.0,10.0
0.46,5.14,6.79,-5.0,7.0
0.47000000000000003,5.06,6.91,-8.0,12.0
0.48,4.97,7.03,-9.0,12.0
0.49,4.88,7.15,-9.0,12.0
0.5,4.82,7.23,-6.0,8.0
0.51,4.77,7.3,-5.0,7.0
0.52,4.69,7.41,-8.0,11.0
0.53,4.64,7.48,-5.0,7.0
0.54,4.58,7.54,-6.0,6.0
0.55,4.51,7.62,-7.0,8.0
0.56,4.45,7.68,-6.0,6.0
0.5700000000000001,4.38,7.76,-7.0,8.0
0.58,4.33,7.83,-5.0,7.0
0.59,4.28,7.9,-5.0,7.0
0.6,4.23,7.96,-5.0,6.0
0.61,4.19,8.02,-4.0,6.0
0.62,4.12,8.1,-7.0,8.0
0.63,4.07,8.17,-5.0,7.0
0.64,4.04,8.23,-3.0,6.0
0.65,4.01,8.31,-3.0,8.0
0.66,3.98,8.38,-3.0,7.0
0.67,3.97,8.45,-1.0,7.0
0.68,3.94,8.53,-3.0,8.0
0.6900000000000001,3.92,8.59,-2.0,6.0
0.7000000000000001,3.9,8.68,-2.0,9.0
0.71,3.89,8.74,-1.0,6.0
0.72,3.88,8.81,-1.0,7.0
0.73,3.86,8.85,-2.0,4.0
0.74,3.85,8.89,-1.0,4.0
0.75,3.85,8.93,0.0,4.0
0.76,3.84,8.98,-1.0,5.0
0.77,3.82,9.02,-2.0,4.0
0.78,3.8,9.07,-2.0,5.0
0.79,3.77,9.14,-3.0,7.0
0.8,3.76,9.18,-1.0,4.0
0.81,3.75,9.25,-1.0,7.0
0.8200000000000001,3.7,9.34,-5.0,9.0
0.8300000000000001,3.69,9.39,-1.0,5.0
0.84,3.69,9.44,0.0,5.0
0.85,3.7,9.47,1.0,3.0
0.86,3.71,9.52,1.0,5.0
0.87,3.73,9.57,2.0,5.0
0.88,3.75,9.6,2.0,3.0
0.89,3.78,9.64,3.0,4.0
0.9,3.82,9.67,4.0,3.0
0.91,3.87,9.72,5.0,5.0
0.92,3.9,9.74,3.0,2.0
0.93,3.92,9.77,2.0,3.0
0.9400000000000001,3.97,9.8,5.0,3.0
0.9500000000000001,4.02,9.83,5.0,3.0
0.96,4.1,9.87,8.0,4.0
0.97,4.19,9.9,9.0,3.0
0.98,4.29,9.94,10.0,4.0
0.99,4.41,9.97,12.0,3.0
1.0,4.53,10.0,12.0,3.0
1.01,4.69,10.04,16.0,4.0
1.02,4.8,10.07,11.0,3.0
1.03,4.9,10.09,10.0,2.0
1.04,4.99,10.11,9.0,2.0
1.05,5.09,10.13,10.0,2.0
1.06,5.17,10.15,8.0,2.0
1.07,5.25,10.17,8.0,2.0
1.08,5.33,10.19,8.0,2.0
1.09,5.46,10.22,13.0,3.0
1.1,5.54,10.24,8.0,2.0
1.11,5.63,10.26,9.0,2.0
1.12,5.77,10.3,14.0,4.0
1.1300000000000001,5.91,10.32,14.0,2.0
1.1400000000000001,6.03,10.36,12.0,4.0
1.1500000000000001,6.12,10.36,9.0,0.0
1.16,6.28,10.38,16.0,2.0
1.17,6.41,10.39,13.0,1.0
1.18,6.53,10.39,12.0,0.0
1.19,6.7,10.4,17.0,1.0
1.2,6.82,10.41,12.0,1.0
1.21,6.95,10.41,13.0,0.0
1.22,7.05,10.41,10.0,0.0
1.23,7.19,10.41,14.0,0.0
1.24,7.32,10.41,13.0,0.0
1.25,7.45,10.41,13.0,0.0
1.26,7.56,10.41,11.0,0.0
1.27,7.6,10.4,4.0,-1.0
1.28,7.72,10.39,12.0,-1.0
1.29,7.85,10.39,13.0,0.0
1.3,8.0,10.39,15.0,0.0
1.31,8.11,10.39,11.0,0.0
1.32,8.21,10.39,10.0,0.0
1.33,8.37,10.39,16.0,0.0
1.34,8.53,10.39,16.0,0.0
1.35,8.66,10.39,13.0,0.0
1.36,8.83,10.39,17.0,0.0
1.37,8.93,10.39,10.0,0.0
1.3800000000000001,9.08,10.38,15.0,-1.0
1.3900000000000001,9.19,10.38,11.0,0.0
1.4000000000000001,9.33,10.38,14.0,0.0
1.41,9.45,10.36,12.0,-2.0
1.42,9.55,10.35,10.0,-1.0
1.43,9.68,10.33,13.0,-2.0
1.44,9.79,10.32,11.0,-1.0
1.45,9.88,10.31,9.0,-1.0
1.46,9.97,10.31,9.0,0.0
1.47,10.09,10.29,12.0,-2.0
1.48,10.21,10.28,12.0,-1.0
1.49,10.33,10.26,12.0,-2.0
1.5,10.41,10.25,8.0,-1.0
1.51,10.5,10.23,9.0,-2.0
1.52,10.58,10.19,8.0,-4.0
1.53,10.66,10.16,8.0,-3.0
1.54,10.74,10.13,8.0,-3.0
1.55,10.79,10.1,5.0,-3.0
1.56,10.85,10.07,6.0,-3.0
1.57,10.91,10.04,6.0,-3.0
1.58,10.96,10.01,5.0,-3.0
1.59,11.02,9.99,6.0,-2.0
1.6,11.07,9.97,5.0,-2.0
1.61,11.13,9.94,6.0,-3.0
1.62,11.19,9.91,6.0,-3.0
1.6300000000000001,11.26,9.87,7.0,-4.0
1.6400000000000001,11.31,9.84,5.0,-3.0
1.6500000000000001,11.32,9.8,1.0,-4.0
1.6600000000000001,11.35,9.73,3.0,-7.0
1.67,11.38,9.66,3.0,-7.0
1.68,11.42,9.57,4.0,-9.0
1.69,11.43,9.46,1.0,-11.0
1.7,11.43,9.3,0.0,-16.0
1.71,11.45,9.18,2.0,-12.0
1.72,11.47,9.03,2.0,-15.0
1.73,11.47,8.9,0.0,-13.0
1.74,11.46,8.78,-1.0,-12.0
1.75,11.46,8.64,0.0,-14.0
1.76,11.46,8.52,0.0,-12.0
1.77,11.43,8.33,-3.0,-19.0
1.78,11.41,8.12,-2.0,-21.0
1.79,11.37,7.87,-4.0,-25.0
1.8,11.36,7.71,-1.0,-16.0
1.81,11.34,7.5,-2.0,-21.0
1.82,11.32,7.24,-2.0,-26.0
1.83,11.29,6.96,-3.0,-28.0
1.84,11.26,6.66,-3.0,-30.0
1.85,11.22,6.56,-4.0,-10.0
1.86,11.19,6.47,-3.0,-9.0
1.87,11.17,6.4,-2.0,-7.0
1.8800000000000001,11.13,6.32,-4.0,-8.0
1.8900000000000001,11.11,6.25,-2.0,-7.0
1.9000000000000001,11.07,6.13,-4.0,-12.0
1.9100000000000001,11.03,6.04,-4.0,-9.0
1.92,11.0,5.94,-3.0,-10.0
1.93,10.96,5.82,-4.0,-12.0
1.94,10.92,5.72,-4.0,-10.0
1.95,10.9,5.6,-2.0,-12.0
1.96,10.89,5.51,-1.0,-9.0
1.97,10.86,5.37,-3.0,-14.0
1.98,10.83,5.25,-3.0,-12.0
1.99,10.82,5.11,-1.0,-14.0
2.0,10.81,5.02,-1.0,-9.0
2.0100000000000002,10.8,4.92,-1.0,-10.0
2.02,10.78,4.81,-2.0,-11.0
2.0300000000000002,10.76,4.71,-2.0,-10.0
2.04,10.76,4.63,0.0,-8.0
2.05,10.75,4.58,-1.0,-5.0
2.06,10.74,4.51,-1.0,-7.0
2.07,10.72,4.44,-2.0,-7.0
2.08,10.7,4.34,-2.0,-10.0
2.09,10.68,4.25,-2.0,-9.0
2.1,10.66,4.18,-2.0,-7.0
2.11,10.62,4.07,-4.0,-11.0
2.12,10.6,4.03,-2.0,-4.0
2.13,10.59,3.98,-1.0,-5.0
2.14,10.58,3.94,-1.0,-4.0
2.15,10.57,3.91,-1.0,-3.0
2.16,10.56,3.87,-1.0,-4.0
2.17,10.55,3.84,-1.0,-3.0
2.18,10.55,3.81,0.0,-3.0
2.19,10.56,3.79,1.0,-2.0
2.2,10.56,3.78,0.0,-1.0
2.21,10.59,3.75,3.0,-3.0
2.22,10.62,3.73,3.0,-2.0
