0.01,8.91,3.67,0.0,0.0
0.02,8.91,3.67,0.0,0.0
0.03,8.91,3.67,0.0,0.0
0.04,8.91,3.67,0.0,0.0
0.05,8.91,3.67,0.0,0.0
0.06,8.91,3.67,0.0,0.0
0.07,8.91,3.67,0.0,0.0
0.08,8.91,3.67,0.0,0.0
0.09,8.91,3.67,0.0,0.0
0.1,8.91,3.67,0.0,0.0
0.11,8.91,3.67,0.0,0.0
0.12,8.91,3.67,0.0,0.0
0.13,8.91,3.67,0.0,0.0
0.14,8.83,3.82,-8.0,15.0
0.15,8.69,4.05,-14.0,23.0
0.16,8.63,4.15,-6.0,10.0
0.17,8.6,4.2,-3.0,5.0
0.18,8.55,4.27,-5.0,7.0
0.19,8.52,4.32,-3.0,5.0
0.2,8.47,4.39,-5.0,7.0
0.21,8.45,4.45,-2.0,6.0
0.22,8.42,4.53,-3.0,8.0
0.23,8.4,4.58,-2.0,5.0
0.24,8.37,4.66,-3.0,8.0
0.25,8.34,4.74,-3.0,8.0
0.26,8.3,4.85,-4.0,11.0
0.27,8.27,4.96,-3.0,11.0
0.28,8.24,5.11,-3.0,15.0
0.29,8.21,5.23,-3.0,12.0
0.3,8.16,5.38,-5.0,15.0
0.31,8.1,5.49,-6.0,11.0
0.32,8.03,5.65,-7.0,16.0
0.33,7.95,5.86,-8.0,21.0
0.34,7.87,6.09,-8.0,23.0
0.35000000000000003,7.74,6.45,-13.0,36.0
0.36,7.67,6.72,-7.0,27.0
0.37,7.57,6.98,-10.0,26.0
0.38,7.52,7.17,-5.0,19.0
0.39,7.46,7.36,-6.0,19.0
0.4,7.4,7.52,-6.0,16.0
0.41000000000000003,7.31,7.7,-9.0,18.0
0.42,7.23,7.85,-8.0,15.0
0.43,7.09,8.05,-14.0,20.0
0.44,6.94,8.2,-15.0,15.0
0.45,6.8,8.41,-14.0,21.0
0.46,6.71,8.56,-9.0,15.0
0.47000000000000003,6.59,8.76,-12.0,20.0
0.48,6.5,8.93,-9.0,17.0
0.49,6.39,9.16,-11.0,23.0
0.5,6.31,9.34,-8.0,18.0
0.51,6.21,9.65,-10.0,31.0
0.52,6.12,9.95,-9.0,30.0
0.53,6.07,10.33,-5.0,38.0
0.54,6.03,10.57,-4.0,24.0
0.55,5.99,10.82,-4.0,25.0
0.56,5.99,10.98,0.0,16.0
0.5700000000000001,5.99,11.14,0.0,16.0
0.58,5.99,11.28,0.0,14.0
0.59,5.98,11.43,-1.0,15.0
0.6,5.98,11.52,0.0,9.0
0.61,5.99,11.62,1.0,10.0
0.62,5.99,11.7,0.0,8.0
0.63,5.99,11.8,0.0,10.0
0.64,5.99,11.87,0.0,7.0
0.65,5.99,11.98,0.0,11.0
0.66,5.99,12.13,0.0,15.0
0.67,5.99,12.24,0.0,11.0
0.68,5.99,12.39,0.0,15.0
0.6900000000000001,6.02,12.52,3.0,13.0
0.7000000000000001,6.04,12.6,2.0,8.0
0.71,6.04,12.65,0.0,5.0
0.72,6.04,12.68,0.0,3.0
0.73,6.06,12.74,2.0,6.0
0.74,6.07,12.8,1.0,6.0
0.75,6.08,12.86,1.0,6.0
0.76,6.08,12.93,0.0,7.0
0.77,6.08,12.98,0.0,5.0
0.78,6.08,13.04,0.0,6.0
0.79,6.09,13.08,1.0,4.0
0.8,6.1,13.1,1.0,2.0
0.81,6.1,13.1,0.0,0.0
0.8200000000000001,6.1,13.1,0.0,0.0
0.8300000000000001,6.11,13.11,1.0,1.0
0.84,6.15,13.18,4.0,7.0
0.85,6.19,13.24,4.0,6.0
0.86,6.23,13.28,4.0,4.0
0.87,6.29,13.31,6.0,3.0
0.88,6.34,13.36,5.0,5.0
0.89,6.42,13.42,8.0,6.0
0.9,6.49,13.49,7.0,7.0
0.91,6.53,13.53,4.0,4.0
0.92,6.57,13.58,4.0,5.0
0.93,6.63,13.63,6.0,5.0
0.9400000000000001,6.68,13.66,5.0,3.0
0.9500000000000001,6.73,13.69,5.0,3.0
0.96,6.84,13.74,11.0,5.0
0.97,6.98,13.79,14.0,5.0
0.98,7.12,13.82,14.0,3.0
0.99,7.36,13.85,24.0,3.0
1.0,7.48,13.85,12.0,0.0
1.01,7.65,13.83,17.0,-2.0
1.02,7.77,13.8,12.0,-3.0
1.03,7.9,13.78,13.0,-2.0
1.04,8.08,13.76,18.0,-2.0
1.05,8.17,13.75,9.0,-1.0
1.06,8.24,13.72,7.0,-3.0
1.07,8.35,13.69,11.0,-3.0
1.08,8.41,13.69,6.0,0.0
1.09,8.53,13.66,12.0,-3.0
1.1,8.65,13.63,12.0,-3.0
1.11,8.79,13.57,14.0,-6.0
1.12,8.88,13.53,9.0,-4.0
1.1300000000000001,8.95,13.49,7.0,-4.0
1.1400000000000001,9.01,13.46,6.0,-3.0
1.1500000000000001,9.11,13.42,10.0,-4.0
1.16,9.17,13.39,6.0,-3.0
1.17,9.24,13.35,7.0,-4.0
1.18,9.29,13.33,5.0,-2.0
1.19,9.33,13.3,4.0,-3.0
1.2,9.37,13.27,4.0,-3.0
1.21,9.42,13.22,5.0,-5.0
1.22,9.47,13.14,5.0,-8.0
1.23,9.54,13.06,7.0,-8.0
1.24,9.59,13.02,5.0,-4.0
1.25,9.66,12.96,7.0,-6.0
1.26,9.71,12.9,5.0,-6.0
1.27,9.77,12.84,6.0,-6.0
1.28,9.81,12.78,4.0,-6.0
1.29,9.88,12.66,7.0,-12.0
1.3,9.93,12.56,5.0,-10.0
1.31,9.96,12.46,3.0,-10.0
1.32,9.98,12.36,2.0,-10.0
1.33,10.01,12.25,3.0,-11.0
1.34,10.05,12.08,4.0,-17.0
1.35,10.09,11.94,4.0,-14.0
1.36,10.14,11.79,5.0,-15.0
1.37,10.17,11.65,3.0,-14.0
1.3800000000000001,10.21,11.5,4.0,-15.0
1.3900000000000001,10.24,11.38,3.0,-12.0
1.4000000000000001,10.27,11.23,3.0,-15.0
1.41,10.3,11.09,3.0,-14.0
1.42,10.34,10.91,4.0,-18.0
1.43,10.37,10.73,3.0,-18.0
1.44,10.41,10.53,4.0,-20.0
1.45,10.44,10.36,3.0,-17.0
1.46,10.46,10.17,2.0,-19.0
1.47,10.49,9.99,3.0,-18.0
1.48,10.5,9.83,1.0,-16.0
1.49,10.5,9.69,0.0,-14.0
1.5,10.5,9.49,0.0,-20.0
1.51,10.52,9.23,2.0,-26.0
1.52,10.55,8.97,3.0,-26.0
1.53,10.58,8.76,3.0,-21.0
1.54,10.61,8.52,3.0,-24.0
1.55,10.64,8.35,3.0,-17.0
1.56,10.66,8.11,2.0,-24.0
1.57,10.68,7.94,2.0,-17.0
1.58,10.71,7.72,3.0,-22.0
1.59,10.71,7.53,0.0,-19.0
1.6,10.71,7.25,0.0,-28.0
1.61,10.7,6.99,-1.0,-26.0
1.62,10.69,6.7,-1.0,-29.0
1.6300000000000001,10.69,6.51,0.0,-19.0
1.6400000000000001,10.7,6.31,1.0,-20.0
1.6500000000000001,10.71,6.18,1.0,-13.0
1.6600000000000001,10.73,6.04,2.0,-14.0
1.67,10.74,5.87,1.0,-17.0
1.68,10.74,5.69,0.0,-18.0
1.69,10.74,5.48,0.0,-21.0
1.7,10.74,5.3,0.0,-18.0
1.71,10.73,5.17,-1.0,-13.0
1.72,10.72,5.06,-1.0,-11.0
1.73,10.72,4.98,0.0,-8.0
1.74,10.72,4.9,0.0,-8.0
1.75,10.71,4.79,-1.0,-11.0
1.76,10.7,4.67,-1.0,-12.0
1.77,10.68,4.59,-2.0,-8.0
1.78,10.66,4.48,-2.0,-11.0
1.79,10.64,4.41,-2.0,-7.0
1.8,10.63,4.34,-1.0,-7.0
1.81,10.62,4.28,-1.0,-6.0
1.82,10.62,4.2,0.0,-8.0
1.83,10.62,4.13,0.0,-7.0
1.84,10.63,4.05,1.0,-8.0
1.85,10.63,4.0,0.0,-5.0
1.86,10.63,3.96,0.0,-4.0
1.87,10.64,3.93,1.0,-3.0
1.8800000000000001,10.64,3.92,0.0,-1.0
1.8900000000000001,10.64,3.92,0.0,0.0
1.9000000000000001,10.64,3.89,0.0,-3.0
1.9100000000000001,10.64,3.89,0.0,0.0
1.92,10.64,3.89,0.0,0.0
