0.01,8.89,3.63,0.0,0.0
0.02,8.89,3.63,0.0,0.0
0.03,8.89,3.63,0.0,0.0
0.04,8.89,3.63,0.0,0.0
0.05,8.89,3.63,0.0,0.0
0.06,8.87,3.66,-2.0,3.0
0.07,8.78,3.78,-9.0,12.0
0.08,8.74,3.83,-4.0,5.0
0.09,8.71,3.87,-3.0,4.0
0.1,8.67,3.93,-4.0,6.0
0.11,8.62,4.02,-5.0,9.0
0.12,8.58,4.09,-4.0,7.0
0.13,8.52,4.18,-6.0,9.0
0.14,8.47,4.27,-5.0,9.0
0.15,8.4,4.38,-7.0,11.0
0.16,8.35,4.46,-5.0,8.0
0.17,8.27,4.58,-8.0,12.0
0.18,8.2,4.7,-7.0,12.0
0.19,8.09,4.87,-11.0,17.0
0.2,7.97,4.98,-12.0,11.0
0.21,7.81,5.18,-16.0,20.0
0.22,7.7,5.34,-11.0,16.0
0.23,7.61,5.48,-9.0,14.0
0.24,7.56,5.57,-5.0,9.0
0.25,7.53,5.65,-3.0,8.0
0.26,7.5,5.71,-3.0,6.0
0.27,7.45,5.85,-5.0,14.0
0.28,7.39,6.06,-6.0,21.0
0.29,7.35,6.25,-4.0,19.0
0.3,7.3,6.45,-5.0,20.0
0.31,7.25,6.59,-5.0,14.0
0.32,7.18,6.82,-7.0,23.0
0.33,7.14,6.98,-4.0,16.0
0.34,7.09,7.15,-5.0,17.0
0.35000000000000003,7.03,7.27,-6.0,12.0
0.36,6.97,7.41,-6.0,14.0
0.37,6.92,7.52,-5.0,11.0
0.38,6.87,7.64,-5.0,12.0
0.39,6.81,7.81,-6.0,17.0
0.4,6.76,7.97,-5.0,16.0
0.41000000000000003,6.74,8.06,-2.0,9.0
0.42,6.71,8.2,-3.0,14.0
0.43,6.68,8.29,-3.0,9.0
0.44,6.66,8.38,-2.0,9.0
0.45,6.64,8.44,-2.0,6.0
0.46,6.6,8.52,-4.0,8.0
0.47000000000000003,6.53,8.63,-7.0,11.0
0.48,6.49,8.72,-4.0,9.0
0.49,6.47,8.82,-2.0,10.0
0.5,6.46,8.9,-1.0,8.0
0.51,6.45,9.0,-1.0,10.0
0.52,6.44,9.1,-1.0,10.0
0.53,6.42,9.22,-2.0,12.0
0.54,6.38,9.35,-4.0,13.0
0.55,6.3,9.51,-8.0,16.0
0.56,6.27,9.61,-3.0,10.0
0.5700000000000001,6.23,9.71,-4.0,10.0
0.58,6.21,9.81,-2.0,10.0
0.59,6.21,9.9,0.0,9.0
0.6,6.21,9.99,0.0,9.0
0.61,6.24,10.13,3.0,14.0
0.62,6.26,10.24,2.0,11.0
0.63,6.29,10.37,3.0,13.0
0.64,6.32,10.45,3.0,8.0
0.65,6.36,10.58,4.0,13.0
0.66,6.42,10.65,6.0,7.0
0.67,6.47,10.74,5.0,9.0
0.68,6.53,10.82,6.0,8.0
0.6900000000000001,6.65,10.9,12.0,8.0
0.7000000000000001,6.74,10.97,9.0,7.0
0.71,6.8,11.02,6.0,5.0
0.72,6.91,11.07,11.0,5.0
0.73,7.01,11.13,10.0,6.0
0.74,7.09,11.18,8.0,5.0
0.75,7.24,11.27,15.0,9.0
0.76,7.38,11.34,14.0,7.0
0.77,7.49,11.39,11.0,5.0
0.78,7.62,11.45,13.0,6.0
0.79,7.81,11.53,19.0,8.0
0.8,7.85,11.53,4.0,0.0
0.81,7.96,11.55,11.0,2.0
0.8200000000000001,8.04,11.51,8.0,-4.0
0.8300000000000001,8.26,11.41,22.0,-10.0
0.84,8.4,11.33,14.0,-8.0
0.85,8.53,11.24,13.0,-9.0
0.86,8.66,11.15,13.0,-9.0
0.87,8.8,11.07,14.0,-8.0
0.88,8.94,10.98,14.0,-9.0
0.89,9.0,10.88,6.0,-10.0
0.9,9.09,10.75,9.0,-13.0
0.91,9.13,10.6,4.0,-15.0
0.92,9.15,10.52,2.0,-8.0
0.93,9.21,10.44,6.0,-8.0
0.9400000000000001,9.26,10.29,5.0,-15.0
0.9500000000000001,9.29,10.17,3.0,-12.0
0.96,9.33,10.08,4.0,-9.0
0.97,9.38,9.95,5.0,-13.0
0.98,9.43,9.84,5.0,-11.0
0.99,9.46,9.73,3.0,-11.0
1.0,9.5,9.61,4.0,-12.0
1.01,9.54,9.53,4.0,-8.0
1.02,9.58,9.42,4.0,-11.0
1.03,9.62,9.32,4.0,-10.0
1.04,9.66,9.21,4.0,-11.0
1.05,9.76,9.02,10.0,-19.0
1.06,9.82,8.88,6.0,-14.0
1.07,9.88,8.75,6.0,-13.0
1.08,9.93,8.63,5.0,-12.0
1.09,9.99,8.36,6.0,-27.0
1.1,10.06,8.08,7.0,-28.0
1.11,10.1,7.89,4.0,-19.0
1.12,10.16,7.58,6.0,-31.0
1.1300000000000001,10.2,7.35,4.0,-23.0
1.1400000000000001,10.23,7.15,3.0,-20.0
1.1500000000000001,10.27,6.99,4.0,-16.0
1.16,10.31,6.76,4.0,-23.0
1.17,10.32,6.66,1.0,-10.0
1.18,10.33,6.55,1.0,-11.0
1.19,10.33,6.43,0.0,-12.0
1.2,10.33,6.26,0.0,-17.0
1.21,10.34,6.15,1.0,-11.0
1.22,10.34,6.02,0.0,-13.0
1.23,10.34,5.91,0.0,-11.0
1.24,10.34,5.74,0.0,-17.0
1.25,10.35,5.62,1.0,-12.0
1.26,10.36,5.53,1.0,-9.0
1.27,10.38,5.41,2.0,-12.0
1.28,10.4,5.27,2.0,-14.0
1.29,10.4,5.17,0.0,-10.0
1.3,10.4,5.03,0.0,-14.0
1.31,10.4,4.94,0.0,-9.0
1.32,10.4,4.87,0.0,-7.0
1.33,10.4,4.79,0.0,-8.0
1.34,10.41,4.73,1.0,-6.0
1.35,10.42,4.7,1.0,-3.0
1.36,10.43,4.64,1.0,-6.0
1.37,10.44,4.58,1.0,-6.0
1.3800000000000001,10.45,4.51,1.0,-7.0
1.3900000000000001,10.46,4.46,1.0,-5.0
1.4000000000000001,10.46,4.4,0.0,-6.0
1.41,10.46,4.32,0.0,-8.0
1.42,10.46,4.25,0.0,-7.0
1.43,10.47,4.16,1.0,-9.0
1.44,10.48,4.13,1.0,-3.0
1.45,10.49,4.09,1.0,-4.0
1.46,10.51,4.05,2.0,-4.0
1.47,10.52,4.0,1.0,-5.0
1.48,10.54,3.96,2.0,-4.0
1.49,10.55,3.92,1.0,-4.0
1.5,10.56,3.89,1.0,-3.0
1.51,10.56,3.89,0.0,0.0
1.52,10.56,3.89,0.0,0.0
1.53,10.56,3.89,0.0,0.0
1.54,10.56,3.89,0.0,0.0
1.55,10.56,3.89,0.0,0.0
