0.01,8.92,3.69,0.0,0.0
0.02,8.92,3.69,0.0,0.0
0.03,8.92,3.69,0.0,0.0
0.04,8.92,3.69,0.0,0.0
0.05,8.92,3.69,0.0,0.0
0.06,8.92,3.69,0.0,0.0
0.07,8.92,3.69,0.0,0.0
0.08,8.81,3.82,-11.0,13.0
0.09,8.7,3.98,-11.0,16.0
0.1,8.63,4.08,-7.0,10.0
0.11,8.6,4.13,-3.0,5.0
0.12,8.54,4.23,-6.0,10.0
0.13,8.49,4.33,-5.0,10.0
0.14,8.44,4.44,-5.0,11.0
0.15,8.37,4.58,-7.0,14.0
0.16,8.3,4.7,-7.0,12.0
0.17,8.23,4.84,-7.0,14.0
0.18,8.16,4.96,-7.0,12.0
0.19,8.11,5.07,-5.0,11.0
0.2,8.05,5.16,-6.0,9.0
0.21,7.97,5.29,-8.0,13.0
0.22,7.92,5.39,-5.0,10.0
0.23,7.87,5.49,-5.0,10.0
0.24,7.79,5.63,-8.0,14.0
0.25,7.69,5.8,-10.0,17.0
0.26,7.61,5.94,-8.0,14.0
0.27,7.55,6.04,-6.0,10.0
0.28,7.46,6.2,-9.0,16.0
0.29,7.41,6.33,-5.0,13.0
0.3,7.33,6.5,-8.0,17.0
0.31,7.27,6.65,-6.0,15.0
0.32,7.22,6.81,-5.0,16.0
0.33,7.17,6.93,-5.0,12.0
0.34,7.12,7.06,-5.0,13.0
0.35000000000000003,7.07,7.23,-5.0,17.0
0.36,7.01,7.38,-6.0,15.0
0.37,6.97,7.5,-4.0,12.0
0.38,6.93,7.6,-4.0,10.0
0.39,6.9,7.73,-3.0,13.0
0.4,6.87,7.83,-3.0,10.0
0.41000000000000003,6.82,7.94,-5.0,11.0
0.42,6.77,8.05,-5.0,11.0
0.43,6.71,8.19,-6.0,14.0
0.44,6.59,8.4,-12.0,21.0
0.45,6.48,8.63,-11.0,23.0
0.46,6.4,8.84,-8.0,21.0
0.47000000000000003,6.36,9.0,-4.0,16.0
0.48,6.32,9.17,-4.0,17.0
0.49,6.31,9.28,-1.0,11.0
0.5,6.31,9.4,0.0,12.0
0.51,6.31,9.49,0.0,9.0
0.52,6.29,9.6,-2.0,11.0
0.53,6.28,9.67,-1.0,7.0
0.54,6.26,9.8,-2.0,13.0
0.55,6.25,9.89,-1.0,9.0
0.56,6.25,9.95,0.0,6.0
0.5700000000000001,6.24,10.05,-1.0,10.0
0.58,6.24,10.17,0.0,12.0
0.59,6.24,10.32,0.0,15.0
0.6,6.24,10.45,0.0,13.0
0.61,6.24,10.56,0.0,11.0
0.62,6.24,10.65,0.0,9.0
0.63,6.24,10.76,0.0,11.0
0.64,6.24,10.84,0.0,8.0
0.65,6.24,10.95,0.0,11.0
0.66,6.24,11.04,0.0,9.0
0.67,6.24,11.13,0.0,9.0
0.68,6.24,11.25,0.0,12.0
0.6900000000000001,6.24,11.36,0.0,11.0
0.7000000000000001,6.24,11.49,0.0,13.0
0.71,6.24,11.61,0.0,12.0
0.72,6.24,11.71,0.0,10.0
0.73,6.24,11.77,0.0,6.0
0.74,6.24,11.84,0.0,7.0
0.75,6.25,11.92,1.0,8.0
0.76,6.26,11.98,1.0,6.0
0.77,6.27,12.05,1.0,7.0
0.78,6.28,12.11,1.0,6.0
0.79,6.29,12.21,1.0,10.0
0.8,6.3,12.27,1.0,6.0
0.81,6.31,12.36,1.0,9.0
0.8200000000000001,6.31,12.44,0.0,8.0
0.8300000000000001,6.31,12.51,0.0,7.0
0.84,6.31,12.59,0.0,8.0
0.85,6.31,12.66,0.0,7.0
0.86,6.31,12.72,0.0,6.0
0.87,6.31,12.8,0.0,8.0
0.88,6.31,12.85,0.0,5.0
0.89,6.31,12.92,0.0,7.0
0.9,6.31,12.98,0.0,6.0
0.91,6.31,13.06,0.0,8.0
0.92,6.31,13.13,0.0,7.0
0.93,6.33,13.24,2.0,11.0
0.9400000000000001,6.35,13.32,2.0,8.0
0.9500000000000001,6.37,13.4,2.0,8.0
0.96,6.4,13.46,3.0,6.0
0.97,6.43,13.54,3.0,8.0
0.98,6.45,13.59,2.0,5.0
0.99,6.47,13.64,2.0,5.0
1.0,6.51,13.68,4.0,4.0
1.01,6.56,13.76,5.0,8.0
1.02,6.62,13.81,6.0,5.0
1.03,6.65,13.84,3.0,3.0
1.04,6.66,13.85,1.0,1.0
1.05,6.66,13.85,0.0,0.0
1.06,6.67,13.85,1.0,0.0
1.07,6.76,13.91,9.0,6.0
1.08,6.85,13.95,9.0,4.0
1.09,6.86,13.96,1.0,1.0
1.1,6.95,14.0,9.0,4.0
1.11,7.05,14.05,10.0,5.0
1.12,7.13,14.06,8.0,1.0
1.1300000000000001,7.22,14.05,9.0,-1.0
1.1400000000000001,7.28,14.04,6.0,-1.0
1.1500000000000001,7.33,14.04,5.0,0.0
1.16,7.37,14.02,4.0,-2.0
1.17,7.46,14.02,9.0,0.0
1.18,7.56,14.02,10.0,0.0
1.19,7.66,14.02,10.0,0.0
1.2,7.81,14.02,15.0,0.0
1.21,8.06,14.0,25.0,-2.0
1.22,8.24,14.0,18.0,0.0
1.23,8.24,14.0,0.0,0.0
1.24,8.31,13.94,7.0,-6.0
1.25,8.48,13.83,17.0,-11.0
1.26,8.65,13.74,17.0,-9.0
1.27,8.76,13.65,11.0,-9.0
1.28,8.9,13.53,14.0,-12.0
1.29,8.98,13.48,8.0,-5.0
1.3,9.05,13.43,7.0,-5.0
1.31,9.12,13.39,7.0,-4.0
1.32,9.19,13.34,7.0,-5.0
1.33,9.23,13.3,4.0,-4.0
1.34,9.29,13.24,6.0,-6.0
1.35,9.32,13.2,3.0,-4.0
1.36,9.39,13.12,7.0,-8.0
1.37,9.43,13.08,4.0,-4.0
1.3800000000000001,9.46,13.05,3.0,-3.0
1.3900000000000001,9.52,13.01,6.0,-4.0
1.4000000000000001,9.56,12.98,4.0,-3.0
1.41,9.62,12.94,6.0,-4.0
1.42,9.66,12.92,4.0,-2.0
1.43,9.71,12.89,5.0,-3.0
1.44,9.74,12.85,3.0,-4.0
1.45,9.82,12.78,8.0,-7.0
1.46,9.93,12.71,11.0,-7.0
1.47,10.01,12.63,8.0,-8.0
1.48,10.1,12.52,9.0,-11.0
1.49,10.22,12.4,12.0,-12.0
1.5,10.27,12.31,5.0,-9.0
1.51,10.33,12.2,6.0,-11.0
1.52,10.42,12.04,9.0,-16.0
1.53,10.45,11.94,3.0,-10.0
1.54,10.48,11.8,3.0,-14.0
1.55,10.51,11.6,3.0,-20.0
1.56,10.53,11.46,2.0,-14.0
1.57,10.55,11.33,2.0,-13.0
1.58,10.55,11.22,0.0,-11.0
1.59,10.56,11.05,1.0,-17.0
1.6,10.59,10.83,3.0,-22.0
1.61,10.61,10.64,2.0,-19.0
1.62,10.67,10.4,6.0,-24.0
1.6300000000000001,10.73,10.14,6.0,-26.0
1.6400000000000001,10.75,9.96,2.0,-18.0
1.6500000000000001,10.78,9.77,3.0,-19.0
1.6600000000000001,10.81,9.62,3.0,-15.0
1.67,10.82,9.5,1.0,-12.0
1.68,10.82,9.38,0.0,-12.0
1.69,10.83,9.19,1.0,-19.0
1.7,10.83,9.05,0.0,-14.0
1.71,10.82,8.85,-1.0,-20.0
1.72,10.82,8.69,0.0,-16.0
1.73,10.82,8.5,0.0,-19.0
1.74,10.82,8.36,0.0,-14.0
1.75,10.82,8.23,0.0,-13.0
1.76,10.82,8.02,0.0,-21.0
1.77,10.82,7.84,0.0,-18.0
1.78,10.82,7.62,0.0,-22.0
1.79,10.82,7.4,0.0,-22.0
1.8,10.82,7.11,0.0,-29.0
1.81,10.82,6.92,0.0,-19.0
1.82,10.82,6.72,0.0,-20.0
1.83,10.82,6.57,0.0,-15.0
1.84,10.83,6.39,1.0,-18.0
1.85,10.84,6.24,1.0,-15.0
1.86,10.88,6.09,4.0,-15.0
1.87,10.88,6.01,0.0,-8.0
1.8800000000000001,10.88,5.89,0.0,-12.0
1.8900000000000001,10.88,5.79,0.0,-10.0
1.9000000000000001,10.87,5.66,-1.0,-13.0
1.9100000000000001,10.87,5.58,0.0,-8.0
1.92,10.87,5.52,0.0,-6.0
1.93,10.87,5.45,0.0,-7.0
1.94,10.87,5.38,0.0,-7.0
1.95,10.87,5.32,0.0,-6.0
1.96,10.85,5.21,-2.0,-11.0
1.97,10.84,5.12,-1.0,-9.0
1.98,10.82,5.02,-2.0,-10.0
1.99,10.8,4.89,-2.0,-13.0
2.0,10.79,4.83,-1.0,-6.0
2.0100000000000002,10.79,4.79,0.0,-4.0
2.02,10.77,4.71,-2.0,-8.0
2.0300000000000002,10.75,4.61,-2.0,-10.0
2.04,10.74,4.56,-1.0,-5.0
2.05,10.73,4.5,-1.0,-6.0
2.06,10.72,4.43,-1.0,-7.0
2.07,10.7,4.35,-2.0,-8.0
2.08,10.68,4.28,-2.0,-7.0
2.09,10.66,4.2,-2.0,-8.0
2.1,10.64,4.14,-2.0,-6.0
2.11,10.64,4.14,0.0,0.0
2.12,10.64,4.14,0.0,0.0
2.13,10.64,4.13,0.0,-1.0
2.14,10.65,4.05,1.0,-8.0
2.15,10.65,4.01,0.0,-4.0
2.16,10.65,3.96,0.0,-5.0
2.17,10.66,3.93,1.0,-3.0
2.18,10.67,3.87,1.0,-6.0
2.19,10.67,3.85,0.0,-2.0
2.2,10.68,3.84,1.0,-1.0
2.21,10.68,3.84,0.0,0.0
2.22,10.68,3.84,0.0,0.0
2.23,10.68,3.84,0.0,0.0
2.24,10.68,3.84,0.0,0.0
2.25,10.68,3.84,0.0,0.0
2.2600000000000002,10.66,3.8,-2.0,-4.0
2.27,10.64,3.78,-2.0,-2.0
2.2800000000000002,10.63,3.78,-1.0,0.0
2.29,10.63,3.78,0.0,0.0
2.3000000000000003,10.63,3.78,0.0,0.0
2.31,10.63,3.78,0.0,0.0
2.32,10.63,3.78,0.0,0.0
2.33,10.62,3.75,-1.0,-3.0
2.34,10.61,3.7,-1.0,-5.0
2.35,10.61,3.66,0.0,-4.0
