0.01,8.89,3.7,0.0,0.0
0.02,8.89,3.7,0.0,0.0
0.03,8.89,3.7,0.0,0.0
0.04,8.89,3.71,0.0,1.0
0.05,8.89,3.71,0.0,0.0
0.06,8.85,3.75,-4.0,4.0
0.07,8.81,3.8,-4.0,5.0
0.08,8.79,3.83,-2.0,3.0
0.09,8.79,3.84,0.0,1.0
0.1,8.79,3.84,0.0,0.0
0.11,8.74,3.95,-5.0,11.0
0.12,8.68,4.04,-6.0,9.0
0.13,8.64,4.14,-4.0,10.0
0.14,8.61,4.24,-3.0,10.0
0.15,8.59,4.31,-2.0,7.0
0.16,8.56,4.37,-3.0,6.0
0.17,8.53,4.49,-3.0,12.0
0.18,8.48,4.65,-5.0,16.0
0.19,8.38,4.88,-10.0,23.0
0.2,8.27,5.08,-11.0,20.0
0.21,8.14,5.25,-13.0,17.0
0.22,8.07,5.36,-7.0,11.0
0.23,7.93,5.52,-14.0,16.0
0.24,7.86,5.62,-7.0,10.0
0.25,7.77,5.75,-9.0,13.0
0.26,7.69,5.88,-8.0,13.0
0.27,7.64,5.96,-5.0,8.0
0.28,7.56,6.08,-8.0,12.0
0.29,7.5,6.19,-6.0,11.0
0.3,7.43,6.34,-7.0,15.0
0.31,7.37,6.46,-6.0,12.0
0.32,7.29,6.61,-8.0,15.0
0.33,7.19,6.77,-10.0,16.0
0.34,7.1,6.96,-9.0,19.0
0.35000000000000003,7.02,7.1,-8.0,14.0
0.36,6.94,7.28,-8.0,18.0
0.37,6.85,7.48,-9.0,20.0
0.38,6.78,7.67,-7.0,19.0
0.39,6.69,7.95,-9.0,28.0
0.4,6.64,8.09,-5.0,14.0
0.41000000000000003,6.58,8.24,-6.0,15.0
0.42,6.53,8.37,-5.0,13.0
0.43,6.45,8.55,-8.0,18.0
0.44,6.35,8.74,-10.0,19.0
0.45,6.21,9.0,-14.0,26.0
0.46,6.1,9.22,-11.0,22.0
0.47000000000000003,6.01,9.46,-9.0,24.0
0.48,5.97,9.64,-4.0,18.0
0.49,5.93,9.83,-4.0,19.0
0.5,5.93,9.95,0.0,12.0
0.51,5.94,10.11,1.0,16.0
0.52,5.95,10.2,1.0,9.0
0.53,5.97,10.3,2.0,10.0
0.54,6.01,10.42,4.0,12.0
0.55,6.05,10.51,4.0,9.0
0.56,6.08,10.57,3.0,6.0
0.5700000000000001,6.1,10.67,2.0,10.0
0.58,6.14,10.75,4.0,8.0
0.59,6.18,10.81,4.0,6.0
0.6,6.21,10.85,3.0,4.0
0.61,6.27,10.94,6.0,9.0
0.62,6.32,11.0,5.0,6.0
0.63,6.37,11.07,5.0,7.0
0.64,6.44,11.13,7.0,6.0
0.65,6.55,11.21,11.0,8.0
0.66,6.66,11.28,11.0,7.0
0.67,6.8,11.33,14.0,5.0
0.68,6.87,11.34,7.0,1.0
0.6900000000000001,6.99,11.33,12.0,-1.0
0.7000000000000001,7.18,11.33,19.0,0.0
0.71,7.29,11.33,11.0,0.0
0.72,7.44,11.32,15.0,-1.0
0.73,7.59,11.29,15.0,-3.0
0.74,7.7,11.23,11.0,-6.0
0.75,7.81,11.18,11.0,-5.0
0.76,8.03,11.09,22.0,-9.0
0.77,8.19,10.99,16.0,-10.0
0.78,8.31,10.92,12.0,-7.0
0.79,8.41,10.86,10.0,-6.0
0.8,8.57,10.74,16.0,-12.0
0.81,8.65,10.65,8.0,-9.0
0.8200000000000001,8.74,10.54,9.0,-11.0
0.8300000000000001,8.79,10.45,5.0,-9.0
0.84,8.88,10.29,9.0,-16.0
0.85,8.96,10.16,8.0,-13.0
0.86,8.97,10.11,1.0,-5.0
0.87,9.0,10.05,3.0,-6.0
0.88,9.12,9.91,12.0,-14.0
0.89,9.2,9.8,8.0,-11.0
0.9,9.33,9.6,13.0,-20.0
0.91,9.42,9.47,9.0,-13.0
0.92,9.55,9.25,13.0,-22.0
0.93,9.67,9.05,12.0,-20.0
0.9400000000000001,9.73,8.95,6.0,-10.0
0.9500000000000001,9.8,8.84,7.0,-11.0
0.96,9.86,8.72,6.0,-12.0
0.97,9.95,8.56,9.0,-16.0
0.98,10.02,8.41,7.0,-15.0
0.99,10.11,8.22,9.0,-19.0
1.0,10.16,8.07,5.0,-15.0
1.01,10.23,7.86,7.0,-21.0
1.02,10.29,7.68,6.0,-18.0
1.03,10.34,7.53,5.0,-15.0
1.04,10.39,7.29,5.0,-24.0
1.05,10.47,7.06,8.0,-23.0
1.06,10.52,6.81,5.0,-25.0
1.07,10.58,6.59,6.0,-22.0
1.08,10.64,6.35,6.0,-24.0
1.09,10.66,6.16,2.0,-19.0
1.1,10.69,5.91,3.0,-25.0
1.11,10.7,5.71,1.0,-20.0
1.12,10.7,5.49,0.0,-22.0
1.1300000000000001,10.7,5.35,0.0,-14.0
1.1400000000000001,10.7,5.2,0.0,-15.0
1.1500000000000001,10.7,5.11,0.0,-9.0
1.16,10.7,4.98,0.0,-13.0
1.17,10.7,4.86,0.0,-12.0
1.18,10.69,4.68,-1.0,-18.0
1.19,10.69,4.56,0.0,-12.0
1.2,10.69,4.46,0.0,-10.0
1.21,10.69,4.39,0.0,-7.0
1.22,10.68,4.31,-1.0,-8.0
1.23,10.68,4.27,0.0,-4.0
1.24,10.68,4.18,0.0,-9.0
1.25,10.67,4.11,-1.0,-7.0
1.26,10.66,4.05,-1.0,-6.0
1.27,10.66,4.01,0.0,-4.0
1.28,10.65,3.95,-1.0,-6.0
1.29,10.65,3.91,0.0,-4.0
1.3,10.65,3.9,0.0,-1.0
1.31,10.65,3.9,0.0,0.0
1.32,10.65,3.9,0.0,0.0
1.33,10.65,3.9,0.0,0.0
