0.01,8.9,3.68,0.0,0.0
0.02,8.9,3.68,0.0,0.0
0.03,8.9,3.68,0.0,0.0
0.04,8.9,3.68,0.0,0.0
0.05,8.9,3.68,0.0,0.0
0.06,8.89,3.71,-1.0,3.0
0.07,8.83,3.8,-6.0,9.0
0.08,8.79,3.88,-4.0,8.0
0.09,8.76,3.94,-3.0,6.0
0.1,8.72,4.0,-4.0,6.0
0.11,8.69,4.07,-3.0,7.0
0.12,8.66,4.13,-3.0,6.0
0.13,8.63,4.18,-3.0,5.0
0.14,8.59,4.26,-4.0,8.0
0.15,8.54,4.35,-5.0,9.0
0.16,8.49,4.45,-5.0,10.0
0.17,8.45,4.55,-4.0,10.0
0.18,8.39,4.67,-6.0,12.0
0.19,8.34,4.79,-5.0,12.0
0.2,8.28,4.89,-6.0,10.0
0.21,8.26,4.95,-2.0,6.0
0.22,8.22,5.05,-4.0,10.0
0.23,8.17,5.14,-5.0,9.0
0.24,8.13,5.23,-4.0,9.0
0.25,8.08,5.38,-5.0,15.0
0.26,8.02,5.53,-6.0,15.0
0.27,7.95,5.73,-7.0,20.0
0.28,7.89,5.9,-6.0,17.0
0.29,7.84,6.14,-5.0,24.0
0.3,7.81,6.31,-3.0,17.0
0.31,7.78,6.47,-3.0,16.0
0.32,7.76,6.59,-2.0,12.0
0.33,7.72,6.75,-4.0,16.0
0.34,7.7,6.86,-2.0,11.0
0.35000000000000003,7.67,6.96,-3.0,10.0
0.36,7.63,7.13,-4.0,17.0
0.37,7.59,7.28,-4.0,15.0
0.38,7.54,7.46,-5.0,18.0
0.39,7.5,7.61,-4.0,15.0
0.4,7.45,7.81,-5.0,20.0
0.41000000000000003,7.43,7.93,-2.0,12.0
0.42,7.4,8.07,-3.0,14.0
0.43,7.37,8.24,-3.0,17.0
0.44,7.37,8.37,0.0,13.0
0.45,7.37,8.52,0.0,15.0
0.46,7.37,8.62,0.0,10.0
0.47000000000000003,7.37,8.76,0.0,14.0
0.48,7.38,8.87,1.0,11.0
0.49,7.41,9.02,3.0,15.0
0.5,7.46,9.15,5.0,13.0
0.51,7.56,9.32,10.0,17.0
0.52,7.65,9.46,9.0,14.0
0.53,7.72,9.54,7.0,8.0
0.54,7.78,9.63,6.0,9.0
0.55,7.84,9.72,6.0,9.0
0.56,7.94,9.83,10.0,11.0
0.5700000000000001,8.02,9.92,8.0,9.0
0.58,8.12,10.02,10.0,10.0
0.59,8.25,10.13,13.0,11.0
0.6,8.32,10.18,7.0,5.0
0.61,8.41,10.24,9.0,6.0
0.62,8.5,10.28,9.0,4.0
0.63,8.58,10.32,8.0,4.0
0.64,8.62,10.34,4.0,2.0
0.65,8.7,10.37,8.0,3.0
0.66,8.81,10.39,11.0,2.0
0.67,8.9,10.4,9.0,1.0
0.68,8.94,10.4,4.0,0.0
0.6900000000000001,9.05,10.4,11.0,0.0
0.7000000000000001,9.14,10.4,9.0,0.0
0.71,9.21,10.4,7.0,0.0
0.72,9.32,10.4,11.0,0.0
0.73,9.48,10.37,16.0,-3.0
0.74,9.6,10.34,12.0,-3.0
0.75,9.69,10.3,9.0,-4.0
0.76,9.85,10.22,16.0,-8.0
0.77,9.95,10.17,10.0,-5.0
0.78,10.01,10.12,6.0,-5.0
0.79,10.07,10.08,6.0,-4.0
0.8,10.11,10.02,4.0,-6.0
0.81,10.16,9.95,5.0,-7.0
0.8200000000000001,10.25,9.87,9.0,-8.0
0.8300000000000001,10.28,9.83,3.0,-4.0
0.84,10.33,9.77,5.0,-6.0
0.85,10.4,9.69,7.0,-8.0
0.86,10.48,9.57,8.0,-12.0
0.87,10.54,9.45,6.0,-12.0
0.88,10.6,9.33,6.0,-12.0
0.89,10.65,9.22,5.0,-11.0
0.9,10.68,9.12,3.0,-10.0
0.91,10.74,8.95,6.0,-17.0
0.92,10.79,8.8,5.0,-15.0
0.93,10.83,8.67,4.0,-13.0
0.9400000000000001,10.86,8.56,3.0,-11.0
0.9500000000000001,10.88,8.45,2.0,-11.0
0.96,10.9,8.32,2.0,-13.0
0.97,10.91,8.2,1.0,-12.0
0.98,10.93,8.04,2.0,-16.0
0.99,10.94,7.88,1.0,-16.0
1.0,10.94,7.76,0.0,-12.0
1.01,10.94,7.65,0.0,-11.0
1.02,10.94,7.45,0.0,-20.0
1.03,10.94,7.26,0.0,-19.0
1.04,10.94,7.08,0.0,-18.0
1.05,10.92,6.92,-2.0,-16.0
1.06,10.92,6.7,0.0,-22.0
1.07,10.9,6.55,-2.0,-15.0
1.08,10.88,6.36,-2.0,-19.0
1.09,10.86,6.22,-2.0,-14.0
1.1,10.84,6.07,-2.0,-15.0
1.11,10.83,5.91,-1.0,-16.0
1.12,10.82,5.75,-1.0,-16.0
1.1300000000000001,10.79,5.56,-3.0,-19.0
1.1400000000000001,10.79,5.43,0.0,-13.0
1.1500000000000001,10.78,5.27,-1.0,-16.0
1.16,10.76,5.17,-2.0,-10.0
1.17,10.74,5.02,-2.0,-15.0
1.18,10.72,4.91,-2.0,-11.0
1.19,10.7,4.76,-2.0,-15.0
1.2,10.68,4.65,-2.0,-11.0
1.21,10.66,4.52,-2.0,-13.0
1.22,10.64,4.41,-2.0,-11.0
1.23,10.62,4.3,-2.0,-11.0
1.24,10.62,4.23,0.0,-7.0
1.25,10.61,4.15,-1.0,-8.0
1.26,10.6,4.08,-1.0,-7.0
1.27,10.6,4.03,0.0,-5.0
1.28,10.6,3.99,0.0,-4.0
1.29,10.6,3.95,0.0,-4.0
1.3,10.61,3.9,1.0,-5.0
1.31,10.62,3.87,1.0,-3.0
1.32,10.62,3.83,0.0,-4.0
1.33,10.62,3.81,0.0,-2.0
1.34,10.62,3.8,0.0,-1.0
1.35,10.62,3.8,0.0,0.0
