0.01,8.88,3.71,0.0,3.0
0.02,8.88,3.71,0.0,0.0
0.03,8.88,3.71,0.0,0.0
0.04,8.88,3.71,0.0,0.0
0.05,8.88,3.71,0.0,0.0
0.06,8.88,3.71,0.0,0.0
0.07,8.88,3.71,0.0,0.0
0.08,8.88,3.71,0.0,0.0
0.09,8.88,3.71,0.0,0.0
0.1,8.88,3.71,0.0,0.0
0.11,8.86,3.75,-2.0,4.0
0.12,8.76,3.9,-10.0,15.0
0.13,8.71,3.98,-5.0,8.0
0.14,8.68,4.06,-3.0,8.0
0.15,8.66,4.13,-2.0,7.0
0.16,8.63,4.22,-3.0,9.0
0.17,8.61,4.28,-2.0,6.0
0.18,8.57,4.4,-4.0,12.0
0.19,8.54,4.48,-3.0,8.0
0.2,8.5,4.6,-4.0,12.0
0.21,8.43,4.76,-7.0,16.0
0.22,8.38,4.89,-5.0,13.0
0.23,8.31,5.0,-7.0,11.0
0.24,8.22,5.14,-9.0,14.0
0.25,8.1,5.3,-12.0,16.0
0.26,8.02,5.44,-8.0,14.0
0.27,7.95,5.53,-7.0,9.0
0.28,7.9,5.62,-5.0,9.0
0.29,7.81,5.75,-9.0,13.0
0.3,7.73,5.88,-8.0,13.0
0.31,7.63,6.05,-10.0,17.0
0.32,7.55,6.17,-8.0,12.0
0.33,7.48,6.31,-7.0,14.0
0.34,7.37,6.5,-11.0,19.0
0.35000000000000003,7.27,6.64,-10.0,14.0
0.36,7.2,6.77,-7.0,13.0
0.37,7.12,6.89,-8.0,12.0
0.38,7.04,7.05,-8.0,16.0
0.39,6.96,7.16,-8.0,11.0
0.4,6.89,7.3,-7.0,14.0
0.41000000000000003,6.81,7.44,-8.0,14.0
0.42,6.72,7.58,-9.0,14.0
0.43,6.64,7.73,-8.0,15.0
0.44,6.57,7.89,-7.0,16.0
0.45,6.48,8.07,-9.0,18.0
0.46,6.41,8.22,-7.0,15.0
0.47000000000000003,6.33,8.45,-8.0,23.0
0.48,6.27,8.61,-6.0,16.0
0.49,6.17,8.82,-10.0,21.0
0.5,6.13,8.96,-4.0,14.0
0.51,6.05,9.15,-8.0,19.0
0.52,6.01,9.26,-4.0,11.0
0.53,5.94,9.42,-7.0,16.0
0.54,5.9,9.54,-4.0,12.0
0.55,5.87,9.68,-3.0,14.0
0.56,5.84,9.78,-3.0,10.0
0.5700000000000001,5.81,9.96,-3.0,18.0
0.58,5.79,10.09,-2.0,13.0
0.59,5.77,10.21,-2.0,12.0
0.6,5.75,10.3,-2.0,9.0
0.61,5.73,10.42,-2.0,12.0
0.62,5.69,10.55,-4.0,13.0
0.63,5.66,10.69,-3.0,14.0
0.64,5.63,10.78,-3.0,9.0
0.65,5.6,10.89,-3.0,11.0
0.66,5.59,10.93,-1.0,4.0
0.67,5.56,11.0,-3.0,7.0
0.68,5.54,11.07,-2.0,7.0
0.6900000000000001,5.53,11.17,-1.0,10.0
0.7000000000000001,5.51,11.27,-2.0,10.0
0.71,5.48,11.4,-3.0,13.0
0.72,5.46,11.48,-2.0,8.0
0.73,5.45,11.56,-1.0,8.0
0.74,5.42,11.66,-3.0,10.0
0.75,5.4,11.78,-2.0,12.0
0.76,5.38,11.88,-2.0,10.0
0.77,5.37,11.99,-1.0,11.0
0.78,5.36,12.1,-1.0,11.0
0.79,5.37,12.24,1.0,14.0
0.8,5.41,12.33,4.0,9.0
0.81,5.45,12.4,4.0,7.0
0.8200000000000001,5.51,12.47,6.0,7.0
0.8300000000000001,5.54,12.51,3.0,4.0
0.84,5.57,12.55,3.0,4.0
0.85,5.61,12.6,4.0,5.0
0.86,5.64,12.63,3.0,3.0
0.87,5.67,12.68,3.0,5.0
0.88,5.71,12.75,4.0,7.0
0.89,5.77,12.81,6.0,6.0
0.9,5.85,12.88,8.0,7.0
0.91,5.92,12.95,7.0,7.0
0.92,5.98,13.0,6.0,5.0
0.93,6.05,13.05,7.0,5.0
0.9400000000000001,6.11,13.09,6.0,4.0
0.9500000000000001,6.22,13.16,11.0,7.0
0.96,6.27,13.19,5.0,3.0
0.97,6.32,13.22,5.0,3.0
0.98,6.37,13.25,5.0,3.0
0.99,6.41,13.28,4.0,3.0
1.0,6.44,13.31,3.0,3.0
1.01,6.5,13.36,6.0,5.0
1.02,6.55,13.41,5.0,5.0
1.03,6.6,13.48,5.0,7.0
1.04,6.65,13.53,5.0,5.0
1.05,6.7,13.56,5.0,3.0
1.06,6.81,13.61,11.0,5.0
1.07,6.9,13.63,9.0,2.0
1.08,6.95,13.64,5.0,1.0
1.09,6.98,13.64,3.0,0.0
1.1,7.0,13.64,2.0,0.0
1.11,7.06,13.64,6.0,0.0
1.12,7.13,13.64,7.0,0.0
1.1300000000000001,7.19,13.64,6.0,0.0
1.1400000000000001,7.25,13.63,6.0,-1.0
1.1500000000000001,7.31,13.62,6.0,-1.0
1.16,7.41,13.59,10.0,-3.0
1.17,7.5,13.57,9.0,-2.0
1.18,7.63,13.56,13.0,-1.0
1.19,7.73,13.55,10.0,-1.0
1.2,7.81,13.54,8.0,-1.0
1.21,7.88,13.53,7.0,-1.0
1.22,8.01,13.51,13.0,-2.0
1.23,8.13,13.48,12.0,-3.0
1.24,8.21,13.45,8.0,-3.0
1.25,8.26,13.42,5.0,-3.0
1.26,8.33,13.39,7.0,-3.0
1.27,8.38,13.36,5.0,-3.0
1.28,8.47,13.31,9.0,-5.0
1.29,8.55,13.27,8.0,-4.0
1.3,8.68,13.23,13.0,-4.0
1.31,8.74,13.19,6.0,-4.0
1.32,8.81,13.14,7.0,-5.0
1.33,8.88,13.1,7.0,-4.0
1.34,8.93,13.06,5.0,-4.0
1.35,8.97,13.04,4.0,-2.0
1.36,9.02,13.02,5.0,-2.0
1.37,9.07,13.01,5.0,-1.0
1.3800000000000001,9.14,12.99,7.0,-2.0
1.3900000000000001,9.21,12.98,7.0,-1.0
1.4000000000000001,9.24,12.97,3.0,-1.0
1.41,9.31,12.94,7.0,-3.0
1.42,9.42,12.9,11.0,-4.0
1.43,9.48,12.87,6.0,-3.0
1.44,9.55,12.82,7.0,-5.0
1.45,9.61,12.77,6.0,-5.0
1.46,9.66,12.74,5.0,-3.0
1.47,9.69,12.7,3.0,-4.0
1.48,9.73,12.62,4.0,-8.0
1.49,9.77,12.55,4.0,-7.0
1.5,9.82,12.44,5.0,-11.0
1.51,9.89,12.34,7.0,-10.0
1.52,9.98,12.18,9.0,-16.0
1.53,10.04,12.07,6.0,-11.0
1.54,10.08,11.98,4.0,-9.0
1.55,10.12,11.89,4.0,-9.0
1.56,10.17,11.79,5.0,-10.0
1.57,10.2,11.7,3.0,-9.0
1.58,10.23,11.56,3.0,-14.0
1.59,10.24,11.39,1.0,-17.0
1.6,10.27,11.2,3.0,-19.0
1.61,10.27,10.99,0.0,-21.0
1.62,10.27,10.77,0.0,-22.0
1.6300000000000001,10.29,10.49,2.0,-28.0
1.6400000000000001,10.32,10.29,3.0,-20.0
1.6500000000000001,10.33,10.12,1.0,-17.0
1.6600000000000001,10.35,9.96,2.0,-16.0
1.67,10.36,9.8,1.0,-16.0
1.68,10.38,9.59,2.0,-21.0
1.69,10.4,9.43,2.0,-16.0
1.7,10.43,9.26,3.0,-17.0
1.71,10.46,9.08,3.0,-18.0
1.72,10.5,8.9,4.0,-18.0
1.73,10.54,8.7,4.0,-20.0
1.74,10.55,8.54,1.0,-16.0
1.75,10.58,8.34,3.0,-20.0
1.76,10.61,8.14,3.0,-20.0
1.77,10.63,7.83,2.0,-31.0
1.78,10.63,7.5,0.0,-33.0
1.79,10.59,7.22,-4.0,-28.0
1.8,10.59,7.03,0.0,-19.0
1.81,10.59,6.85,0.0,-18.0
1.82,10.59,6.73,0.0,-12.0
1.83,10.59,6.62,0.0,-11.0
1.84,10.59,6.48,0.0,-14.0
1.85,10.59,6.36,0.0,-12.0
1.86,10.59,6.17,0.0,-19.0
1.87,10.59,6.01,0.0,-16.0
1.8800000000000001,10.59,5.89,0.0,-12.0
1.8900000000000001,10.59,5.68,0.0,-21.0
1.9000000000000001,10.59,5.58,0.0,-10.0
1.9100000000000001,10.59,5.42,0.0,-16.0
1.92,10.59,5.3,0.0,-12.0
1.93,10.58,5.16,-1.0,-14.0
1.94,10.57,5.05,-1.0,-11.0
1.95,10.57,4.86,0.0,-19.0
1.96,10.57,4.73,0.0,-13.0
1.97,10.58,4.55,1.0,-18.0
1.98,10.62,4.41,4.0,-14.0
1.99,10.64,4.3,2.0,-11.0
2.0,10.64,4.27,0.0,-3.0
2.0100000000000002,10.64,4.27,0.0,0.0
2.02,10.64,4.27,0.0,0.0
2.0300000000000002,10.64,4.27,0.0,0.0
2.04,10.64,4.27,0.0,0.0
2.05,10.64,4.18,0.0,-9.0
2.06,10.64,4.11,0.0,-7.0
2.07,10.65,4.06,1.0,-5.0
2.08,10.66,4.03,1.0,-3.0
2.09,10.66,3.97,0.0,-6.0
2.1,10.66,3.94,0.0,-3.0
2.11,10.66,3.94,0.0,0.0
2.12,10.66,3.94,0.0,0.0
2.13,10.66,3.94,0.0,0.0
2.14,10.66,3.94,0.0,0.0
2.15,10.66,3.94,0.0,0.0
2.16,10.66,3.91,0.0,-3.0
2.17,10.67,3.86,1.0,-5.0
2.18,10.68,3.84,1.0,-2.0
2.19,10.68,3.84,0.0,0.0
2.2,10.68,3.84,0.0,0.0
