0.01,8.87,3.66,0.0,0.0
0.02,8.87,3.66,0.0,0.0
0.03,8.87,3.66,0.0,0.0
0.04,8.81,3.73,-6.0,7.0
0.05,8.76,3.78,-5.0,5.0
0.06,8.7,3.87,-6.0,9.0
0.07,8.63,3.97,-7.0,10.0
0.08,8.56,4.08,-7.0,11.0
0.09,8.52,4.16,-4.0,8.0
0.1,8.47,4.24,-5.0,8.0
0.11,8.42,4.31,-5.0,7.0
0.12,8.37,4.41,-5.0,10.0
0.13,8.33,4.47,-4.0,6.0
0.14,8.27,4.57,-6.0,10.0
0.15,8.22,4.66,-5.0,9.0
0.16,8.12,4.8,-10.0,14.0
0.17,8.04,4.9,-8.0,10.0
0.18,7.96,5.03,-8.0,13.0
0.19,7.9,5.16,-6.0,13.0
0.2,7.81,5.33,-9.0,17.0
0.21,7.75,5.46,-6.0,13.0
0.22,7.65,5.65,-10.0,19.0
0.23,7.55,5.8,-10.0,15.0
0.24,7.46,5.94,-9.0,14.0
0.25,7.41,6.05,-5.0,11.0
0.26,7.34,6.17,-7.0,12.0
0.27,7.28,6.29,-6.0,12.0
0.28,7.21,6.44,-7.0,15.0
0.29,7.17,6.56,-4.0,12.0
0.3,7.08,6.73,-9.0,17.0
0.31,7.0,6.86,-8.0,13.0
0.32,6.91,7.03,-9.0,17.0
0.33,6.83,7.18,-8.0,15.0
0.34,6.72,7.36,-11.0,18.0
0.35000000000000003,6.62,7.51,-10.0,15.0
0.36,6.54,7.68,-8.0,17.0
0.37,6.47,7.81,-7.0,13.0
0.38,6.41,7.99,-6.0,18.0
0.39,6.38,8.11,-3.0,12.0
0.4,6.36,8.26,-2.0,15.0
0.41000000000000003,6.32,8.42,-4.0,16.0
0.42,6.28,8.56,-4.0,14.0
0.43,6.24,8.75,-4.0,19.0
0.44,6.19,8.9,-5.0,15.0
0.45,6.19,9.04,0.0,14.0
0.46,6.15,9.19,-4.0,15.0
0.47000000000000003,6.12,9.27,-3.0,8.0
0.48,6.07,9.4,-5.0,13.0
0.49,6.0,9.59,-7.0,19.0
0.5,5.96,9.76,-4.0,17.0
0.51,5.93,9.96,-3.0,20.0
0.52,5.91,10.1,-2.0,14.0
0.53,5.9,10.24,-1.0,14.0
0.54,5.9,10.39,0.0,15.0
0.55,5.9,10.54,0.0,15.0
0.56,5.9,10.66,0.0,12.0
0.5700000000000001,5.89,10.82,-1.0,16.0
0.58,5.89,11.01,0.0,19.0
0.59,5.89,11.13,0.0,12.0
0.6,5.87,11.24,-2.0,11.0
0.61,5.75,11.44,-12.0,20.0
0.62,5.69,11.63,-6.0,19.0
0.63,5.67,11.84,-2.0,21.0
0.64,5.67,11.96,0.0,12.0
0.65,5.71,12.08,4.0,12.0
0.66,5.73,12.17,2.0,9.0
0.67,5.77,12.28,4.0,11.0
0.68,5.8,12.37,3.0,9.0
0.6900000000000001,5.82,12.48,2.0,11.0
0.7000000000000001,5.83,12.57,1.0,9.0
0.71,5.86,12.66,3.0,9.0
0.72,5.91,12.73,5.0,7.0
0.73,5.95,12.82,4.0,9.0
0.74,5.98,12.89,3.0,7.0
0.75,6.0,13.01,2.0,12.0
0.76,6.02,13.09,2.0,8.0
0.77,6.06,13.17,4.0,8.0
0.78,6.09,13.22,3.0,5.0
0.79,6.11,13.25,2.0,3.0
0.8,6.13,13.28,2.0,3.0
0.81,6.15,13.3,2.0,2.0
0.8200000000000001,6.15,13.3,0.0,0.0
0.8300000000000001,6.16,13.32,1.0,2.0
0.84,6.26,13.39,10.0,7.0
0.85,6.29,13.43,3.0,4.0
0.86,6.31,13.45,2.0,2.0
0.87,6.35,13.48,4.0,3.0
0.88,6.4,13.52,5.0,4.0
0.89,6.42,13.54,2.0,2.0
0.9,6.47,13.57,5.0,3.0
0.91,6.5,13.58,3.0,1.0
0.92,6.59,13.6,9.0,2.0
0.93,6.73,13.61,14.0,1.0
0.9400000000000001,6.85,13.61,12.0,0.0
0.9500000000000001,6.93,13.61,8.0,0.0
0.96,7.01,13.61,8.0,0.0
0.97,7.05,13.6,4.0,-1.0
0.98,7.16,13.6,11.0,0.0
0.99,7.32,13.6,16.0,0.0
1.0,7.4,13.6,8.0,0.0
1.01,7.53,13.6,13.0,0.0
1.02,7.65,13.6,12.0,0.0
1.03,7.72,13.6,7.0,0.0
1.04,7.8,13.6,8.0,0.0
1.05,7.94,13.59,14.0,-1.0
1.06,8.06,13.57,12.0,-2.0
1.07,8.18,13.56,12.0,-1.0
1.08,8.28,13.54,10.0,-2.0
1.09,8.39,13.53,11.0,-1.0
1.1,8.51,13.51,12.0,-2.0
1.11,8.56,13.49,5.0,-2.0
1.12,8.65,13.46,9.0,-3.0
1.1300000000000001,8.72,13.44,7.0,-2.0
1.1400000000000001,8.8,13.42,8.0,-2.0
1.1500000000000001,8.87,13.39,7.0,-3.0
1.16,8.94,13.35,7.0,-4.0
1.17,8.98,13.33,4.0,-2.0
1.18,9.03,13.3,5.0,-3.0
1.19,9.09,13.27,6.0,-3.0
1.2,9.15,13.24,6.0,-3.0
1.21,9.18,13.21,3.0,-3.0
1.22,9.22,13.19,4.0,-2.0
1.23,9.23,13.17,1.0,-2.0
1.24,9.23,13.16,0.0,-1.0
1.25,9.26,13.14,3.0,-2.0
1.26,9.33,13.1,7.0,-4.0
1.27,9.38,13.07,5.0,-3.0
1.28,9.43,13.04,5.0,-3.0
1.29,9.46,13.03,3.0,-1.0
1.3,9.54,12.99,8.0,-4.0
1.31,9.61,12.95,7.0,-4.0
1.32,9.69,12.91,8.0,-4.0
1.33,9.75,12.89,6.0,-2.0
1.34,9.77,12.87,2.0,-2.0
1.35,9.83,12.83,6.0,-4.0
1.36,9.87,12.78,4.0,-5.0
1.37,9.93,12.71,6.0,-7.0
1.3800000000000001,9.99,12.61,6.0,-10.0
1.3900000000000001,10.06,12.49,7.0,-12.0
1.4000000000000001,10.12,12.33,6.0,-16.0
1.41,10.19,12.19,7.0,-14.0
1.42,10.23,12.1,4.0,-9.0
1.43,10.26,12.02,3.0,-8.0
1.44,10.29,11.94,3.0,-8.0
1.45,10.32,11.87,3.0,-7.0
1.46,10.35,11.77,3.0,-10.0
1.47,10.39,11.64,4.0,-13.0
1.48,10.42,11.55,3.0,-9.0
1.49,10.45,11.41,3.0,-14.0
1.5,10.47,11.29,2.0,-12.0
1.51,10.48,11.19,1.0,-10.0
1.52,10.5,11.07,2.0,-12.0
1.53,10.51,10.92,1.0,-15.0
1.54,10.52,10.82,1.0,-10.0
1.55,10.55,10.68,3.0,-14.0
1.56,10.56,10.56,1.0,-12.0
1.57,10.57,10.41,1.0,-15.0
1.58,10.59,10.3,2.0,-11.0
1.59,10.6,10.19,1.0,-11.0
1.6,10.63,10.09,3.0,-10.0
1.61,10.65,9.99,2.0,-10.0
1.62,10.67,9.92,2.0,-7.0
1.6300000000000001,10.7,9.85,3.0,-7.0
1.6400000000000001,10.71,9.79,1.0,-6.0
1.6500000000000001,10.73,9.66,2.0,-13.0
1.6600000000000001,10.74,9.57,1.0,-9.0
1.67,10.74,9.45,0.0,-12.0
1.68,10.74,9.3,0.0,-15.0
1.69,10.74,9.19,0.0,-11.0
1.7,10.74,9.08,0.0,-11.0
1.71,10.74,8.94,0.0,-14.0
1.72,10.73,8.74,-1.0,-20.0
1.73,10.72,8.62,-1.0,-12.0
1.74,10.72,8.48,0.0,-14.0
1.75,10.73,8.35,1.0,-13.0
1.76,10.71,8.17,-2.0,-18.0
1.77,10.7,8.0,-1.0,-17.0
1.78,10.67,7.81,-3.0,-19.0
1.79,10.67,7.66,0.0,-15.0
1.8,10.66,7.46,-1.0,-20.0
1.81,10.66,7.28,0.0,-18.0
1.82,10.66,7.09,0.0,-19.0
1.83,10.65,6.89,-1.0,-20.0
1.84,10.65,6.68,0.0,-21.0
1.85,10.62,6.5,-3.0,-18.0
1.86,10.64,6.32,2.0,-18.0
1.87,10.64,6.17,0.0,-15.0
1.8800000000000001,10.64,5.98,0.0,-19.0
1.8900000000000001,10.65,5.83,1.0,-15.0
1.9000000000000001,10.67,5.65,2.0,-18.0
1.9100000000000001,10.67,5.53,0.0,-12.0
1.92,10.69,5.37,2.0,-16.0
1.93,10.69,5.24,0.0,-13.0
1.94,10.69,5.12,0.0,-12.0
1.95,10.69,5.03,0.0,-9.0
1.96,10.7,4.9,1.0,-13.0
1.97,10.7,4.81,0.0,-9.0
1.98,10.72,4.69,2.0,-12.0
1.99,10.72,4.59,0.0,-10.0
2.0,10.72,4.45,0.0,-14.0
2.0100000000000002,10.72,4.36,0.0,-9.0
2.02,10.72,4.26,0.0,-10.0
2.0300000000000002,10.72,4.2,0.0,-6.0
2.04,10.72,4.14,0.0,-6.0
2.05,10.72,4.1,0.0,-4.0
2.06,10.72,4.08,0.0,-2.0
2.07,10.72,4.08,0.0,0.0
2.08,10.72,4.08,0.0,0.0
2.09,10.72,4.04,0.0,-4.0
2.1,10.71,3.96,-1.0,-8.0
2.11,10.71,3.87,0.0,-9.0
2.12,10.71,3.8,0.0,-7.0
2.13,10.71,3.8,0.0,0.0
2.14,10.71,3.8,0.0,0.0
2.15,10.71,3.8,0.0,0.0
2.16,10.71,3.8,0.0,0.0
2.17,10.71,3.8,0.0,0.0
2.18,10.71,3.8,0.0,0.0
2.19,10.71,3.8,0.0,0.0
2.2,10.71,3.8,0.0,0.0
2.21,10.71,3.8,0.0,0.0
2.22,10.71,3.8,0.0,0.0
2.23,10.71,3.8,0.0,0.0
2.24,10.69,3.77,-2.0,-3.0
2.25,10.67,3.75,-2.0,-2.0
2.2600000000000002,10.67,3.74,0.0,-1.0
2.27,10.67,3.74,0.0,0.0
2.2800000000000002,10.67,3.74,0.0,0.0
2.29,10.67,3.74,0.0,0.0
2.3000000000000003,10.67,3.74,0.0,0.0
2.31,10.67,3.74,0.0,0.0
2.32,10.67,3.74,0.0,0.0
2.33,10.67,3.74,0.0,0.0
2.34,10.62,3.74,-5.0,0.0
2.35,10.6,3.74,-2.0,0.0
