0.01,8.95,3.66,0.0,0.0
0.02,8.95,3.66,0.0,0.0
0.03,8.95,3.67,0.0,1.0
0.04,8.95,3.67,0.0,0.0
0.05,8.95,3.67,0.0,0.0
0.06,8.95,3.67,0.0,0.0
0.07,8.95,3.67,0.0,0.0
0.08,8.92,3.72,-3.0,5.0
0.09,8.88,3.79,-4.0,7.0
0.1,8.87,3.84,-1.0,5.0
0.11,8.86,3.86,-1.0,2.0
0.12,8.84,3.9,-2.0,4.0
0.13,8.83,3.91,-1.0,1.0
0.14,8.81,3.95,-2.0,4.0
0.15,8.79,4.0,-2.0,5.0
0.16,8.75,4.05,-4.0,5.0
0.17,8.72,4.11,-3.0,6.0
0.18,8.69,4.17,-3.0,6.0
0.19,8.68,4.21,-1.0,4.0
0.2,8.64,4.3,-4.0,9.0
0.21,8.61,4.36,-3.0,6.0
0.22,8.57,4.44,-4.0,8.0
0.23,8.54,4.5,-3.0,6.0
0.24,8.49,4.61,-5.0,11.0
0.25,8.44,4.71,-5.0,10.0
0.26,8.39,4.82,-5.0,11.0
0.27,8.35,4.93,-4.0,11.0
0.28,8.33,5.04,-2.0,11.0
0.29,8.31,5.16,-2.0,12.0
0.3,8.29,5.23,-2.0,7.0
0.31,8.27,5.29,-2.0,6.0
0.32,8.26,5.37,-1.0,8.0
0.33,8.22,5.45,-4.0,8.0
0.34,8.2,5.52,-2.0,7.0
0.35000000000000003,8.19,5.6,-1.0,8.0
0.36,8.18,5.65,-1.0,5.0
0.37,8.17,5.73,-1.0,8.0
0.38,8.16,5.81,-1.0,8.0
0.39,8.12,5.91,-4.0,10.0
0.4,8.11,5.99,-1.0,8.0
0.41000000000000003,8.08,6.12,-3.0,13.0
0.42,8.05,6.27,-3.0,15.0
0.43,8.03,6.4,-2.0,13.0
0.44,8.02,6.57,-1.0,17.0
0.45,8.02,6.71,0.0,14.0
0.46,8.03,6.87,1.0,16.0
0.47000000000000003,8.03,7.0,0.0,13.0
0.48,8.03,7.08,0.0,8.0
0.49,8.03,7.18,0.0,10.0
0.5,8.03,7.25,0.0,7.0
0.51,8.03,7.3,0.0,5.0
0.52,8.04,7.37,1.0,7.0
0.53,8.04,7.45,0.0,8.0
0.54,8.04,7.52,0.0,7.0
0.55,8.06,7.61,2.0,9.0
0.56,8.08,7.7,2.0,9.0
0.5700000000000001,8.09,7.76,1.0,6.0
0.58,8.16,7.89,7.0,13.0
0.59,8.23,8.0,7.0,11.0
0.6,8.27,8.08,4.0,8.0
0.61,8.29,8.13,2.0,5.0
0.62,8.33,8.21,4.0,8.0
0.63,8.36,8.28,3.0,7.0
0.64,8.42,8.37,6.0,9.0
0.65,8.48,8.47,6.0,10.0
0.66,8.53,8.54,5.0,7.0
0.67,8.61,8.63,8.0,9.0
0.68,8.66,8.69,5.0,6.0
0.6900000000000001,8.71,8.74,5.0,5.0
0.7000000000000001,8.77,8.79,6.0,5.0
0.71,8.82,8.83,5.0,4.0
0.72,8.87,8.86,5.0,3.0
0.73,8.95,8.89,8.0,3.0
0.74,9.0,8.9,5.0,1.0
0.75,9.03,8.91,3.0,1.0
0.76,9.08,8.92,5.0,1.0
0.77,9.16,8.94,8.0,2.0
0.78,9.22,8.95,6.0,1.0
0.79,9.28,8.96,6.0,1.0
0.8,9.36,8.96,8.0,0.0
0.81,9.44,8.96,8.0,0.0
0.8200000000000001,9.44,8.96,0.0,0.0
0.8300000000000001,9.48,8.94,4.0,-2.0
0.84,9.57,8.9,9.0,-4.0
0.85,9.61,8.88,4.0,-2.0
0.86,9.64,8.85,3.0,-3.0
0.87,9.7,8.81,6.0,-4.0
0.88,9.73,8.77,3.0,-4.0
0.89,9.78,8.72,5.0,-5.0
0.9,9.81,8.68,3.0,-4.0
0.91,9.85,8.61,4.0,-7.0
0.92,9.89,8.55,4.0,-6.0
0.93,9.93,8.49,4.0,-6.0
0.9400000000000001,9.97,8.42,4.0,-7.0
0.9500000000000001,10.03,8.33,6.0,-9.0
0.96,10.07,8.27,4.0,-6.0
0.97,10.12,8.18,5.0,-9.0
0.98,10.14,8.13,2.0,-5.0
0.99,10.17,8.05,3.0,-8.0
1.0,10.18,7.97,1.0,-8.0
1.01,10.2,7.89,2.0,-8.0
1.02,10.23,7.83,3.0,-6.0
1.03,10.28,7.74,5.0,-9.0
1.04,10.33,7.62,5.0,-12.0
1.05,10.37,7.47,4.0,-15.0
1.06,10.4,7.37,3.0,-10.0
1.07,10.45,7.26,5.0,-11.0
1.08,10.47,7.17,2.0,-9.0
1.09,10.5,7.08,3.0,-9.0
1.1,10.51,7.01,1.0,-7.0
1.11,10.52,6.92,1.0,-9.0
1.12,10.54,6.79,2.0,-13.0
1.1300000000000001,10.56,6.72,2.0,-7.0
1.1400000000000001,10.57,6.63,1.0,-9.0
1.1500000000000001,10.59,6.49,2.0,-14.0
1.16,10.59,6.41,0.0,-8.0
1.17,10.61,6.3,2.0,-11.0
1.18,10.62,6.14,1.0,-16.0
1.19,10.62,6.0,0.0,-14.0
1.2,10.62,5.89,0.0,-11.0
1.21,10.62,5.8,0.0,-9.0
1.22,10.63,5.68,1.0,-12.0
1.23,10.63,5.62,0.0,-6.0
1.24,10.63,5.56,0.0,-6.0
1.25,10.63,5.51,0.0,-5.0
1.26,10.63,5.44,0.0,-7.0
1.27,10.63,5.37,0.0,-7.0
1.28,10.63,5.28,0.0,-9.0
1.29,10.63,5.18,0.0,-10.0
1.3,10.63,5.11,0.0,-7.0
1.31,10.63,5.01,0.0,-10.0
1.32,10.63,4.94,0.0,-7.0
1.33,10.64,4.88,1.0,-6.0
1.34,10.65,4.77,1.0,-11.0
1.35,10.64,4.66,-1.0,-11.0
1.36,10.64,4.56,0.0,-10.0
1.37,10.64,4.44,0.0,-12.0
1.3800000000000001,10.64,4.35,0.0,-9.0
1.3900000000000001,10.64,4.27,0.0,-8.0
1.4000000000000001,10.64,4.22,0.0,-5.0
1.41,10.65,4.09,1.0,-13.0
1.42,10.65,3.99,0.0,-10.0
1.43,10.65,3.94,0.0,-5.0
1.44,10.65,3.89,0.0,-5.0
1.45,10.65,3.86,0.0,-3.0
1.46,10.65,3.84,0.0,-2.0
1.47,10.64,3.82,-1.0,-2.0
1.48,10.64,3.82,0.0,0.0
1.49,10.64,3.82,0.0,0.0
1.5,10.64,3.82,0.0,0.0
1.51,10.64,3.82,0.0,0.0
1.52,10.64,3.82,0.0,0.0
1.53,10.64,3.82,0.0,0.0
1.54,10.6,3.82,-4.0,0.0
1.55,10.54,3.8,-6.0,-2.0
1.56,10.51,3.79,-3.0,-1.0
1.57,10.51,3.79,0.0,0.0
1.58,10.51,3.79,0.0,0.0
