0.01,8.91,3.67,0.0,0.0
0.02,8.91,3.67,0.0,0.0
0.03,8.91,3.67,0.0,0.0
0.04,8.91,3.67,0.0,0.0
0.05,8.91,3.67,0.0,0.0
0.06,8.91,3.67,0.0,0.0
0.07,8.89,3.71,-2.0,4.0
0.08,8.82,3.79,-7.0,8.0
0.09,8.75,3.87,-7.0,8.0
0.1,8.69,3.94,-6.0,7.0
0.11,8.54,4.07,-15.0,13.0
0.12,8.41,4.16,-13.0,9.0
0.13,8.32,4.22,-9.0,6.0
0.14,8.27,4.26,-5.0,4.0
0.15,8.18,4.33,-9.0,7.0
0.16,8.04,4.42,-14.0,9.0
0.17,7.95,4.49,-9.0,7.0
0.18,7.86,4.55,-9.0,6.0
0.19,7.77,4.62,-9.0,7.0
0.2,7.64,4.73,-13.0,11.0
0.21,7.52,4.83,-12.0,10.0
0.22,7.43,4.91,-9.0,8.0
0.23,7.34,5.04,-9.0,13.0
0.24,7.26,5.15,-8.0,11.0
0.25,7.17,5.26,-9.0,11.0
0.26,7.1,5.36,-7.0,10.0
0.27,7.02,5.48,-8.0,12.0
0.28,6.96,5.56,-6.0,8.0
0.29,6.86,5.7,-10.0,14.0
0.3,6.8,5.8,-6.0,10.0
0.31,6.71,5.95,-9.0,15.0
0.32,6.6,6.13,-11.0,18.0
0.33,6.48,6.33,-12.0,20.0
0.34,6.4,6.45,-8.0,12.0
0.35000000000000003,6.3,6.63,-10.0,18.0
0.36,6.22,6.85,-8.0,22.0
0.37,6.17,6.97,-5.0,12.0
0.38,6.1,7.11,-7.0,14.0
0.39,6.04,7.23,-6.0,12.0
0.4,5.99,7.36,-5.0,13.0
0.41000000000000003,5.92,7.46,-7.0,10.0
0.42,5.85,7.62,-7.0,16.0
0.43,5.83,7.71,-2.0,9.0
0.44,5.77,7.82,-6.0,11.0
0.45,5.73,7.91,-4.0,9.0
0.46,5.69,8.0,-4.0,9.0
0.47000000000000003,5.64,8.07,-5.0,7.0
0.48,5.6,8.14,-4.0,7.0
0.49,5.59,8.19,-1.0,5.0
0.5,5.56,8.27,-3.0,8.0
0.51,5.55,8.35,-1.0,8.0
0.52,5.54,8.47,-1.0,12.0
0.53,5.54,8.56,0.0,9.0
0.54,5.54,8.67,0.0,11.0
0.55,5.54,8.77,0.0,10.0
0.56,5.54,8.88,0.0,11.0
0.5700000000000001,5.54,8.95,0.0,7.0
0.58,5.55,8.98,1.0,3.0
0.59,5.58,9.03,3.0,5.0
0.6,5.62,9.09,4.0,6.0
0.61,5.65,9.14,3.0,5.0
0.62,5.7,9.2,5.0,6.0
0.63,5.75,9.27,5.0,7.0
0.64,5.82,9.35,7.0,8.0
0.65,5.87,9.4,5.0,5.0
0.66,5.94,9.46,7.0,6.0
0.67,6.03,9.53,9.0,7.0
0.68,6.09,9.57,6.0,4.0
0.6900000000000001,6.15,9.61,6.0,4.0
0.7000000000000001,6.21,9.64,6.0,3.0
0.71,6.32,9.69,11.0,5.0
0.72,6.36,9.72,4.0,3.0
0.73,6.42,9.74,6.0,2.0
0.74,6.48,9.77,6.0,3.0
0.75,6.55,9.78,7.0,1.0
0.76,6.6,9.8,5.0,2.0
0.77,6.7,9.82,10.0,2.0
0.78,6.77,9.82,7.0,0.0
0.79,6.86,9.84,9.0,2.0
0.8,6.92,9.85,6.0,1.0
0.81,6.98,9.85,6.0,0.0
0.8200000000000001,7.01,9.85,3.0,0.0
0.8300000000000001,7.08,9.84,7.0,-1.0
0.84,7.13,9.83,5.0,-1.0
0.85,7.23,9.81,10.0,-2.0
0.86,7.31,9.8,8.0,-1.0
0.87,7.38,9.79,7.0,-1.0
0.88,7.47,9.77,9.0,-2.0
0.89,7.55,9.76,8.0,-1.0
0.9,7.65,9.74,10.0,-2.0
0.91,7.77,9.72,12.0,-2.0
0.92,7.85,9.7,8.0,-2.0
0.93,7.96,9.66,11.0,-4.0
0.9400000000000001,8.06,9.62,10.0,-4.0
0.9500000000000001,8.14,9.59,8.0,-3.0
0.96,8.21,9.56,7.0,-3.0
0.97,8.33,9.5,12.0,-6.0
0.98,8.39,9.46,6.0,-4.0
0.99,8.51,9.41,12.0,-5.0
1.0,8.59,9.36,8.0,-5.0
1.01,8.68,9.29,9.0,-7.0
1.02,8.76,9.22,8.0,-7.0
1.03,8.85,9.13,9.0,-9.0
1.04,8.91,9.06,6.0,-7.0
1.05,8.97,8.98,6.0,-8.0
1.06,9.04,8.88,7.0,-10.0
1.07,9.11,8.78,7.0,-10.0
1.08,9.15,8.71,4.0,-7.0
1.09,9.23,8.57,8.0,-14.0
1.1,9.29,8.48,6.0,-9.0
1.11,9.34,8.37,5.0,-11.0
1.12,9.39,8.28,5.0,-9.0
1.1300000000000001,9.44,8.17,5.0,-11.0
1.1400000000000001,9.5,8.03,6.0,-14.0
1.1500000000000001,9.52,7.96,2.0,-7.0
1.16,9.57,7.85,5.0,-11.0
1.17,9.61,7.77,4.0,-8.0
1.18,9.65,7.67,4.0,-10.0
1.19,9.68,7.58,3.0,-9.0
1.2,9.72,7.46,4.0,-12.0
1.21,9.75,7.34,3.0,-12.0
1.22,9.79,7.22,4.0,-12.0
1.23,9.82,7.13,3.0,-9.0
1.24,9.87,6.99,5.0,-14.0
1.25,9.9,6.88,3.0,-11.0
1.26,9.93,6.8,3.0,-8.0
1.27,10.01,6.68,8.0,-12.0
1.28,10.06,6.57,5.0,-11.0
1.29,10.11,6.47,5.0,-10.0
1.3,10.14,6.37,3.0,-10.0
1.31,10.17,6.28,3.0,-9.0
1.32,10.19,6.16,2.0,-12.0
1.33,10.2,6.05,1.0,-11.0
1.34,10.23,5.9,3.0,-15.0
1.35,10.26,5.75,3.0,-15.0
1.36,10.28,5.65,2.0,-10.0
1.37,10.3,5.54,2.0,-11.0
1.3800000000000001,10.31,5.45,1.0,-9.0
1.3900000000000001,10.33,5.31,2.0,-14.0
1.4000000000000001,10.35,5.22,2.0,-9.0
1.41,10.35,5.17,0.0,-5.0
1.42,10.35,5.07,0.0,-10.0
1.43,10.35,5.01,0.0,-6.0
1.44,10.36,4.94,1.0,-7.0
1.45,10.37,4.88,1.0,-6.0
1.46,10.38,4.79,1.0,-9.0
1.47,10.39,4.73,1.0,-6.0
1.48,10.39,4.68,0.0,-5.0
1.49,10.41,4.61,2.0,-7.0
1.5,10.42,4.53,1.0,-8.0
1.51,10.44,4.46,2.0,-7.0
1.52,10.45,4.4,1.0,-6.0
1.53,10.46,4.35,1.0,-5.0
1.54,10.46,4.32,0.0,-3.0
1.55,10.46,4.27,0.0,-5.0
1.56,10.46,4.24,0.0,-3.0
1.57,10.46,4.18,0.0,-6.0
1.58,10.47,4.13,1.0,-5.0
1.59,10.47,4.1,0.0,-3.0
1.6,10.47,4.07,0.0,-3.0
1.61,10.48,4.01,1.0,-6.0
1.62,10.48,4.01,0.0,0.0
1.6300000000000001,10.48,4.0,0.0,-1.0
1.6400000000000001,10.48,4.0,0.0,0.0
1.6500000000000001,10.5,3.97,2.0,-3.0
1.6600000000000001,10.52,3.95,2.0,-2.0
1.67,10.54,3.91,2.0,-4.0
1.68,10.54,3.9,0.0,-1.0
1.69,10.54,3.9,0.0,0.0
1.7,10.58,3.86,4.0,-4.0
1.71,10.61,3.81,3.0,-5.0
1.72,10.62,3.8,1.0,-1.0
1.73,10.62,3.8,0.0,0.0
1.74,10.62,3.79,0.0,-1.0
1.75,10.62,3.79,0.0,0.0
1.76,10.62,3.79,0.0,0.0
1.77,10.62,3.79,0.0,0.0
1.78,10.62,3.79,0.0,0.0
1.79,10.64,3.76,2.0,-3.0
1.8,10.64,3.74,0.0,-2.0
1.81,10.64,3.73,0.0,-1.0
1.82,10.64,3.73,0.0,0.0
1.83,10.64,3.73,0.0,0.0
1.84,10.64,3.73,0.0,0.0
