0.01,8.91,3.69,0.0,0.0
0.02,8.91,3.69,0.0,0.0
0.03,8.91,3.69,0.0,0.0
0.04,8.91,3.69,0.0,0.0
0.05,8.91,3.69,0.0,0.0
0.06,8.91,3.69,0.0,0.0
0.07,8.91,3.69,0.0,0.0
0.08,8.89,3.7,-2.0,1.0
0.09,8.81,3.75,-8.0,5.0
0.1,8.74,3.78,-7.0,3.0
0.11,8.67,3.82,-7.0,4.0
0.12,8.56,3.85,-11.0,3.0
0.13,8.47,3.87,-9.0,2.0
0.14,8.41,3.88,-6.0,1.0
0.15,8.34,3.89,-7.0,1.0
0.16,8.24,3.9,-10.0,1.0
0.17,8.12,3.91,-12.0,1.0
0.18,8.07,3.92,-5.0,1.0
0.19,7.96,3.93,-11.0,1.0
0.2,7.85,3.93,-11.0,0.0
0.21,7.75,3.93,-10.0,0.0
0.22,7.67,3.94,-8.0,1.0
0.23,7.56,3.95,-11.0,1.0
0.24,7.47,3.95,-9.0,0.0
0.25,7.33,3.95,-14.0,0.0
0.26,7.14,3.95,-19.0,0.0
0.27,6.94,3.95,-20.0,0.0
0.28,6.83,3.95,-11.0,0.0
0.29,6.78,3.95,-5.0,0.0
0.3,6.71,3.96,-7.0,1.0
0.31,6.6,3.97,-11.0,1.0
0.32,6.52,3.99,-8.0,2.0
0.33,6.43,4.01,-9.0,2.0
0.34,6.32,4.03,-11.0,2.0
0.35000000000000003,6.21,4.04,-11.0,1.0
0.36,6.13,4.06,-8.0,2.0
0.37,6.05,4.08,-8.0,2.0
0.38,5.98,4.11,-7.0,3.0
0.39,5.9,4.15,-8.0,4.0
0.4,5.81,4.18,-9.0,3.0
0.41000000000000003,5.79,4.19,-2.0,1.0
0.42,5.73,4.2,-6.0,1.0
0.43,5.68,4.23,-5.0,3.0
0.44,5.66,4.23,-2.0,0.0
0.45,5.61,4.25,-5.0,2.0
0.46,5.56,4.28,-5.0,3.0
0.47000000000000003,5.53,4.3,-3.0,2.0
0.48,5.47,4.34,-6.0,4.0
0.49,5.43,4.37,-4.0,3.0
0.5,5.39,4.42,-4.0,5.0
0.51,5.35,4.49,-4.0,7.0
0.52,5.32,4.53,-3.0,4.0
0.53,5.29,4.59,-3.0,6.0
0.54,5.27,4.66,-2.0,7.0
0.55,5.25,4.74,-2.0,8.0
0.56,5.23,4.82,-2.0,8.0
0.5700000000000001,5.22,4.88,-1.0,6.0
0.58,5.22,4.95,0.0,7.0
0.59,5.24,5.02,2.0,7.0
0.6,5.25,5.08,1.0,6.0
0.61,5.26,5.14,1.0,6.0
0.62,5.27,5.21,1.0,7.0
0.63,5.3,5.28,3.0,7.0
0.64,5.33,5.35,3.0,7.0
0.65,5.37,5.44,4.0,9.0
0.66,5.42,5.53,5.0,9.0
0.67,5.47,5.59,5.0,6.0
0.68,5.53,5.69,6.0,10.0
0.6900000000000001,5.6,5.81,7.0,12.0
0.7000000000000001,5.65,5.88,5.0,7.0
0.71,5.72,5.97,7.0,9.0
0.72,5.82,6.06,10.0,9.0
0.73,5.93,6.16,11.0,10.0
0.74,6.13,6.3,20.0,14.0
0.75,6.25,6.38,12.0,8.0
0.76,6.39,6.48,14.0,10.0
0.77,6.52,6.55,13.0,7.0
0.78,6.64,6.62,12.0,7.0
0.79,6.79,6.7,15.0,8.0
0.8,6.96,6.79,17.0,9.0
0.81,7.12,6.86,16.0,7.0
0.8200000000000001,7.25,6.94,13.0,8.0
0.8300000000000001,7.41,7.02,16.0,8.0
0.84,7.53,7.1,12.0,8.0
0.85,7.71,7.2,18.0,10.0
0.86,7.82,7.26,11.0,6.0
0.87,7.91,7.31,9.0,5.0
0.88,8.03,7.37,12.0,6.0
0.89,8.14,7.42,11.0,5.0
0.9,8.25,7.46,11.0,4.0
0.91,8.34,7.49,9.0,3.0
0.92,8.49,7.52,15.0,3.0
0.93,8.69,7.57,20.0,5.0
0.9400000000000001,8.86,7.59,17.0,2.0
0.9500000000000001,9.03,7.61,17.0,2.0
0.96,9.24,7.63,21.0,2.0
0.97,9.44,7.64,20.0,1.0
0.98,9.54,7.66,10.0,2.0
0.99,9.71,7.68,17.0,2.0
1.0,9.86,7.71,15.0,3.0
1.01,10.04,7.73,18.0,2.0
1.02,10.18,7.75,14.0,2.0
1.03,10.33,7.77,15.0,2.0
1.04,10.49,7.78,16.0,1.0
1.05,10.68,7.8,19.0,2.0
1.06,10.81,7.8,13.0,0.0
1.07,10.91,7.82,10.0,2.0
1.08,11.06,7.83,15.0,1.0
1.09,11.21,7.83,15.0,0.0
1.1,11.34,7.84,13.0,1.0
1.11,11.45,7.84,11.0,0.0
1.12,11.55,7.84,10.0,0.0
1.1300000000000001,11.67,7.84,12.0,0.0
1.1400000000000001,11.78,7.84,11.0,0.0
1.1500000000000001,11.83,7.84,5.0,0.0
1.16,11.9,7.83,7.0,-1.0
1.17,12.01,7.82,11.0,-1.0
1.18,12.13,7.81,12.0,-1.0
1.19,12.24,7.81,11.0,0.0
1.2,12.34,7.8,10.0,-1.0
1.21,12.44,7.79,10.0,-1.0
1.22,12.53,7.79,9.0,0.0
1.23,12.62,7.79,9.0,0.0
1.24,12.72,7.78,10.0,-1.0
1.25,12.79,7.77,7.0,-1.0
1.26,12.86,7.77,7.0,0.0
1.27,12.97,7.75,11.0,-2.0
1.28,13.09,7.74,12.0,-1.0
1.29,13.18,7.72,9.0,-2.0
1.3,13.27,7.71,9.0,-1.0
1.31,13.34,7.7,7.0,-1.0
1.32,13.39,7.68,5.0,-2.0
1.33,13.42,7.66,3.0,-2.0
1.34,13.44,7.65,2.0,-1.0
1.35,13.46,7.64,2.0,-1.0
1.36,13.5,7.62,4.0,-2.0
1.37,13.55,7.59,5.0,-3.0
1.3800000000000001,13.61,7.56,6.0,-3.0
1.3900000000000001,13.68,7.53,7.0,-3.0
1.4000000000000001,13.74,7.49,6.0,-4.0
1.41,13.79,7.45,5.0,-4.0
1.42,13.85,7.4,6.0,-5.0
1.43,13.91,7.36,6.0,-4.0
1.44,13.93,7.34,2.0,-2.0
1.45,13.96,7.33,3.0,-1.0
1.46,14.0,7.3,4.0,-3.0
1.47,14.02,7.28,2.0,-2.0
1.48,14.05,7.25,3.0,-3.0
1.49,14.08,7.2,3.0,-5.0
1.5,14.11,7.15,3.0,-5.0
1.51,14.13,7.11,2.0,-4.0
1.52,14.16,7.04,3.0,-7.0
1.53,14.18,6.96,2.0,-8.0
1.54,14.19,6.86,1.0,-10.0
1.55,14.19,6.74,0.0,-12.0
1.56,14.19,6.64,0.0,-10.0
1.57,14.17,6.52,-2.0,-12.0
1.58,14.14,6.43,-3.0,-9.0
1.59,14.09,6.31,-5.0,-12.0
1.6,14.01,6.19,-8.0,-12.0
1.61,13.96,6.11,-5.0,-8.0
1.62,13.86,6.01,-10.0,-10.0
1.6300000000000001,13.74,5.92,-12.0,-9.0
1.6400000000000001,13.62,5.83,-12.0,-9.0
1.6500000000000001,13.5,5.75,-12.0,-8.0
1.6600000000000001,13.34,5.65,-16.0,-10.0
1.67,13.19,5.55,-15.0,-10.0
1.68,13.09,5.49,-10.0,-6.0
1.69,12.94,5.4,-15.0,-9.0
1.7,12.8,5.32,-14.0,-8.0
1.71,12.66,5.23,-14.0,-9.0
1.72,12.54,5.16,-12.0,-7.0
1.73,12.45,5.09,-9.0,-7.0
1.74,12.31,5.0,-14.0,-9.0
1.75,12.12,4.88,-19.0,-12.0
1.76,12.0,4.78,-12.0,-10.0
1.77,11.87,4.69,-13.0,-9.0
1.78,11.75,4.62,-12.0,-7.0
1.79,11.61,4.52,-14.0,-10.0
1.8,11.53,4.47,-8.0,-5.0
1.81,11.44,4.41,-9.0,-6.0
1.82,11.35,4.33,-9.0,-8.0
1.83,11.3,4.29,-5.0,-4.0
1.84,11.21,4.24,-9.0,-5.0
1.85,11.11,4.17,-10.0,-7.0
1.86,11.0,4.1,-11.0,-7.0
1.87,10.94,4.05,-6.0,-5.0
1.8800000000000001,10.85,3.99,-9.0,-6.0
1.8900000000000001,10.8,3.95,-5.0,-4.0
1.9000000000000001,10.76,3.91,-4.0,-4.0
1.9100000000000001,10.72,3.88,-4.0,-3.0
1.92,10.68,3.83,-4.0,-5.0
1.93,10.67,3.81,-1.0,-2.0
1.94,10.66,3.81,-1.0,0.0
1.95,10.65,3.79,-1.0,-2.0
1.96,10.65,3.79,0.0,0.0
1.97,10.65,3.79,0.0,0.0
1.98,10.65,3.79,0.0,0.0
