0.01,8.89,3.63,0.0,0.0
0.02,8.89,3.63,0.0,0.0
0.03,8.89,3.63,0.0,0.0
0.04,8.89,3.63,0.0,0.0
0.05,8.89,3.63,0.0,0.0
0.06,8.88,3.65,-1.0,2.0
0.07,8.85,3.7,-3.0,5.0
0.08,8.8,3.77,-5.0,7.0
0.09,8.78,3.8,-2.0,3.0
0.1,8.75,3.88,-3.0,8.0
0.11,8.71,3.98,-4.0,10.0
0.12,8.66,4.13,-5.0,15.0
0.13,8.6,4.3,-6.0,17.0
0.14,8.55,4.42,-5.0,12.0
0.15,8.5,4.57,-5.0,15.0
0.16,8.43,4.72,-7.0,15.0
0.17,8.39,4.82,-4.0,10.0
0.18,8.38,4.9,-1.0,8.0
0.19,8.36,5.01,-2.0,11.0
0.2,8.33,5.11,-3.0,10.0
0.21,8.29,5.26,-4.0,15.0
0.22,8.26,5.41,-3.0,15.0
0.23,8.23,5.53,-3.0,12.0
0.24,8.19,5.69,-4.0,16.0
0.25,8.17,5.81,-2.0,12.0
0.26,8.14,5.94,-3.0,13.0
0.27,8.14,6.02,0.0,8.0
0.28,8.14,6.14,0.0,12.0
0.29,8.13,6.24,-1.0,10.0
0.3,8.1,6.36,-3.0,12.0
0.31,8.07,6.45,-3.0,9.0
0.32,8.04,6.57,-3.0,12.0
0.33,8.0,6.7,-4.0,13.0
0.34,7.96,6.85,-4.0,15.0
0.35000000000000003,7.94,6.94,-2.0,9.0
0.36,7.93,6.97,-1.0,3.0
0.37,7.92,7.07,-1.0,10.0
0.38,7.9,7.2,-2.0,13.0
0.39,7.86,7.32,-4.0,12.0
0.4,7.83,7.43,-3.0,11.0
0.41000000000000003,7.82,7.5,-1.0,7.0
0.42,7.82,7.65,0.0,15.0
0.43,7.8,7.78,-2.0,13.0
0.44,7.79,7.85,-1.0,7.0
0.45,7.78,7.93,-1.0,8.0
0.46,7.79,8.02,1.0,9.0
0.47000000000000003,7.79,8.12,0.0,10.0
0.48,7.79,8.21,0.0,9.0
0.49,7.79,8.23,0.0,2.0
0.5,7.8,8.26,1.0,3.0
0.51,7.81,8.33,1.0,7.0
0.52,7.84,8.43,3.0,10.0
0.53,7.85,8.51,1.0,8.0
0.54,7.87,8.61,2.0,10.0
0.55,7.88,8.68,1.0,7.0
0.56,7.92,8.76,4.0,8.0
0.5700000000000001,7.93,8.84,1.0,8.0
0.58,7.96,8.93,3.0,9.0
0.59,7.97,8.99,1.0,6.0
0.6,7.99,9.09,2.0,10.0
0.61,7.99,9.13,0.0,4.0
0.62,7.99,9.14,0.0,1.0
0.63,8.0,9.15,1.0,1.0
0.64,8.02,9.23,2.0,8.0
0.65,8.04,9.28,2.0,5.0
0.66,8.06,9.33,2.0,5.0
0.67,8.09,9.39,3.0,6.0
0.68,8.17,9.48,8.0,9.0
0.6900000000000001,8.22,9.56,5.0,8.0
0.7000000000000001,8.29,9.64,7.0,8.0
0.71,8.34,9.7,5.0,6.0
0.72,8.43,9.78,9.0,8.0
0.73,8.46,9.81,3.0,3.0
0.74,8.51,9.85,5.0,4.0
0.75,8.59,9.91,8.0,6.0
0.76,8.64,9.95,5.0,4.0
0.77,8.68,9.98,4.0,3.0
0.78,8.75,10.02,7.0,4.0
0.79,8.81,10.06,6.0,4.0
0.8,8.87,10.11,6.0,5.0
0.81,8.92,10.12,5.0,1.0
0.8200000000000001,8.97,10.14,5.0,2.0
0.8300000000000001,9.01,10.14,4.0,0.0
0.84,9.07,10.13,6.0,-1.0
0.85,9.12,10.13,5.0,0.0
0.86,9.16,10.13,4.0,0.0
0.87,9.26,10.15,10.0,2.0
0.88,9.34,10.16,8.0,1.0
0.89,9.37,10.17,3.0,1.0
0.9,9.45,10.17,8.0,0.0
0.91,9.47,10.17,2.0,0.0
0.92,9.56,10.16,9.0,-1.0
0.93,9.64,10.16,8.0,0.0
0.9400000000000001,9.69,10.16,5.0,0.0
0.9500000000000001,9.76,10.15,7.0,-1.0
0.96,9.84,10.13,8.0,-2.0
0.97,9.93,10.11,9.0,-2.0
0.98,10.02,10.09,9.0,-2.0
0.99,10.11,10.06,9.0,-3.0
1.0,10.16,10.05,5.0,-1.0
1.01,10.28,10.04,12.0,-1.0
1.02,10.36,10.02,8.0,-2.0
1.03,10.48,9.95,12.0,-7.0
1.04,10.55,9.91,7.0,-4.0
1.05,10.67,9.85,12.0,-6.0
1.06,10.78,9.78,11.0,-7.0
1.07,10.9,9.68,12.0,-10.0
1.08,11.0,9.58,10.0,-10.0
1.09,11.09,9.46,9.0,-12.0
1.1,11.16,9.35,7.0,-11.0
1.11,11.24,9.22,8.0,-13.0
1.12,11.3,9.09,6.0,-13.0
1.1300000000000001,11.36,8.91,6.0,-18.0
1.1400000000000001,11.4,8.71,4.0,-20.0
1.1500000000000001,11.4,8.47,0.0,-24.0
1.16,11.4,8.29,0.0,-18.0
1.17,11.4,8.06,0.0,-23.0
1.18,11.4,7.91,0.0,-15.0
1.19,11.4,7.68,0.0,-23.0
1.2,11.4,7.46,0.0,-22.0
1.21,11.38,7.13,-2.0,-33.0
1.22,11.38,6.93,0.0,-20.0
1.23,11.36,6.7,-2.0,-23.0
1.24,11.32,6.52,-4.0,-18.0
1.25,11.29,6.28,-3.0,-24.0
1.26,11.25,6.06,-4.0,-22.0
1.27,11.21,5.86,-4.0,-20.0
1.28,11.18,5.63,-3.0,-23.0
1.29,11.15,5.47,-3.0,-16.0
1.3,11.12,5.35,-3.0,-12.0
1.31,11.09,5.2,-3.0,-15.0
1.32,11.06,5.07,-3.0,-13.0
1.33,11.03,4.95,-3.0,-12.0
1.34,10.98,4.85,-5.0,-10.0
1.35,10.94,4.75,-4.0,-10.0
1.36,10.89,4.63,-5.0,-12.0
1.37,10.81,4.51,-8.0,-12.0
1.3800000000000001,10.76,4.44,-5.0,-7.0
1.3900000000000001,10.69,4.34,-7.0,-10.0
1.4000000000000001,10.65,4.27,-4.0,-7.0
1.41,10.62,4.22,-3.0,-5.0
1.42,10.56,4.14,-6.0,-8.0
1.43,10.51,4.04,-5.0,-10.0
1.44,10.49,3.99,-2.0,-5.0
1.45,10.48,3.95,-1.0,-4.0
1.46,10.47,3.89,-1.0,-6.0
1.47,10.47,3.86,0.0,-3.0
1.48,10.47,3.83,0.0,-3.0
1.49,10.48,3.79,1.0,-4.0
1.5,10.49,3.76,1.0,-3.0
1.51,10.51,3.73,2.0,-3.0
1.52,10.52,3.73,1.0,0.0
1.53,10.52,3.72,0.0,-1.0
1.54,10.58,3.67,6.0,-5.0
1.55,10.59,3.66,1.0,-1.0
1.56,10.59,3.66,0.0,0.0
1.57,10.59,3.66,0.0,0.0
1.58,10.59,3.66,0.0,0.0
1.59,10.59,3.66,0.0,0.0
