0.01,8.88,3.65,0.0,0.0
0.02,8.88,3.65,0.0,0.0
0.03,8.88,3.65,0.0,0.0
0.04,8.88,3.65,0.0,0.0
0.05,8.85,3.71,-3.0,6.0
0.06,8.77,3.85,-8.0,14.0
0.07,8.68,3.99,-9.0,14.0
0.08,8.65,4.06,-3.0,7.0
0.09,8.61,4.13,-4.0,7.0
0.1,8.57,4.2,-4.0,7.0
0.11,8.54,4.26,-3.0,6.0
0.12,8.48,4.35,-6.0,9.0
0.13,8.43,4.44,-5.0,9.0
0.14,8.38,4.52,-5.0,8.0
0.15,8.32,4.6,-6.0,8.0
0.16,8.27,4.72,-5.0,12.0
0.17,8.23,4.82,-4.0,10.0
0.18,8.19,4.95,-4.0,13.0
0.19,8.15,5.09,-4.0,14.0
0.2,8.06,5.29,-9.0,20.0
0.21,7.99,5.46,-7.0,17.0
0.22,7.94,5.57,-5.0,11.0
0.23,7.83,5.78,-11.0,21.0
0.24,7.77,5.95,-6.0,17.0
0.25,7.69,6.16,-8.0,21.0
0.26,7.61,6.33,-8.0,17.0
0.27,7.54,6.55,-7.0,22.0
0.28,7.49,6.72,-5.0,17.0
0.29,7.41,6.95,-8.0,23.0
0.3,7.35,7.13,-6.0,18.0
0.31,7.32,7.32,-3.0,19.0
0.32,7.29,7.57,-3.0,25.0
0.33,7.23,7.74,-6.0,17.0
0.34,7.16,7.87,-7.0,13.0
0.35000000000000003,7.08,8.0,-8.0,13.0
0.36,7.01,8.14,-7.0,14.0
0.37,6.97,8.21,-4.0,7.0
0.38,6.93,8.31,-4.0,10.0
0.39,6.9,8.39,-3.0,8.0
0.4,6.87,8.46,-3.0,7.0
0.41000000000000003,6.82,8.58,-5.0,12.0
0.42,6.78,8.71,-4.0,13.0
0.43,6.74,8.8,-4.0,9.0
0.44,6.7,8.9,-4.0,10.0
0.45,6.68,8.99,-2.0,9.0
0.46,6.61,9.16,-7.0,17.0
0.47000000000000003,6.54,9.3,-7.0,14.0
0.48,6.49,9.47,-5.0,17.0
0.49,6.43,9.63,-6.0,16.0
0.5,6.32,9.81,-11.0,18.0
0.51,6.28,9.93,-4.0,12.0
0.52,6.25,10.09,-3.0,16.0
0.53,6.25,10.24,0.0,15.0
0.54,6.24,10.36,-1.0,12.0
0.55,6.24,10.54,0.0,18.0
0.56,6.25,10.68,1.0,14.0
0.5700000000000001,6.25,10.86,0.0,18.0
0.58,6.25,10.98,0.0,12.0
0.59,6.27,11.07,2.0,9.0
0.6,6.28,11.1,1.0,3.0
0.61,6.29,11.13,1.0,3.0
0.62,6.29,11.13,0.0,0.0
0.63,6.29,11.13,0.0,0.0
0.64,6.29,11.2,0.0,7.0
0.65,6.29,11.28,0.0,8.0
0.66,6.3,11.36,1.0,8.0
0.67,6.33,11.45,3.0,9.0
0.68,6.34,11.5,1.0,5.0
0.6900000000000001,6.37,11.58,3.0,8.0
0.7000000000000001,6.39,11.68,2.0,10.0
0.71,6.42,11.74,3.0,6.0
0.72,6.44,11.8,2.0,6.0
0.73,6.46,11.85,2.0,5.0
0.74,6.48,11.92,2.0,7.0
0.75,6.48,12.02,0.0,10.0
0.76,6.47,12.18,-1.0,16.0
0.77,6.47,12.29,0.0,11.0
0.78,6.47,12.4,0.0,11.0
0.79,6.47,12.48,0.0,8.0
0.8,6.47,12.57,0.0,9.0
0.81,6.48,12.64,1.0,7.0
0.8200000000000001,6.48,12.73,0.0,9.0
0.8300000000000001,6.49,12.79,1.0,6.0
0.84,6.51,12.87,2.0,8.0
0.85,6.51,12.92,0.0,5.0
0.86,6.5,12.99,-1.0,7.0
0.87,6.49,13.04,-1.0,5.0
0.88,6.48,13.13,-1.0,9.0
0.89,6.47,13.2,-1.0,7.0
0.9,6.47,13.29,0.0,9.0
0.91,6.48,13.34,1.0,5.0
0.92,6.5,13.39,2.0,5.0
0.93,6.51,13.44,1.0,5.0
0.9400000000000001,6.52,13.49,1.0,5.0
0.9500000000000001,6.53,13.54,1.0,5.0
0.96,6.53,13.59,0.0,5.0
0.97,6.55,13.64,2.0,5.0
0.98,6.56,13.69,1.0,5.0
0.99,6.56,13.76,0.0,7.0
1.0,6.59,13.82,3.0,6.0
1.01,6.63,13.86,4.0,4.0
1.02,6.72,13.91,9.0,5.0
1.03,6.85,13.96,13.0,5.0
1.04,7.04,14.03,19.0,7.0
1.05,7.18,14.06,14.0,3.0
1.06,7.27,14.08,9.0,2.0
1.07,7.33,14.1,6.0,2.0
1.08,7.39,14.1,6.0,0.0
1.09,7.49,14.1,10.0,0.0
1.1,7.56,14.09,7.0,-1.0
1.11,7.63,14.05,7.0,-4.0
1.12,7.7,14.01,7.0,-4.0
1.1300000000000001,7.77,13.97,7.0,-4.0
1.1400000000000001,7.81,13.93,4.0,-4.0
1.1500000000000001,7.83,13.91,2.0,-2.0
1.16,7.83,13.91,0.0,0.0
1.17,7.83,13.91,0.0,0.0
1.18,7.83,13.91,0.0,0.0
1.19,7.88,13.89,5.0,-2.0
1.2,7.98,13.86,10.0,-3.0
1.21,8.06,13.83,8.0,-3.0
1.22,8.12,13.79,6.0,-4.0
1.23,8.17,13.76,5.0,-3.0
1.24,8.25,13.7,8.0,-6.0
1.25,8.3,13.66,5.0,-4.0
1.26,8.36,13.63,6.0,-3.0
1.27,8.42,13.55,6.0,-8.0
1.28,8.49,13.5,7.0,-5.0
1.29,8.54,13.42,5.0,-8.0
1.3,8.64,13.29,10.0,-13.0
1.31,8.7,13.2,6.0,-9.0
1.32,8.8,13.07,10.0,-13.0
1.33,8.88,12.95,8.0,-12.0
1.34,8.93,12.83,5.0,-12.0
1.35,8.98,12.73,5.0,-10.0
1.36,9.04,12.6,6.0,-13.0
1.37,9.09,12.5,5.0,-10.0
1.3800000000000001,9.15,12.37,6.0,-13.0
1.3900000000000001,9.2,12.25,5.0,-12.0
1.4000000000000001,9.28,12.04,8.0,-21.0
1.41,9.34,11.89,6.0,-15.0
1.42,9.41,11.71,7.0,-18.0
1.43,9.45,11.57,4.0,-14.0
1.44,9.5,11.42,5.0,-15.0
1.45,9.52,11.3,2.0,-12.0
1.46,9.55,11.11,3.0,-19.0
1.47,9.58,10.87,3.0,-24.0
1.48,9.62,10.62,4.0,-25.0
1.49,9.63,10.42,1.0,-20.0
1.5,9.64,10.16,1.0,-26.0
1.51,9.65,9.93,1.0,-23.0
1.52,9.64,9.66,-1.0,-27.0
1.53,9.63,9.43,-1.0,-23.0
1.54,9.6,9.07,-3.0,-36.0
1.55,9.6,8.78,0.0,-29.0
1.56,9.62,8.45,2.0,-33.0
1.57,9.66,8.22,4.0,-23.0
1.58,9.71,7.93,5.0,-29.0
1.59,9.74,7.7,3.0,-23.0
1.6,9.78,7.49,4.0,-21.0
1.61,9.82,7.33,4.0,-16.0
1.62,9.88,7.12,6.0,-21.0
1.6300000000000001,9.92,6.95,4.0,-17.0
1.6400000000000001,9.95,6.73,3.0,-22.0
1.6500000000000001,9.98,6.55,3.0,-18.0
1.6600000000000001,10.03,6.3,5.0,-25.0
1.67,10.05,6.14,2.0,-16.0
1.68,10.09,6.01,4.0,-13.0
1.69,10.13,5.9,4.0,-11.0
1.7,10.17,5.78,4.0,-12.0
1.71,10.19,5.71,2.0,-7.0
1.72,10.21,5.64,2.0,-7.0
1.73,10.24,5.57,3.0,-7.0
1.74,10.26,5.45,2.0,-12.0
1.75,10.28,5.36,2.0,-9.0
1.76,10.32,5.25,4.0,-11.0
1.77,10.34,5.2,2.0,-5.0
1.78,10.39,5.1,5.0,-10.0
1.79,10.41,5.02,2.0,-8.0
1.8,10.44,4.92,3.0,-10.0
1.81,10.47,4.83,3.0,-9.0
1.82,10.5,4.7,3.0,-13.0
1.83,10.51,4.56,1.0,-14.0
1.84,10.55,4.43,4.0,-13.0
1.85,10.56,4.36,1.0,-7.0
1.86,10.57,4.24,1.0,-12.0
1.87,10.57,4.17,0.0,-7.0
1.8800000000000001,10.57,4.12,0.0,-5.0
1.8900000000000001,10.57,4.07,0.0,-5.0
1.9000000000000001,10.58,3.99,1.0,-8.0
1.9100000000000001,10.59,3.94,1.0,-5.0
1.92,10.59,3.87,0.0,-7.0
1.93,10.59,3.81,0.0,-6.0
1.94,10.59,3.76,0.0,-5.0
1.95,10.6,3.72,1.0,-4.0
1.96,10.61,3.71,1.0,-1.0
1.97,10.61,3.71,0.0,0.0
