0.01,8.88,3.67,0.0,0.0
0.02,8.88,3.67,0.0,0.0
0.03,8.88,3.68,0.0,1.0
0.04,8.87,3.68,-1.0,0.0
0.05,8.86,3.69,-1.0,1.0
0.06,8.85,3.7,-1.0,1.0
0.07,8.84,3.72,-1.0,2.0
0.08,8.79,3.78,-5.0,6.0
0.09,8.73,3.87,-6.0,9.0
0.1,8.67,3.96,-6.0,9.0
0.11,8.56,4.08,-11.0,12.0
0.12,8.47,4.17,-9.0,9.0
0.13,8.37,4.28,-10.0,11.0
0.14,8.29,4.36,-8.0,8.0
0.15,8.22,4.44,-7.0,8.0
0.16,8.15,4.53,-7.0,9.0
0.17,8.04,4.65,-11.0,12.0
0.18,7.94,4.81,-10.0,16.0
0.19,7.82,4.95,-12.0,14.0
0.2,7.65,5.18,-17.0,23.0
0.21,7.53,5.37,-12.0,19.0
0.22,7.37,5.64,-16.0,27.0
0.23,7.28,5.78,-9.0,14.0
0.24,7.13,6.02,-15.0,24.0
0.25,6.88,6.33,-25.0,31.0
0.26,6.75,6.53,-13.0,20.0
0.27,6.67,6.64,-8.0,11.0
0.28,6.58,6.75,-9.0,11.0
0.29,6.48,6.87,-10.0,12.0
0.3,6.4,7.0,-8.0,13.0
0.31,6.34,7.09,-6.0,9.0
0.32,6.26,7.21,-8.0,12.0
0.33,6.18,7.34,-8.0,13.0
0.34,6.11,7.49,-7.0,15.0
0.35000000000000003,6.07,7.6,-4.0,11.0
0.36,5.99,7.78,-8.0,18.0
0.37,5.94,7.93,-5.0,15.0
0.38,5.91,8.05,-3.0,12.0
0.39,5.88,8.17,-3.0,12.0
0.4,5.85,8.34,-3.0,17.0
0.41000000000000003,5.84,8.47,-1.0,13.0
0.42,5.84,8.6,0.0,13.0
0.43,5.84,8.74,0.0,14.0
0.44,5.85,8.87,1.0,13.0
0.45,5.86,8.96,1.0,9.0
0.46,5.9,9.1,4.0,14.0
0.47000000000000003,5.93,9.22,3.0,12.0
0.48,5.97,9.34,4.0,12.0
0.49,6.01,9.42,4.0,8.0
0.5,6.05,9.48,4.0,6.0
0.51,6.11,9.56,6.0,8.0
0.52,6.16,9.62,5.0,6.0
0.53,6.2,9.66,4.0,4.0
0.54,6.27,9.7,7.0,4.0
0.55,6.34,9.75,7.0,5.0
0.56,6.38,9.77,4.0,2.0
0.5700000000000001,6.48,9.82,10.0,5.0
0.58,6.58,9.88,10.0,6.0
0.59,6.62,9.9,4.0,2.0
0.6,6.7,9.93,8.0,3.0
0.61,6.81,9.96,11.0,3.0
0.62,6.94,9.99,13.0,3.0
0.63,7.02,10.0,8.0,1.0
0.64,7.14,10.02,12.0,2.0
0.65,7.28,10.04,14.0,2.0
0.66,7.37,10.06,9.0,2.0
0.67,7.45,10.06,8.0,0.0
0.68,7.58,10.06,13.0,0.0
0.6900000000000001,7.62,10.05,4.0,-1.0
0.7000000000000001,7.7,10.03,8.0,-2.0
0.71,7.81,10.02,11.0,-1.0
0.72,7.88,9.99,7.0,-3.0
0.73,8.08,9.93,20.0,-6.0
0.74,8.19,9.86,11.0,-7.0
0.75,8.33,9.79,14.0,-7.0
0.76,8.43,9.73,10.0,-6.0
0.77,8.51,9.67,8.0,-6.0
0.78,8.65,9.56,14.0,-11.0
0.79,8.72,9.5,7.0,-6.0
0.8,8.81,9.43,9.0,-7.0
0.81,8.86,9.37,5.0,-6.0
0.8200000000000001,8.94,9.29,8.0,-8.0
0.8300000000000001,8.99,9.22,5.0,-7.0
0.84,9.05,9.1,6.0,-12.0
0.85,9.11,9.01,6.0,-9.0
0.86,9.17,8.91,6.0,-10.0
0.87,9.23,8.83,6.0,-8.0
0.88,9.32,8.7,9.0,-13.0
0.89,9.42,8.53,10.0,-17.0
0.9,9.51,8.42,9.0,-11.0
0.91,9.58,8.27,7.0,-15.0
0.92,9.66,8.13,8.0,-14.0
0.93,9.7,8.05,4.0,-8.0
0.9400000000000001,9.76,7.95,6.0,-10.0
0.9500000000000001,9.83,7.79,7.0,-16.0
0.96,9.86,7.66,3.0,-13.0
0.97,9.9,7.52,4.0,-14.0
0.98,9.93,7.35,3.0,-17.0
0.99,9.97,7.23,4.0,-12.0
1.0,10.02,7.06,5.0,-17.0
1.01,10.08,6.89,6.0,-17.0
1.02,10.15,6.71,7.0,-18.0
1.03,10.19,6.59,4.0,-12.0
1.04,10.24,6.42,5.0,-17.0
1.05,10.32,6.21,8.0,-21.0
1.06,10.37,6.07,5.0,-14.0
1.07,10.4,5.93,3.0,-14.0
1.08,10.42,5.79,2.0,-14.0
1.09,10.45,5.64,3.0,-15.0
1.1,10.45,5.54,0.0,-10.0
1.11,10.45,5.43,0.0,-11.0
1.12,10.44,5.27,-1.0,-16.0
1.1300000000000001,10.44,5.13,0.0,-14.0
1.1400000000000001,10.44,5.03,0.0,-10.0
1.1500000000000001,10.44,4.9,0.0,-13.0
1.16,10.44,4.8,0.0,-10.0
1.17,10.44,4.7,0.0,-10.0
1.18,10.45,4.63,1.0,-7.0
1.19,10.46,4.56,1.0,-7.0
1.2,10.48,4.49,2.0,-7.0
1.21,10.51,4.41,3.0,-8.0
1.22,10.53,4.34,2.0,-7.0
1.23,10.55,4.26,2.0,-8.0
1.24,10.58,4.19,3.0,-7.0
1.25,10.6,4.12,2.0,-7.0
1.26,10.61,4.09,1.0,-3.0
1.27,10.63,4.04,2.0,-5.0
1.28,10.63,4.01,0.0,-3.0
1.29,10.64,3.97,1.0,-4.0
1.3,10.64,3.97,0.0,0.0
1.31,10.64,3.96,0.0,-1.0
1.32,10.63,3.88,-1.0,-8.0
1.33,10.62,3.82,-1.0,-6.0
1.34,10.62,3.78,0.0,-4.0
1.35,10.61,3.76,-1.0,-2.0
1.36,10.61,3.75,0.0,-1.0
1.37,10.61,3.75,0.0,0.0
1.3800000000000001,10.61,3.75,0.0,0.0
1.3900000000000001,10.61,3.75,0.0,0.0
1.4000000000000001,10.61,3.73,0.0,-2.0
1.41,10.6,3.71,-1.0,-2.0
1.42,10.6,3.71,0.0,0.0
1.43,10.6,3.71,0.0,0.0
1.44,10.6,3.71,0.0,0.0
