0.01,8.87,3.7,0.0,0.0
0.02,8.87,3.7,0.0,0.0
0.03,8.87,3.7,0.0,0.0
0.04,8.87,3.7,0.0,0.0
0.05,8.87,3.7,0.0,0.0
0.06,8.87,3.7,0.0,0.0
0.07,8.87,3.7,0.0,0.0
0.08,8.87,3.7,0.0,0.0
0.09,8.85,3.74,-2.0,4.0
0.1,8.82,3.8,-3.0,6.0
0.11,8.78,3.89,-4.0,9.0
0.12,8.72,4.0,-6.0,11.0
0.13,8.66,4.12,-6.0,12.0
0.14,8.59,4.23,-7.0,11.0
0.15,8.53,4.33,-6.0,10.0
0.16,8.5,4.4,-3.0,7.0
0.17,8.46,4.47,-4.0,7.0
0.18,8.43,4.56,-3.0,9.0
0.19,8.4,4.62,-3.0,6.0
0.2,8.37,4.71,-3.0,9.0
0.21,8.32,4.82,-5.0,11.0
0.22,8.28,4.91,-4.0,9.0
0.23,8.21,5.04,-7.0,13.0
0.24,8.16,5.16,-5.0,12.0
0.25,8.12,5.26,-4.0,10.0
0.26,8.07,5.39,-5.0,13.0
0.27,8.03,5.51,-4.0,12.0
0.28,8.0,5.64,-3.0,13.0
0.29,7.98,5.77,-2.0,13.0
0.3,7.96,5.9,-2.0,13.0
0.31,7.94,6.03,-2.0,13.0
0.32,7.92,6.15,-2.0,12.0
0.33,7.9,6.23,-2.0,8.0
0.34,7.89,6.35,-1.0,12.0
0.35000000000000003,7.86,6.49,-3.0,14.0
0.36,7.84,6.63,-2.0,14.0
0.37,7.82,6.78,-2.0,15.0
0.38,7.8,6.89,-2.0,11.0
0.39,7.78,7.0,-2.0,11.0
0.4,7.76,7.12,-2.0,12.0
0.41000000000000003,7.75,7.22,-1.0,10.0
0.42,7.75,7.31,0.0,9.0
0.43,7.75,7.42,0.0,11.0
0.44,7.75,7.5,0.0,8.0
0.45,7.75,7.59,0.0,9.0
0.46,7.74,7.69,-1.0,10.0
0.47000000000000003,7.73,7.79,-1.0,10.0
0.48,7.72,7.9,-1.0,11.0
0.49,7.72,7.99,0.0,9.0
0.5,7.72,8.11,0.0,12.0
0.51,7.71,8.24,-1.0,13.0
0.52,7.71,8.41,0.0,17.0
0.53,7.71,8.58,0.0,17.0
0.54,7.69,8.78,-2.0,20.0
0.55,7.67,8.93,-2.0,15.0
0.56,7.65,9.17,-2.0,24.0
0.5700000000000001,7.64,9.34,-1.0,17.0
0.58,7.61,9.52,-3.0,18.0
0.59,7.61,9.65,0.0,13.0
0.6,7.61,9.78,0.0,13.0
0.61,7.6,9.88,-1.0,10.0
0.62,7.59,10.03,-1.0,15.0
0.63,7.59,10.12,0.0,9.0
0.64,7.58,10.21,-1.0,9.0
0.65,7.58,10.31,0.0,10.0
0.66,7.58,10.39,0.0,8.0
0.67,7.57,10.5,-1.0,11.0
0.68,7.56,10.59,-1.0,9.0
0.6900000000000001,7.54,10.72,-2.0,13.0
0.7000000000000001,7.52,10.82,-2.0,10.0
0.71,7.51,10.9,-1.0,8.0
0.72,7.48,11.02,-3.0,12.0
0.73,7.5,11.05,2.0,3.0
0.74,7.5,11.09,0.0,4.0
0.75,7.5,11.12,0.0,3.0
0.76,7.5,11.19,0.0,7.0
0.77,7.5,11.26,0.0,7.0
0.78,7.5,11.3,0.0,4.0
0.79,7.51,11.38,1.0,8.0
0.8,7.51,11.51,0.0,13.0
0.81,7.51,11.64,0.0,13.0
0.8200000000000001,7.5,11.8,-1.0,16.0
0.8300000000000001,7.5,11.95,0.0,15.0
0.84,7.48,12.13,-2.0,18.0
0.85,7.5,12.35,2.0,22.0
0.86,7.56,12.57,6.0,22.0
0.87,7.59,12.77,3.0,20.0
0.88,7.6,12.8,1.0,3.0
0.89,7.6,12.8,0.0,0.0
0.9,7.6,12.85,0.0,5.0
0.91,7.6,12.91,0.0,6.0
0.92,7.6,12.97,0.0,6.0
0.93,7.6,13.04,0.0,7.0
0.9400000000000001,7.59,13.12,-1.0,8.0
0.9500000000000001,7.58,13.2,-1.0,8.0
0.96,7.58,13.27,0.0,7.0
0.97,7.57,13.38,-1.0,11.0
0.98,7.55,13.62,-2.0,24.0
0.99,7.55,13.92,0.0,30.0
1.0,7.55,14.08,0.0,16.0
1.01,7.55,14.15,0.0,7.0
1.02,7.55,14.15,0.0,0.0
1.03,7.55,14.15,0.0,0.0
1.04,7.55,14.15,0.0,0.0
1.05,7.57,14.19,2.0,4.0
1.06,7.6,14.24,3.0,5.0
1.07,7.64,14.29,4.0,5.0
1.08,7.67,14.34,3.0,5.0
1.09,7.69,14.4,2.0,6.0
1.1,7.7,14.42,1.0,2.0
1.11,7.72,14.45,2.0,3.0
1.12,7.74,14.46,2.0,1.0
1.1300000000000001,7.79,14.48,5.0,2.0
1.1400000000000001,7.86,14.51,7.0,3.0
1.1500000000000001,7.98,14.53,12.0,2.0
1.16,8.06,14.56,8.0,3.0
1.17,8.13,14.58,7.0,2.0
1.18,8.22,14.6,9.0,2.0
1.19,8.32,14.62,10.0,2.0
1.2,8.4,14.63,8.0,1.0
1.21,8.47,14.64,7.0,1.0
1.22,8.57,14.65,10.0,1.0
1.23,8.65,14.64,8.0,-1.0
1.24,8.73,14.64,8.0,0.0
1.25,8.84,14.64,11.0,0.0
1.26,8.94,14.64,10.0,0.0
1.27,9.04,14.64,10.0,0.0
1.28,9.17,14.65,13.0,1.0
1.29,9.28,14.65,11.0,0.0
1.3,9.42,14.66,14.0,1.0
1.31,9.54,14.66,12.0,0.0
1.32,9.69,14.66,15.0,0.0
1.33,9.87,14.65,18.0,-1.0
1.34,10.14,14.64,27.0,-1.0
1.35,10.3,14.63,16.0,-1.0
1.36,10.41,14.62,11.0,-1.0
1.37,10.55,14.6,14.0,-2.0
1.3800000000000001,10.68,14.58,13.0,-2.0
1.3900000000000001,10.73,14.57,5.0,-1.0
1.4000000000000001,10.86,14.55,13.0,-2.0
1.41,11.04,14.54,18.0,-1.0
1.42,11.18,14.52,14.0,-2.0
1.43,11.34,14.5,16.0,-2.0
1.44,11.49,14.47,15.0,-3.0
1.45,11.61,14.45,12.0,-2.0
1.46,11.81,14.42,20.0,-3.0
1.47,11.97,14.4,16.0,-2.0
1.48,12.12,14.37,15.0,-3.0
1.49,12.23,14.36,11.0,-1.0
1.5,12.37,14.33,14.0,-3.0
1.51,12.49,14.33,12.0,0.0
1.52,12.61,14.32,12.0,-1.0
1.53,12.79,14.3,18.0,-2.0
1.54,12.95,14.28,16.0,-2.0
1.55,13.15,14.24,20.0,-4.0
1.56,13.4,14.21,25.0,-3.0
1.57,13.54,14.19,14.0,-2.0
1.58,13.72,14.16,18.0,-3.0
1.59,13.8,14.14,8.0,-2.0
1.6,13.86,14.12,6.0,-2.0
1.61,13.92,14.1,6.0,-2.0
1.62,13.96,14.07,4.0,-3.0
1.6300000000000001,13.99,14.06,3.0,-1.0
1.6400000000000001,14.06,14.03,7.0,-3.0
1.6500000000000001,14.15,13.98,9.0,-5.0
1.6600000000000001,14.21,13.97,6.0,-1.0
1.67,14.28,13.95,7.0,-2.0
1.68,14.36,13.91,8.0,-4.0
1.69,14.46,13.87,10.0,-4.0
1.7,14.5,13.84,4.0,-3.0
1.71,14.55,13.78,5.0,-6.0
1.72,14.59,13.74,4.0,-4.0
1.73,14.64,13.71,5.0,-3.0
1.74,14.7,13.67,6.0,-4.0
1.75,14.77,13.63,7.0,-4.0
1.76,14.85,13.6,8.0,-3.0
1.77,14.87,13.59,2.0,-1.0
1.78,14.92,13.56,5.0,-3.0
1.79,15.0,13.53,8.0,-3.0
1.8,15.04,13.5,4.0,-3.0
1.81,15.06,13.49,2.0,-1.0
1.82,15.12,13.45,6.0,-4.0
1.83,15.17,13.42,5.0,-3.0
1.84,15.26,13.39,9.0,-3.0
1.85,15.28,13.37,2.0,-2.0
1.86,15.28,13.37,0.0,0.0
1.87,15.32,13.32,4.0,-5.0
1.8800000000000001,15.34,13.27,2.0,-5.0
1.8900000000000001,15.36,13.24,2.0,-3.0
1.9000000000000001,15.38,13.18,2.0,-6.0
1.9100000000000001,15.39,13.13,1.0,-5.0
1.92,15.4,13.05,1.0,-8.0
1.93,15.39,12.99,-1.0,-6.0
1.94,15.38,12.87,-1.0,-12.0
1.95,15.35,12.75,-3.0,-12.0
1.96,15.32,12.67,-3.0,-8.0
1.97,15.27,12.53,-5.0,-14.0
1.98,15.22,12.42,-5.0,-11.0
1.99,15.15,12.3,-7.0,-12.0
2.0,15.09,12.22,-6.0,-8.0
2.0100000000000002,15.03,12.12,-6.0,-10.0
2.02,14.97,12.03,-6.0,-9.0
2.0300000000000002,14.9,11.93,-7.0,-10.0
2.04,14.79,11.81,-11.0,-12.0
2.05,14.68,11.69,-11.0,-12.0
2.06,14.6,11.59,-8.0,-10.0
2.07,14.49,11.43,-11.0,-16.0
2.08,14.39,11.27,-10.0,-16.0
2.09,14.28,11.1,-11.0,-17.0
2.1,14.19,10.95,-9.0,-15.0
2.11,14.09,10.76,-10.0,-19.0
2.12,13.98,10.56,-11.0,-20.0
2.13,13.83,10.32,-15.0,-24.0
2.14,13.67,10.07,-16.0,-25.0
2.15,13.53,9.8,-14.0,-27.0
2.16,13.4,9.59,-13.0,-21.0
2.17,13.28,9.29,-12.0,-30.0
2.18,13.06,8.85,-22.0,-44.0
2.19,12.83,8.3,-23.0,-55.0
2.2,12.69,7.86,-14.0,-44.0
2.21,12.6,7.58,-9.0,-28.0
2.22,12.45,7.23,-15.0,-35.0
2.23,12.3,6.94,-15.0,-29.0
2.24,12.22,6.71,-8.0,-23.0
2.25,12.16,6.61,-6.0,-10.0
2.2600000000000002,12.07,6.46,-9.0,-15.0
2.27,11.95,6.27,-12.0,-19.0
2.2800000000000002,11.83,6.09,-12.0,-18.0
2.29,11.66,5.85,-17.0,-24.0
2.3000000000000003,11.46,5.56,-20.0,-29.0
2.31,11.35,5.38,-11.0,-18.0
2.32,11.23,5.17,-12.0,-21.0
2.33,11.11,4.96,-12.0,-21.0
2.34,11.02,4.79,-9.0,-17.0
2.35,10.95,4.64,-7.0,-15.0
2.36,10.87,4.49,-8.0,-15.0
2.37,10.82,4.4,-5.0,-9.0
2.38,10.79,4.34,-3.0,-6.0
2.39,10.75,4.26,-4.0,-8.0
2.4,10.73,4.2,-2.0,-6.0
2.41,10.69,4.12,-4.0,-8.0
2.42,10.67,4.05,-2.0,-7.0
2.43,10.63,3.96,-4.0,-9.0
2.44,10.61,3.91,-2.0,-5.0
2.45,10.6,3.88,-1.0,-3.0
2.46,10.58,3.84,-2.0,-4.0
2.47,10.58,3.83,0.0,-1.0
2.48,10.58,3.82,0.0,-1.0
2.49,10.58,3.81,0.0,-1.0
2.5,10.58,3.8,0.0,-1.0
2.5100000000000002,10.58,3.77,0.0,-3.0
2.52,10.58,3.76,0.0,-1.0
2.5300000000000002,10.58,3.76,0.0,0.0
2.54,10.58,3.76,0.0,0.0
2.5500000000000003,10.58,3.74,0.0,-2.0
2.56,10.59,3.73,1.0,-1.0
2.57,10.6,3.72,1.0,-1.0
2.58,10.6,3.72,0.0,0.0
2.59,10.6,3.72,0.0,0.0
2.6,10.6,3.72,0.0,0.0
