0.01,8.92,3.69,0.0,0.0
0.02,8.92,3.69,0.0,0.0
0.03,8.92,3.69,0.0,0.0
0.04,8.92,3.69,0.0,0.0
0.05,8.92,3.69,0.0,0.0
0.06,8.91,3.69,-1.0,0.0
0.07,8.82,3.77,-9.0,8.0
0.08,8.76,3.81,-6.0,4.0
0.09,8.67,3.87,-9.0,6.0
0.1,8.6,3.91,-7.0,4.0
0.11,8.51,3.97,-9.0,6.0
0.12,8.41,4.02,-10.0,5.0
0.13,8.34,4.06,-7.0,4.0
0.14,8.26,4.11,-8.0,5.0
0.15,8.18,4.17,-8.0,6.0
0.16,8.09,4.22,-9.0,5.0
0.17,7.98,4.28,-11.0,6.0
0.18,7.85,4.36,-13.0,8.0
0.19,7.74,4.41,-11.0,5.0
0.2,7.67,4.46,-7.0,5.0
0.21,7.58,4.51,-9.0,5.0
0.22,7.52,4.55,-6.0,4.0
0.23,7.45,4.59,-7.0,4.0
0.24,7.37,4.63,-8.0,4.0
0.25,7.32,4.66,-5.0,3.0
0.26,7.28,4.69,-4.0,3.0
0.27,7.23,4.71,-5.0,2.0
0.28,7.16,4.74,-7.0,3.0
0.29,7.1,4.78,-6.0,4.0
0.3,7.03,4.83,-7.0,5.0
0.31,6.94,4.89,-9.0,6.0
0.32,6.91,4.92,-3.0,3.0
0.33,6.89,4.93,-2.0,1.0
0.34,6.85,4.96,-4.0,3.0
0.35000000000000003,6.82,5.01,-3.0,5.0
0.36,6.77,5.06,-5.0,5.0
0.37,6.73,5.12,-4.0,6.0
0.38,6.7,5.16,-3.0,4.0
0.39,6.68,5.2,-2.0,4.0
0.4,6.66,5.25,-2.0,5.0
0.41000000000000003,6.65,5.29,-1.0,4.0
0.42,6.65,5.32,0.0,3.0
0.43,6.67,5.36,2.0,4.0
0.44,6.72,5.42,5.0,6.0
0.45,6.8,5.49,8.0,7.0
0.46,6.87,5.56,7.0,7.0
0.47000000000000003,6.94,5.62,7.0,6.0
0.48,7.0,5.68,6.0,6.0
0.49,7.1,5.77,10.0,9.0
0.5,7.21,5.86,11.0,9.0
0.51,7.37,5.98,16.0,12.0
0.52,7.54,6.11,17.0,13.0
0.53,7.72,6.22,18.0,11.0
0.54,7.84,6.3,12.0,8.0
0.55,8.0,6.41,16.0,11.0
0.56,8.13,6.48,13.0,7.0
0.5700000000000001,8.25,6.54,12.0,6.0
0.58,8.39,6.61,14.0,7.0
0.59,8.57,6.69,18.0,8.0
0.6,8.74,6.78,17.0,9.0
0.61,8.85,6.85,11.0,7.0
0.62,9.0,6.93,15.0,8.0
0.63,9.15,7.0,15.0,7.0
0.64,9.26,7.07,11.0,7.0
0.65,9.41,7.16,15.0,9.0
0.66,9.57,7.26,16.0,10.0
0.67,9.69,7.34,12.0,8.0
0.68,9.77,7.38,8.0,4.0
0.6900000000000001,9.87,7.45,10.0,7.0
0.7000000000000001,9.96,7.51,9.0,6.0
0.71,10.06,7.57,10.0,6.0
0.72,10.2,7.64,14.0,7.0
0.73,10.35,7.7,15.0,6.0
0.74,10.5,7.75,15.0,5.0
0.75,10.64,7.8,14.0,5.0
0.76,10.78,7.84,14.0,4.0
0.77,10.96,7.89,18.0,5.0
0.78,11.14,7.94,18.0,5.0
0.79,11.24,7.97,10.0,3.0
0.8,11.39,8.0,15.0,3.0
0.81,11.69,8.05,30.0,5.0
0.8200000000000001,11.97,8.1,28.0,5.0
0.8300000000000001,12.23,8.14,26.0,4.0
0.84,12.46,8.16,23.0,2.0
0.85,12.65,8.18,19.0,2.0
0.86,12.81,8.22,16.0,4.0
0.87,12.97,8.24,16.0,2.0
0.88,13.15,8.27,18.0,3.0
0.89,13.29,8.3,14.0,3.0
0.9,13.42,8.34,13.0,4.0
0.91,13.52,8.37,10.0,3.0
0.92,13.63,8.39,11.0,2.0
0.93,13.85,8.42,22.0,3.0
0.9400000000000001,14.07,8.45,22.0,3.0
0.9500000000000001,14.23,8.47,16.0,2.0
0.96,14.41,8.5,18.0,3.0
0.97,14.56,8.51,15.0,1.0
0.98,14.66,8.51,10.0,0.0
0.99,14.78,8.51,12.0,0.0
1.0,14.92,8.51,14.0,0.0
1.01,15.12,8.52,20.0,1.0
1.02,15.25,8.52,13.0,0.0
1.03,15.38,8.53,13.0,1.0
1.04,15.53,8.53,15.0,0.0
1.05,15.64,8.53,11.0,0.0
1.06,15.73,8.54,9.0,1.0
1.07,15.81,8.54,8.0,0.0
1.08,15.98,8.54,17.0,0.0
1.09,16.19,8.55,21.0,1.0
1.1,16.3,8.55,11.0,0.0
1.11,16.41,8.55,11.0,0.0
1.12,16.58,8.55,17.0,0.0
1.1300000000000001,16.69,8.55,11.0,0.0
1.1400000000000001,16.82,8.55,13.0,0.0
1.1500000000000001,17.0,8.54,18.0,-1.0
1.16,17.11,8.54,11.0,0.0
1.17,17.2,8.53,9.0,-1.0
1.18,17.3,8.52,10.0,-1.0
1.19,17.36,8.52,6.0,0.0
1.2,17.43,8.5,7.0,-2.0
1.21,17.49,8.49,6.0,-1.0
1.22,17.55,8.48,6.0,-1.0
1.23,17.59,8.47,4.0,-1.0
1.24,17.64,8.45,5.0,-2.0
1.25,17.69,8.43,5.0,-2.0
1.26,17.74,8.4,5.0,-3.0
1.27,17.79,8.37,5.0,-3.0
1.28,17.82,8.34,3.0,-3.0
1.29,17.87,8.3,5.0,-4.0
1.3,17.91,8.28,4.0,-2.0
1.31,17.93,8.27,2.0,-1.0
1.32,17.95,8.24,2.0,-3.0
1.33,17.96,8.19,1.0,-5.0
1.34,17.96,8.11,0.0,-8.0
1.35,17.95,8.0,-1.0,-11.0
1.36,17.93,7.89,-2.0,-11.0
1.37,17.9,7.76,-3.0,-13.0
1.3800000000000001,17.83,7.6,-7.0,-16.0
1.3900000000000001,17.75,7.42,-8.0,-18.0
1.4000000000000001,17.68,7.31,-7.0,-11.0
1.41,17.58,7.18,-10.0,-13.0
1.42,17.42,7.05,-16.0,-13.0
1.43,17.16,6.88,-26.0,-17.0
1.44,16.9,6.74,-26.0,-14.0
1.45,16.53,6.55,-37.0,-19.0
1.46,16.15,6.37,-38.0,-18.0
1.47,15.75,6.17,-40.0,-20.0
1.48,15.36,5.97,-39.0,-20.0
1.49,14.92,5.78,-44.0,-19.0
1.5,14.57,5.62,-35.0,-16.0
1.51,14.2,5.43,-37.0,-19.0
1.52,13.82,5.23,-38.0,-20.0
1.53,13.44,5.05,-38.0,-18.0
1.54,13.17,4.89,-27.0,-16.0
1.55,12.95,4.75,-22.0,-14.0
1.56,12.75,4.63,-20.0,-12.0
1.57,12.54,4.49,-21.0,-14.0
1.58,12.39,4.38,-15.0,-11.0
1.59,12.21,4.29,-18.0,-9.0
1.6,12.09,4.22,-12.0,-7.0
1.61,11.93,4.14,-16.0,-8.0
1.62,11.79,4.08,-14.0,-6.0
1.6300000000000001,11.67,4.04,-12.0,-4.0
1.6400000000000001,11.54,4.02,-13.0,-2.0
1.6500000000000001,11.4,4.0,-14.0,-2.0
1.6600000000000001,11.24,3.97,-16.0,-3.0
1.67,11.15,3.96,-9.0,-1.0
1.68,11.06,3.95,-9.0,-1.0
1.69,10.9,3.92,-16.0,-3.0
1.7,10.76,3.87,-14.0,-5.0
1.71,10.7,3.84,-6.0,-3.0
1.72,10.62,3.8,-8.0,-4.0
1.73,10.57,3.78,-5.0,-2.0
1.74,10.56,3.77,-1.0,-1.0
1.75,10.55,3.76,-1.0,-1.0
1.76,10.54,3.75,-1.0,-1.0
1.77,10.53,3.73,-1.0,-2.0
1.78,10.53,3.72,0.0,-1.0
