0.01,8.88,3.68,0.0,0.0
0.02,8.88,3.68,0.0,0.0
0.03,8.87,3.69,-1.0,1.0
0.04,8.86,3.7,-1.0,1.0
0.05,8.85,3.7,-1.0,0.0
0.06,8.79,3.73,-6.0,3.0
0.07,8.72,3.74,-7.0,1.0
0.08,8.61,3.78,-11.0,4.0
0.09,8.43,3.82,-18.0,4.0
0.1,8.28,3.84,-15.0,2.0
0.11,8.11,3.87,-17.0,3.0
0.12,7.94,3.88,-17.0,1.0
0.13,7.8,3.89,-14.0,1.0
0.14,7.66,3.91,-14.0,2.0
0.15,7.51,3.93,-15.0,2.0
0.16,7.31,3.95,-20.0,2.0
0.17,7.2,3.97,-11.0,2.0
0.18,7.03,3.99,-17.0,2.0
0.19,6.83,4.04,-20.0,5.0
0.2,6.62,4.07,-21.0,3.0
0.21,6.39,4.08,-23.0,1.0
0.22,6.2,4.1,-19.0,2.0
0.23,5.96,4.11,-24.0,1.0
0.24,5.74,4.12,-22.0,1.0
0.25,5.57,4.15,-17.0,3.0
0.26,5.43,4.16,-14.0,1.0
0.27,5.25,4.19,-18.0,3.0
0.28,5.1,4.21,-15.0,2.0
0.29,5.0,4.24,-10.0,3.0
0.3,4.79,4.29,-21.0,5.0
0.31,4.52,4.32,-27.0,3.0
0.32,4.31,4.35,-21.0,3.0
0.33,4.1,4.41,-21.0,6.0
0.34,3.91,4.44,-19.0,3.0
0.35000000000000003,3.8,4.46,-11.0,2.0
0.36,3.65,4.47,-15.0,1.0
0.37,3.49,4.49,-16.0,2.0
0.38,3.38,4.51,-11.0,2.0
0.39,3.31,4.52,-7.0,1.0
0.4,3.18,4.53,-13.0,1.0
0.41000000000000003,3.11,4.55,-7.0,2.0
0.42,3.0,4.57,-11.0,2.0
0.43,2.91,4.59,-9.0,2.0
0.44,2.78,4.63,-13.0,4.0
0.45,2.6,4.66,-18.0,3.0
0.46,2.42,4.69,-18.0,3.0
0.47000000000000003,2.29,4.71,-13.0,2.0
0.48,2.17,4.73,-12.0,2.0
0.49,2.06,4.75,-11.0,2.0
0.5,2.01,4.76,-5.0,1.0
0.51,1.95,4.77,-6.0,1.0
0.52,1.88,4.78,-7.0,1.0
0.53,1.76,4.82,-12.0,4.0
0.54,1.64,4.88,-12.0,6.0
0.55,1.58,4.92,-6.0,4.0
0.56,1.49,4.97,-9.0,5.0
0.5700000000000001,1.4,5.04,-9.0,7.0
0.58,1.33,5.1,-7.0,6.0
0.59,1.28,5.15,-5.0,5.0
0.6,1.22,5.19,-6.0,4.0
0.61,1.18,5.21,-4.0,2.0
0.62,1.14,5.24,-4.0,3.0
0.63,1.11,5.27,-3.0,3.0
0.64,1.1,5.27,-1.0,0.0
0.65,1.1,5.27,0.0,0.0
0.66,1.05,5.33,-5.0,6.0
0.67,1.0,5.4,-5.0,7.0
0.68,0.96,5.46,-4.0,6.0
0.6900000000000001,0.94,5.5,-2.0,4.0
0.7000000000000001,0.93,5.54,-1.0,4.0
0.71,0.91,5.62,-2.0,8.0
0.72,0.92,5.66,1.0,4.0
0.73,0.95,5.74,3.0,8.0
0.74,1.0,5.81,5.0,7.0
0.75,1.04,5.87,4.0,6.0
0.76,1.15,5.96,11.0,9.0
0.77,1.27,6.08,12.0,12.0
0.78,1.37,6.17,10.0,9.0
0.79,1.45,6.22,8.0,5.0
0.8,1.56,6.29,11.0,7.0
0.81,1.73,6.38,17.0,9.0
0.8200000000000001,1.88,6.44,15.0,6.0
0.8300000000000001,2.02,6.49,14.0,5.0
0.84,2.19,6.54,17.0,5.0
0.85,2.33,6.59,14.0,5.0
0.86,2.45,6.62,12.0,3.0
0.87,2.57,6.66,12.0,4.0
0.88,2.75,6.7,18.0,4.0
0.89,2.86,6.73,11.0,3.0
0.9,2.95,6.76,9.0,3.0
0.91,3.07,6.78,12.0,2.0
0.92,3.24,6.81,17.0,3.0
0.93,3.36,6.83,12.0,2.0
0.9400000000000001,3.43,6.85,7.0,2.0
0.9500000000000001,3.58,6.88,15.0,3.0
0.96,3.72,6.9,14.0,2.0
0.97,3.85,6.92,13.0,2.0
0.98,4.03,6.94,18.0,2.0
0.99,4.22,6.97,19.0,3.0
1.0,4.4,7.0,18.0,3.0
1.01,4.55,7.02,15.0,2.0
1.02,4.73,7.03,18.0,1.0
1.03,4.92,7.03,19.0,0.0
1.04,5.16,7.05,24.0,2.0
1.05,5.33,7.05,17.0,0.0
1.06,5.53,7.07,20.0,2.0
1.07,5.66,7.07,13.0,0.0
1.08,5.8,7.07,14.0,0.0
1.09,5.97,7.07,17.0,0.0
1.1,6.15,7.07,18.0,0.0
1.11,6.37,7.07,22.0,0.0
1.12,6.57,7.05,20.0,-2.0
1.1300000000000001,6.68,7.05,11.0,0.0
1.1400000000000001,6.84,7.05,16.0,0.0
1.1500000000000001,7.0,7.05,16.0,0.0
1.16,7.17,7.05,17.0,0.0
1.17,7.32,7.05,15.0,0.0
1.18,7.47,7.05,15.0,0.0
1.19,7.63,7.05,16.0,0.0
1.2,7.83,7.04,20.0,-1.0
1.21,8.16,7.04,33.0,0.0
1.22,8.42,7.04,26.0,0.0
1.23,8.67,7.04,25.0,0.0
1.24,8.94,7.04,27.0,0.0
1.25,9.19,7.04,25.0,0.0
1.26,9.46,7.04,27.0,0.0
1.27,9.7,7.04,24.0,0.0
1.28,9.95,7.04,25.0,0.0
1.29,10.19,7.03,24.0,-1.0
1.3,10.38,7.03,19.0,0.0
1.31,10.65,7.03,27.0,0.0
1.32,10.83,7.02,18.0,-1.0
1.33,11.05,7.0,22.0,-2.0
1.34,11.32,6.99,27.0,-1.0
1.35,11.54,6.98,22.0,-1.0
1.36,11.7,6.95,16.0,-3.0
1.37,11.86,6.93,16.0,-2.0
1.3800000000000001,12.1,6.9,24.0,-3.0
1.3900000000000001,12.34,6.87,24.0,-3.0
1.4000000000000001,12.53,6.84,19.0,-3.0
1.41,12.77,6.84,24.0,0.0
1.42,12.92,6.81,15.0,-3.0
1.43,13.14,6.79,22.0,-2.0
1.44,13.34,6.76,20.0,-3.0
1.45,13.48,6.74,14.0,-2.0
1.46,13.66,6.72,18.0,-2.0
1.47,13.79,6.69,13.0,-3.0
1.48,13.87,6.66,8.0,-3.0
1.49,13.98,6.65,11.0,-1.0
1.5,14.12,6.62,14.0,-3.0
1.51,14.26,6.6,14.0,-2.0
1.52,14.4,6.56,14.0,-4.0
1.53,14.6,6.49,20.0,-7.0
1.54,14.82,6.4,22.0,-9.0
1.55,14.94,6.32,12.0,-8.0
1.56,15.09,6.24,15.0,-8.0
1.57,15.21,6.17,12.0,-7.0
1.58,15.33,6.12,12.0,-5.0
1.59,15.42,6.09,9.0,-3.0
1.6,15.52,6.04,10.0,-5.0
1.61,15.58,6.01,6.0,-3.0
1.62,15.65,5.96,7.0,-5.0
1.6300000000000001,15.71,5.92,6.0,-4.0
1.6400000000000001,15.76,5.88,5.0,-4.0
1.6500000000000001,15.81,5.84,5.0,-4.0
1.6600000000000001,15.84,5.81,3.0,-3.0
1.67,15.89,5.75,5.0,-6.0
1.68,15.92,5.68,3.0,-7.0
1.69,15.95,5.62,3.0,-6.0
1.7,15.96,5.57,1.0,-5.0
1.71,15.97,5.53,1.0,-4.0
1.72,15.97,5.5,0.0,-3.0
1.73,15.96,5.45,-1.0,-5.0
1.74,15.94,5.4,-2.0,-5.0
1.75,15.88,5.34,-6.0,-6.0
1.76,15.81,5.28,-7.0,-6.0
1.77,15.71,5.21,-10.0,-7.0
1.78,15.57,5.12,-14.0,-9.0
1.79,15.39,5.02,-18.0,-10.0
1.8,15.2,4.91,-19.0,-11.0
1.81,14.98,4.82,-22.0,-9.0
1.82,14.7,4.73,-28.0,-9.0
1.83,14.53,4.67,-17.0,-6.0
1.84,14.33,4.61,-20.0,-6.0
1.85,14.16,4.57,-17.0,-4.0
1.86,14.01,4.53,-15.0,-4.0
1.87,13.82,4.48,-19.0,-5.0
1.8800000000000001,13.6,4.41,-22.0,-7.0
1.8900000000000001,13.42,4.36,-18.0,-5.0
1.9000000000000001,13.24,4.31,-18.0,-5.0
1.9100000000000001,12.98,4.22,-26.0,-9.0
1.92,12.77,4.17,-21.0,-5.0
1.93,12.58,4.12,-19.0,-5.0
1.94,12.38,4.05,-20.0,-7.0
1.95,12.22,3.99,-16.0,-6.0
1.96,12.03,3.95,-19.0,-4.0
1.97,11.88,3.92,-15.0,-3.0
1.98,11.76,3.89,-12.0,-3.0
1.99,11.63,3.87,-13.0,-2.0
2.0,11.51,3.85,-12.0,-2.0
2.0100000000000002,11.35,3.82,-16.0,-3.0
2.02,11.22,3.82,-13.0,0.0
2.0300000000000002,11.1,3.82,-12.0,0.0
2.04,10.96,3.82,-14.0,0.0
2.05,10.87,3.82,-9.0,0.0
2.06,10.78,3.82,-9.0,0.0
2.07,10.71,3.8,-7.0,-2.0
2.08,10.62,3.79,-9.0,-1.0
2.09,10.59,3.78,-3.0,-1.0
2.1,10.59,3.78,0.0,0.0
2.11,10.59,3.78,0.0,0.0
