0.01,8.87,3.69,0.0,0.0
0.02,8.87,3.69,0.0,0.0
0.03,8.87,3.69,0.0,0.0
0.04,8.87,3.69,0.0,0.0
0.05,8.81,3.77,-6.0,8.0
0.06,8.73,3.89,-8.0,12.0
0.07,8.65,4.0,-8.0,11.0
0.08,8.56,4.13,-9.0,13.0
0.09,8.5,4.23,-6.0,10.0
0.1,8.42,4.34,-8.0,11.0
0.11,8.36,4.43,-6.0,9.0
0.12,8.3,4.51,-6.0,8.0
0.13,8.24,4.59,-6.0,8.0
0.14,8.15,4.72,-9.0,13.0
0.15,8.06,4.84,-9.0,12.0
0.16,8.0,4.95,-6.0,11.0
0.17,7.94,5.03,-6.0,8.0
0.18,7.86,5.17,-8.0,14.0
0.19,7.78,5.3,-8.0,13.0
0.2,7.7,5.4,-8.0,10.0
0.21,7.62,5.54,-8.0,14.0
0.22,7.54,5.65,-8.0,11.0
0.23,7.46,5.77,-8.0,12.0
0.24,7.38,5.89,-8.0,12.0
0.25,7.31,5.99,-7.0,10.0
0.26,7.22,6.11,-9.0,12.0
0.27,7.11,6.25,-11.0,14.0
0.28,7.01,6.38,-10.0,13.0
0.29,6.89,6.53,-12.0,15.0
0.3,6.77,6.69,-12.0,16.0
0.31,6.61,6.89,-16.0,20.0
0.32,6.5,7.04,-11.0,15.0
0.33,6.4,7.17,-10.0,13.0
0.34,6.24,7.34,-16.0,17.0
0.35000000000000003,6.15,7.48,-9.0,14.0
0.36,6.06,7.59,-9.0,11.0
0.37,5.95,7.7,-11.0,11.0
0.38,5.81,7.84,-14.0,14.0
0.39,5.73,7.93,-8.0,9.0
0.4,5.63,8.04,-10.0,11.0
0.41000000000000003,5.49,8.21,-14.0,17.0
0.42,5.43,8.28,-6.0,7.0
0.43,5.39,8.34,-4.0,6.0
0.44,5.3,8.46,-9.0,12.0
0.45,5.22,8.57,-8.0,11.0
0.46,5.17,8.65,-5.0,8.0
0.47000000000000003,5.11,8.74,-6.0,9.0
0.48,5.02,8.85,-9.0,11.0
0.49,4.96,8.93,-6.0,8.0
0.5,4.88,9.06,-8.0,13.0
0.51,4.79,9.2,-9.0,14.0
0.52,4.69,9.36,-10.0,16.0
0.53,4.61,9.51,-8.0,15.0
0.54,4.56,9.64,-5.0,13.0
0.55,4.49,9.78,-7.0,14.0
0.56,4.43,9.87,-6.0,9.0
0.5700000000000001,4.37,9.96,-6.0,9.0
0.58,4.33,10.02,-4.0,6.0
0.59,4.28,10.09,-5.0,7.0
0.6,4.23,10.16,-5.0,7.0
0.61,4.2,10.23,-3.0,7.0
0.62,4.16,10.31,-4.0,8.0
0.63,4.12,10.43,-4.0,12.0
0.64,4.09,10.51,-3.0,8.0
0.65,4.07,10.6,-2.0,9.0
0.66,4.06,10.66,-1.0,6.0
0.67,4.06,10.67,0.0,1.0
0.68,4.06,10.67,0.0,0.0
0.6900000000000001,4.05,10.7,-1.0,3.0
0.7000000000000001,4.05,10.75,0.0,5.0
0.71,4.03,10.84,-2.0,9.0
0.72,4.0,10.97,-3.0,13.0
0.73,3.97,11.06,-3.0,9.0
0.74,3.97,11.1,0.0,4.0
0.75,3.95,11.14,-2.0,4.0
0.76,3.92,11.2,-3.0,6.0
0.77,3.89,11.26,-3.0,6.0
0.78,3.85,11.34,-4.0,8.0
0.79,3.79,11.51,-6.0,17.0
0.8,3.74,11.64,-5.0,13.0
0.81,3.71,11.75,-3.0,11.0
0.8200000000000001,3.7,11.83,-1.0,8.0
0.8300000000000001,3.7,11.91,0.0,8.0
0.84,3.69,12.04,-1.0,13.0
0.85,3.67,12.19,-2.0,15.0
0.86,3.66,12.35,-1.0,16.0
0.87,3.66,12.44,0.0,9.0
0.88,3.67,12.5,1.0,6.0
0.89,3.68,12.55,1.0,5.0
0.9,3.69,12.62,1.0,7.0
0.91,3.7,12.68,1.0,6.0
0.92,3.7,12.74,0.0,6.0
0.93,3.73,12.82,3.0,8.0
0.9400000000000001,3.75,12.89,2.0,7.0
0.9500000000000001,3.78,13.02,3.0,13.0
0.96,3.81,13.11,3.0,9.0
0.97,3.83,13.14,2.0,3.0
0.98,3.89,13.19,6.0,5.0
0.99,3.95,13.22,6.0,3.0
1.0,3.98,13.24,3.0,2.0
1.01,4.02,13.26,4.0,2.0
1.02,4.07,13.28,5.0,2.0
1.03,4.11,13.3,4.0,2.0
1.04,4.15,13.31,4.0,1.0
1.05,4.22,13.33,7.0,2.0
1.06,4.31,13.35,9.0,2.0
1.07,4.37,13.36,6.0,1.0
1.08,4.47,13.38,10.0,2.0
1.09,4.64,13.4,17.0,2.0
1.1,4.8,13.42,16.0,2.0
1.11,4.93,13.42,13.0,0.0
1.12,5.04,13.43,11.0,1.0
1.1300000000000001,5.16,13.44,12.0,1.0
1.1400000000000001,5.28,13.46,12.0,2.0
1.1500000000000001,5.44,13.47,16.0,1.0
1.16,5.6,13.48,16.0,1.0
1.17,5.78,13.49,18.0,1.0
1.18,5.91,13.5,13.0,1.0
1.19,6.06,13.51,15.0,1.0
1.2,6.24,13.53,18.0,2.0
1.21,6.49,13.54,25.0,1.0
1.22,6.73,13.56,24.0,2.0
1.23,6.92,13.58,19.0,2.0
1.24,7.19,13.61,27.0,3.0
1.25,7.42,13.64,23.0,3.0
1.26,7.66,13.66,24.0,2.0
1.27,7.82,13.68,16.0,2.0
1.28,7.99,13.68,17.0,0.0
1.29,8.25,13.69,26.0,1.0
1.3,8.43,13.69,18.0,0.0
1.31,8.57,13.69,14.0,0.0
1.32,8.72,13.7,15.0,1.0
1.33,8.79,13.7,7.0,0.0
1.34,8.91,13.7,12.0,0.0
1.35,9.02,13.7,11.0,0.0
1.36,9.13,13.7,11.0,0.0
1.37,9.27,13.7,14.0,0.0
1.3800000000000001,9.37,13.7,10.0,0.0
1.3900000000000001,9.44,13.7,7.0,0.0
1.4000000000000001,9.53,13.7,9.0,0.0
1.41,9.63,13.69,10.0,-1.0
1.42,9.7,13.69,7.0,0.0
1.43,9.8,13.69,10.0,0.0
1.44,9.87,13.69,7.0,0.0
1.45,9.95,13.69,8.0,0.0
1.46,10.01,13.69,6.0,0.0
1.47,10.09,13.69,8.0,0.0
1.48,10.19,13.69,10.0,0.0
1.49,10.26,13.68,7.0,-1.0
1.5,10.34,13.67,8.0,-1.0
1.51,10.4,13.66,6.0,-1.0
1.52,10.46,13.65,6.0,-1.0
1.53,10.55,13.64,9.0,-1.0
1.54,10.63,13.62,8.0,-2.0
1.55,10.71,13.61,8.0,-1.0
1.56,10.8,13.61,9.0,0.0
1.57,10.87,13.61,7.0,0.0
1.58,10.91,13.6,4.0,-1.0
1.59,10.95,13.6,4.0,0.0
1.6,11.02,13.58,7.0,-2.0
1.61,11.09,13.55,7.0,-3.0
1.62,11.15,13.51,6.0,-4.0
1.6300000000000001,11.23,13.43,8.0,-8.0
1.6400000000000001,11.26,13.32,3.0,-11.0
1.6500000000000001,11.26,13.2,0.0,-12.0
1.6600000000000001,11.26,13.05,0.0,-15.0
1.67,11.27,12.96,1.0,-9.0
1.68,11.29,12.84,2.0,-12.0
1.69,11.3,12.69,1.0,-15.0
1.7,11.3,12.55,0.0,-14.0
1.71,11.3,12.39,0.0,-16.0
1.72,11.3,12.23,0.0,-16.0
1.73,11.3,12.13,0.0,-10.0
1.74,11.31,12.02,1.0,-11.0
1.75,11.31,11.87,0.0,-15.0
1.76,11.3,11.76,-1.0,-11.0
1.77,11.31,11.66,1.0,-10.0
1.78,11.32,11.56,1.0,-10.0
1.79,11.32,11.44,0.0,-12.0
1.8,11.32,11.34,0.0,-10.0
1.81,11.34,11.24,2.0,-10.0
1.82,11.36,11.09,2.0,-15.0
1.83,11.37,10.97,1.0,-12.0
1.84,11.38,10.82,1.0,-15.0
1.85,11.38,10.67,0.0,-15.0
1.86,11.39,10.49,1.0,-18.0
1.87,11.39,10.32,0.0,-17.0
1.8800000000000001,11.39,10.1,0.0,-22.0
1.8900000000000001,11.39,9.92,0.0,-18.0
1.9000000000000001,11.39,9.77,0.0,-15.0
1.9100000000000001,11.39,9.58,0.0,-19.0
1.92,11.39,9.4,0.0,-18.0
1.93,11.39,9.24,0.0,-16.0
1.94,11.39,9.1,0.0,-14.0
1.95,11.38,8.93,-1.0,-17.0
1.96,11.38,8.77,0.0,-16.0
1.97,11.37,8.62,-1.0,-15.0
1.98,11.35,8.5,-2.0,-12.0
1.99,11.34,8.39,-1.0,-11.0
2.0,11.34,8.26,0.0,-13.0
2.0100000000000002,11.34,8.15,0.0,-11.0
2.02,11.33,7.99,-1.0,-16.0
2.0300000000000002,11.33,7.86,0.0,-13.0
2.04,11.33,7.75,0.0,-11.0
2.05,11.33,7.65,0.0,-10.0
2.06,11.33,7.51,0.0,-14.0
2.07,11.33,7.37,0.0,-14.0
2.08,11.32,7.24,-1.0,-13.0
2.09,11.3,7.1,-2.0,-14.0
2.1,11.28,6.98,-2.0,-12.0
2.11,11.25,6.85,-3.0,-13.0
2.12,11.23,6.73,-2.0,-12.0
2.13,11.2,6.6,-3.0,-13.0
2.14,11.17,6.42,-3.0,-18.0
2.15,11.13,6.22,-4.0,-20.0
2.16,11.09,6.03,-4.0,-19.0
2.17,11.04,5.86,-5.0,-17.0
2.18,11.0,5.67,-4.0,-19.0
2.19,10.95,5.45,-5.0,-22.0
2.2,10.91,5.31,-4.0,-14.0
2.21,10.87,5.14,-4.0,-17.0
2.22,10.83,5.0,-4.0,-14.0
2.23,10.79,4.89,-4.0,-11.0
2.24,10.76,4.8,-3.0,-9.0
2.25,10.72,4.67,-4.0,-13.0
2.2600000000000002,10.69,4.55,-3.0,-12.0
2.27,10.68,4.45,-1.0,-10.0
2.2800000000000002,10.68,4.33,0.0,-12.0
2.29,10.68,4.23,0.0,-10.0
2.3000000000000003,10.68,4.13,0.0,-10.0
2.31,10.69,4.05,1.0,-8.0
2.32,10.69,3.98,0.0,-7.0
2.33,10.69,3.88,0.0,-10.0
2.34,10.69,3.8,0.0,-8.0
2.35,10.69,3.76,0.0,-4.0
2.36,10.69,3.73,0.0,-3.0
2.37,10.69,3.7,0.0,-3.0
2.38,10.69,3.7,0.0,0.0
2.39,10.69,3.7,0.0,0.0
2.4,10.69,3.7,0.0,0.0
2.41,10.69,3.7,0.0,0.0
