0.01,8.92,3.69,0.0,0.0
0.02,8.92,3.69,0.0,0.0
0.03,8.92,3.69,0.0,0.0
0.04,8.92,3.69,0.0,0.0
0.05,8.92,3.69,0.0,0.0
0.06,8.92,3.69,0.0,0.0
0.07,8.91,3.7,-1.0,1.0
0.08,8.82,3.93,-9.0,23.0
0.09,8.72,4.11,-10.0,18.0
0.1,8.6,4.31,-12.0,20.0
0.11,8.55,4.43,-5.0,12.0
0.12,8.48,4.56,-7.0,13.0
0.13,8.41,4.68,-7.0,12.0
0.14,8.36,4.79,-5.0,11.0
0.15,8.31,4.91,-5.0,12.0
0.16,8.26,5.02,-5.0,11.0
0.17,8.23,5.09,-3.0,7.0
0.18,8.19,5.2,-4.0,11.0
0.19,8.13,5.33,-6.0,13.0
0.2,8.06,5.47,-7.0,14.0
0.21,8.03,5.55,-3.0,8.0
0.22,8.0,5.64,-3.0,9.0
0.23,7.95,5.81,-5.0,17.0
0.24,7.95,5.91,0.0,10.0
0.25,7.93,6.08,-2.0,17.0
0.26,7.9,6.2,-3.0,12.0
0.27,7.88,6.29,-2.0,9.0
0.28,7.85,6.38,-3.0,9.0
0.29,7.79,6.56,-6.0,18.0
0.3,7.75,6.7,-4.0,14.0
0.31,7.73,6.81,-2.0,11.0
0.32,7.71,6.86,-2.0,5.0
0.33,7.71,6.93,0.0,7.0
0.34,7.72,7.0,1.0,7.0
0.35000000000000003,7.73,7.1,1.0,10.0
0.36,7.74,7.23,1.0,13.0
0.37,7.74,7.32,0.0,9.0
0.38,7.74,7.44,0.0,12.0
0.39,7.74,7.53,0.0,9.0
0.4,7.73,7.62,-1.0,9.0
0.41000000000000003,7.73,7.73,0.0,11.0
0.42,7.72,7.82,-1.0,9.0
0.43,7.71,7.92,-1.0,10.0
0.44,7.7,7.98,-1.0,6.0
0.45,7.7,8.04,0.0,6.0
0.46,7.7,8.1,0.0,6.0
0.47000000000000003,7.69,8.19,-1.0,9.0
0.48,7.7,8.22,1.0,3.0
0.49,7.7,8.27,0.0,5.0
0.5,7.71,8.34,1.0,7.0
0.51,7.72,8.4,1.0,6.0
0.52,7.73,8.45,1.0,5.0
0.53,7.73,8.52,0.0,7.0
0.54,7.73,8.56,0.0,4.0
0.55,7.74,8.6,1.0,4.0
0.56,7.75,8.67,1.0,7.0
0.5700000000000001,7.76,8.72,1.0,5.0
0.58,7.76,8.77,0.0,5.0
0.59,7.76,8.8,0.0,3.0
0.6,7.76,8.83,0.0,3.0
0.61,7.77,8.87,1.0,4.0
0.62,7.77,8.94,0.0,7.0
0.63,7.77,9.0,0.0,6.0
0.64,7.77,9.04,0.0,4.0
0.65,7.76,9.1,-1.0,6.0
0.66,7.75,9.17,-1.0,7.0
0.67,7.75,9.2,0.0,3.0
0.68,7.76,9.26,1.0,6.0
0.6900000000000001,7.77,9.31,1.0,5.0
0.7000000000000001,7.8,9.37,3.0,6.0
0.71,7.85,9.43,5.0,6.0
0.72,7.9,9.46,5.0,3.0
0.73,7.98,9.51,8.0,5.0
0.74,8.06,9.54,8.0,3.0
0.75,8.13,9.58,7.0,4.0
0.76,8.19,9.62,6.0,4.0
0.77,8.24,9.65,5.0,3.0
0.78,8.32,9.71,8.0,6.0
0.79,8.42,9.77,10.0,6.0
0.8,8.52,9.83,10.0,6.0
0.81,8.6,9.89,8.0,6.0
0.8200000000000001,8.68,9.96,8.0,7.0
0.8300000000000001,8.8,10.03,12.0,7.0
0.84,8.9,10.08,10.0,5.0
0.85,8.97,10.12,7.0,4.0
0.86,9.07,10.18,10.0,6.0
0.87,9.13,10.23,6.0,5.0
0.88,9.24,10.29,11.0,6.0
0.89,9.31,10.34,7.0,5.0
0.9,9.37,10.38,6.0,4.0
0.91,9.47,10.43,10.0,5.0
0.92,9.56,10.47,9.0,4.0
0.93,9.64,10.5,8.0,3.0
0.9400000000000001,9.75,10.52,11.0,2.0
0.9500000000000001,9.86,10.55,11.0,3.0
0.96,9.95,10.56,9.0,1.0
0.97,10.06,10.6,11.0,4.0
0.98,10.15,10.64,9.0,4.0
0.99,10.2,10.66,5.0,2.0
1.0,10.24,10.68,4.0,2.0
1.01,10.26,10.68,2.0,0.0
1.02,10.3,10.7,4.0,2.0
1.03,10.34,10.71,4.0,1.0
1.04,10.39,10.74,5.0,3.0
1.05,10.46,10.75,7.0,1.0
1.06,10.53,10.77,7.0,2.0
1.07,10.6,10.79,7.0,2.0
1.08,10.68,10.8,8.0,1.0
1.09,10.73,10.81,5.0,1.0
1.1,10.76,10.81,3.0,0.0
1.11,10.81,10.82,5.0,1.0
1.12,10.82,10.82,1.0,0.0
1.1300000000000001,10.86,10.81,4.0,-1.0
1.1400000000000001,10.91,10.79,5.0,-2.0
1.1500000000000001,10.99,10.76,8.0,-3.0
1.16,11.06,10.7,7.0,-6.0
1.17,11.11,10.63,5.0,-7.0
1.18,11.14,10.55,3.0,-8.0
1.19,11.2,10.42,6.0,-13.0
1.2,11.25,10.29,5.0,-13.0
1.21,11.28,10.17,3.0,-12.0
1.22,11.29,10.0,1.0,-17.0
1.23,11.29,9.84,0.0,-16.0
1.24,11.28,9.66,-1.0,-18.0
1.25,11.25,9.49,-3.0,-17.0
1.26,11.23,9.33,-2.0,-16.0
1.27,11.21,9.12,-2.0,-21.0
1.28,11.2,8.95,-1.0,-17.0
1.29,11.15,8.76,-5.0,-19.0
1.3,11.12,8.56,-3.0,-20.0
1.31,11.07,8.34,-5.0,-22.0
1.32,11.01,8.16,-6.0,-18.0
1.33,10.97,7.99,-4.0,-17.0
1.34,10.91,7.7,-6.0,-29.0
1.35,10.85,7.49,-6.0,-21.0
1.36,10.81,7.16,-4.0,-33.0
1.37,10.75,6.78,-6.0,-38.0
1.3800000000000001,10.73,6.51,-2.0,-27.0
1.3900000000000001,10.72,6.28,-1.0,-23.0
1.4000000000000001,10.68,6.03,-4.0,-25.0
1.41,10.67,5.86,-1.0,-17.0
1.42,10.66,5.66,-1.0,-20.0
1.43,10.63,5.46,-3.0,-20.0
1.44,10.6,5.26,-3.0,-20.0
1.45,10.59,5.1,-1.0,-16.0
1.46,10.58,4.95,-1.0,-15.0
1.47,10.57,4.81,-1.0,-14.0
1.48,10.54,4.65,-3.0,-16.0
1.49,10.53,4.57,-1.0,-8.0
1.5,10.52,4.52,-1.0,-5.0
1.51,10.51,4.44,-1.0,-8.0
1.52,10.5,4.38,-1.0,-6.0
1.53,10.5,4.34,0.0,-4.0
1.54,10.5,4.28,0.0,-6.0
1.55,10.5,4.21,0.0,-7.0
1.56,10.5,4.15,0.0,-6.0
1.57,10.51,4.09,1.0,-6.0
1.58,10.51,4.04,0.0,-5.0
1.59,10.53,3.99,2.0,-5.0
1.6,10.54,3.95,1.0,-4.0
1.61,10.54,3.93,0.0,-2.0
1.62,10.56,3.88,2.0,-5.0
1.6300000000000001,10.58,3.83,2.0,-5.0
1.6400000000000001,10.6,3.81,2.0,-2.0
1.6500000000000001,10.6,3.8,0.0,-1.0
1.6600000000000001,10.6,3.8,0.0,0.0
1.67,10.6,3.8,0.0,0.0
